467427.0 0.6688687113609322
467427.0 0.8518030903115261
467427.0 0.8025442028066369
467427.0 0.8154935731564201
467427.0 0.8504988423953755
467427.0 0.8539125078982706
467427.0 0.8673089963238663
467427.0 0.8617302227515551
467427.0 0.8342758683037057
467427.0 0.850321837140682
467427.0 0.8051011683710005
467427.0 0.8599458836712778
467427.0 0.8199789962599171
467427.0 0.7650008636981196
467427.0 0.8607014652773305
467427.0 0.8395576579656591
467427.0 0.8330700308236886
467475.0 0.8599606946981885
467547.0 0.8345302169296807
467547.0 0.8338612359024685
467547.0 0.867916205105433
467547.0 0.6993785143311905
467547.0 0.8792927642679176
467547.0 0.7557369648124215
467547.0 0.8202334314891414
467547.0 0.8313664206922685
467547.0 0.7504213522868787
467547.0 0.8782593980430629
467547.0 0.8223898535000048
467547.0 0.8424415400340705
467547.0 0.8356689357202316
467547.0 0.8367073401914416
467547.0 0.8265535453085194
467547.0 0.8592699309107334
467547.0 0.8600503391273788
467547.0 0.8574688550739952
467547.0 0.8838405097621862
467547.0 0.8081742528403454
467547.0 0.8060832373379283
467547.0 0.8564331509775308
467547.0 0.859247770871046
467547.0 0.8923524778276669
467637.0 0.8706315990327235
467832.0 0.8070222640252379
471783.0 0.8068609672032093
473451.0 0.8474711983719595
473616.0 0.8575019524147143
473829.0 0.8564199505402167
475245.0 0.8417613927412076
475419.0 0.7977436211201626
475419.0 0.770204832085285
475419.0 0.8230992591756073
475419.0 0.8796302848925479
475419.0 0.8188241523120234
475419.0 0.8522687731084185
475419.0 0.8365273532006937
475419.0 0.8172869501754974
475419.0 0.8316874709813067
475419.0 0.8554472514268836
475419.0 0.8050144675796108
475419.0 0.7600466247836236
475419.0 0.8386005939845685
475419.0 0.8390120579100305
475419.0 0.7766583047594054
475419.0 0.7927575370245742
475419.0 0.800978092549359
475419.0 0.787305546600232
475419.0 0.7694733862931254
475419.0 0.8132932484140569
475419.0 0.7763217823626268
475419.0 0.7821931392273671
475419.0 0.797420857558467
475419.0 0.8629704363424422
475419.0 0.68091621942179
475419.0 0.8305359042437999
475419.0 0.8150097997523699
475419.0 0.8009552289162133
475419.0 0.8389114244464508
475641.0 0.7871278707458464
475671.0 0.8342595745051886
475671.0 0.8707392278037503
475671.0 0.8649410513676817
475671.0 0.869870317188352
475710.0 0.8314384590858712
475941.0 0.9453903607577644
476175.0 0.8153286956673522
476379.0 0.7788012805506455
477342.0 0.7902768453435771
477615.0 0.8511310424649493
479499.0 0.8748875894451242
479649.0 0.8042088308176125
479775.0 0.8296308738128838
479775.0 0.8744800564241131
479793.0 0.7952870764014078
480309.0 0.8128835194137707
481620.0 0.8337703864772491
481620.0 0.7767203927710956
481620.0 0.8442679992215976
481620.0 0.8230586427894394
481620.0 0.8554608453006586
481620.0 0.7843205545841417
481620.0 0.8101691603962
481620.0 0.8296233054575101
481620.0 0.8099719117972822
481620.0 0.8271581939397067
481620.0 0.6329884204942505
481773.0 0.8211493171905596
481923.0 0.8282470583614344
482043.0 0.8969638584978029
483408.0 0.8112467269705096
483408.0 0.7491802278604527
483408.0 0.7592937804848722
483408.0 0.7819547884093084
483408.0 0.8312788593498492
483408.0 0.6463321588728109
483408.0 0.8118414118998825
483408.0 0.8213686981353354
483408.0 0.7987611930498756
483408.0 0.742027045987795
483408.0 0.7987641172175707
483408.0 0.8220190058080022
483408.0 0.819495535337969
483408.0 0.8310845658766158
483456.0 0.7716426309498299
483567.0 0.724102540826436
483651.0 0.8339994434963036
483651.0 0.8748528147030888
483651.0 0.6896671761399447
483651.0 0.8308373493540548
483651.0 0.768932266130287
483651.0 0.7993067180107013
483651.0 0.802773813222671
483651.0 0.8094733379517607
483651.0 0.8043723516920986
483651.0 0.7986514210479139
483651.0 0.8772370430893575
483651.0 0.7924242415317186
483651.0 0.833557118047696
483651.0 0.8443839695483409
483651.0 0.7900313817362942
483651.0 0.8744210174844832
483699.0 0.7625418678331343
483714.0 0.8038977244557652
483891.0 0.8813652562576482
483939.0 0.8260060878825616
484251.0 0.7664629901980864
485361.0 0.7879091176462105
485484.0 0.7487946009832552
485655.0 0.7918035840141281
485757.0 0.7532473809914753
485838.0 0.7693432046843997
485910.0 0.8014155053490847
486093.0 0.8090994229512877
486246.0 0.8263215712508585
487335.0 0.8120205408536628
487455.0 0.8926256180639865
487575.0 0.818130870400422
487581.0 0.7678512892521007
487602.0 0.787188150684687
487602.0 0.8081753153589021
487602.0 0.8147383844050602
487602.0 0.7840050927897061
487602.0 0.8097203278588156
487602.0 0.7637962764441737
487602.0 0.8243666873111823
487602.0 0.8328953417178058
487602.0 0.8188677531896404
487602.0 0.7813425820219119
487602.0 0.785481854383564
487602.0 0.7557704811655653
487602.0 0.8030898602030969
487602.0 0.7922589562885622
487602.0 0.8306902369674453
487602.0 0.758761065129281
487602.0 0.7820745357184089
487602.0 0.814924086192839
487602.0 0.8195858506280599
487602.0 0.7970236220301727
487602.0 0.8312247399347689
487602.0 0.8129807056851504
487602.0 0.8150381327480355
487602.0 0.798625075627589
487602.0 0.8002637813508229
487602.0 0.8342183665660597
487602.0 0.8045039172993976
487602.0 0.826055482537277
487602.0 0.8447824954672282
487602.0 0.8583345001754173
487602.0 0.7717641194773769
487602.0 0.7961838225657782
487602.0 0.7745173611511206
487602.0 0.8609228674775857
487602.0 0.7734714740303628
487602.0 0.8213091141523661
487602.0 0.7985531876611506
487602.0 0.7588190735150759
487602.0 0.8317238402174026
487602.0 0.7755543026822199
487602.0 0.8038874737942613
487602.0 0.8179494190838384
487602.0 0.7801809648175855
487602.0 0.8510595686607896
487602.0 0.7937456447552813
487602.0 0.7649481024462094
487602.0 0.803679878573364
487602.0 0.7732227206013744
487602.0 0.8383895694508181
487602.0 0.8235264148680203
487602.0 0.8588700018407055
487602.0 0.799747131870522
487602.0 0.8168963679697494
487602.0 0.8178259669488052
487602.0 0.8320410122961435
487602.0 0.7980418551697555
487602.0 0.7985649050966613
487602.0 0.7562568186503775
487602.0 0.8495578577924321
487602.0 0.8042948477519398
487602.0 0.8329799649929334
487602.0 0.6409720887091435
487602.0 0.7671929282688423
487602.0 0.8324944897947351
487602.0 0.7889307404875965
487602.0 0.8589945953007817
487602.0 0.7991562124887096
487602.0 0.7393242723187807
487602.0 0.7645797581852136
487602.0 0.8145099926984719
487602.0 0.7850412925714537
487602.0 0.8099745515221801
487602.0 0.7850741391149736
487602.0 0.827275139161295
487602.0 0.7718235327329929
487602.0 0.8106628873153672
487602.0 0.7922876510482163
487602.0 0.839697251185706
487602.0 0.7342899781000678
487602.0 0.8236663929117541
487602.0 0.8545039973748241
487602.0 0.7984889793669818
487602.0 0.8138797609485054
487602.0 0.8156628069434574
487602.0 0.7910156832727138
487650.0 0.8242666164969131
487656.0 0.7703112575665408
487755.0 0.8031943543682795
487791.0 0.8162046707306708
487818.0 0.8481690501286938
487842.0 0.7782100154267837
487998.0 0.8004969138648881
488076.0 0.8271113699255267
488178.0 0.7833896537710123
488262.0 0.7897752857794037
489612.0 0.8155275942269334
489624.0 0.8389808296413288
489630.0 0.7695947608001584
489726.0 0.7823472630770997
489735.0 0.8124383349222248
490074.0 0.8426885130716152
490383.0 0.7893982266170997
491205.0 0.8240977551872793
491502.0 0.8102824879866013
491532.0 0.75798675724961
491778.0 0.8385658420134863
491982.0 0.7601576459597256
492027.0 0.7672412451221895
493326.0 0.6300158800970905
493326.0 0.7815706211700173
493326.0 0.771170302968087
493326.0 0.7810740231141776
493326.0 0.7123377582927461
493326.0 0.8235693973317549
493326.0 0.7704672843740553
493326.0 0.8131469635384254
493791.0 0.8042194333864771
493878.0 0.8616105203746159
493938.0 0.8070728961448429
493938.0 0.8100538204540568
494100.0 0.7803355347931548
494463.0 0.814450283366748
494688.0 0.7614135980784761
494985.0 0.7814307097246619
494985.0 0.8062305160455943
495228.0 0.7767033867695726
495294.0 0.8104398682905448
495294.0 0.7573838871428427
495294.0 0.7597889288538627
495294.0 0.8154790562650688
495294.0 0.7704767650184259
495294.0 0.8248514719787097
495294.0 0.7494613461051494
495294.0 0.756630958409784
495294.0 0.7721457789830373
495294.0 0.8021572483459237
495294.0 0.7783919762093809
495294.0 0.783783240109552
495294.0 0.8062937374985215
495294.0 0.7607407230049471
495294.0 0.7617349508646635
495294.0 0.8217780780651935
495294.0 0.8012284663259952
495294.0 0.7581999169834551
495294.0 0.7780901693282157
495294.0 0.7977052345130037
495294.0 0.8132674918978482
495294.0 0.7856930603493871
495294.0 0.7713288845144473
495294.0 0.7257070273689377
495294.0 0.8151795650690257
495294.0 0.818284550853545
495294.0 0.7681461527818997
495294.0 0.737828878289229
495294.0 0.8032720733611503
495294.0 0.7558767565601401
495294.0 0.7505503445641063
495294.0 0.7700058974534983
495294.0 0.7897645084714219
495294.0 0.8088556016903545
495294.0 0.772374703301682
495294.0 0.8184927851375923
495294.0 0.7744666625870267
495294.0 0.8303588165564957
495294.0 0.7715014695855227
495294.0 0.78027058189466
495294.0 0.8168924456854907
495294.0 0.8248670384814067
495294.0 0.7626380879782259
495294.0 0.7230487824925155
495294.0 0.7789846524164564
495294.0 0.7773603147286183
495294.0 0.7803008643637801
495294.0 0.7756230819560984
495294.0 0.7509653780796164
495294.0 0.7841742357282773
495294.0 0.7310727230841354
495294.0 0.7788694156123971
495294.0 0.7981177061917478
495294.0 0.8005256010808909
495294.0 0.8103703468091161
495294.0 0.7439220886745945
495294.0 0.7291921950238744
495294.0 0.7981229684994166
495294.0 0.803422224334622
495294.0 0.7639150592379584
495294.0 0.7438914662236042
495294.0 0.6230325532218867
495294.0 0.8078731036866699
495294.0 0.7975020600217761
495294.0 0.7781305048851112
495294.0 0.7841126983300928
495294.0 0.8348532141665314
495294.0 0.7771375930014439
495294.0 0.8000191956111048
495294.0 0.7480898716414626
495294.0 0.7715839515084664
495294.0 0.7707083351170185
495294.0 0.7729574477018488
495294.0 0.7414021047173067
495294.0 0.7625002366017504
495294.0 0.7589684289706405
495294.0 0.7882311113817908
495294.0 0.7687104345848502
495294.0 0.7785207125457689
495294.0 0.7645628730415776
495294.0 0.8066032598714233
495294.0 0.7625376337056072
495294.0 0.826737624900522
495366.0 0.752251668455646
495378.0 0.7356868660539237
495378.0 0.7413288143295831
495819.0 0.7799530711597338
495897.0 0.7576642566695212
495927.0 0.7540182491771428
496008.0 0.7517355942246782
496038.0 0.7426919132380506
496242.0 0.8140241532640593
496317.0 0.8099340136296429
496344.0 0.8000298481167382
497079.0 0.7732204772540808
497247.0 0.8100878023041034
497802.0 0.8797556036010913
497946.0 0.8147052081448007
497976.0 0.8294902234606238
497976.0 0.8054207146967013
498777.0 0.8071166910841965
498825.0 0.8693842508513067
498894.0 0.7718075171308095
498975.0 0.8614259924978903
499155.0 0.7483387206869639
499182.0 0.7988734685921044
499353.0 0.7992825728863835
499353.0 0.7605608646272468
499512.0 0.7590634252341666
499530.0 0.7074169895593798
499530.0 0.714015079361024
499530.0 0.7719692876434514
499530.0 0.7297799839623652
499530.0 0.7351347445922184
499530.0 0.7472124268788815
499530.0 0.6227672192505491
499779.0 0.7799719038333255
499971.0 0.8494533131418215
500010.0 0.7901996957779667
500151.0 0.8003547157009245
500202.0 0.7562560063383851
500358.0 0.8078043697875847
500364.0 0.7484077131848481
500364.0 0.7678137352846384
500364.0 0.7434746305880733
500364.0 0.7452427294690203
500364.0 0.7378236527548085
500364.0 0.7427461652714387
500373.0 0.8540772851895788
500436.0 0.7987050021573489
500490.0 0.8068750256706633
500670.0 0.8420692623477648
500754.0 0.8299896590751016
500796.0 0.7280329420739561
500796.0 0.7744427465508418
500913.0 0.7696211903361974
500985.0 0.7354149377916217
500985.0 0.7772314873215547
501420.0 0.7364647235903579
501483.0 0.7755169323643918
501495.0 0.6821047618260249
501534.0 0.8587786678754809
501558.0 0.7752154589366813
501630.0 0.7984784158507662
501663.0 0.8162059682048577
501663.0 0.7540752678116892
501756.0 0.7637564813733342
501762.0 0.7754648255816513
501807.0 0.8130098019565902
501807.0 0.7502085592591862
502572.0 0.8191634245148776
502746.0 0.835882973947667
503028.0 0.8314495119071047
503511.0 0.7509012636147003
503592.0 0.8132292639222405
503592.0 0.7743571250533093
503622.0 0.8126517018025808
503637.0 0.779683875185991
503667.0 0.8347057370268568
503667.0 0.7408471842961241
503700.0 0.7661162222687136
503730.0 0.6880258855717789
503892.0 0.7624122941414903
503940.0 0.7985136038260496
503958.0 0.7385904211041265
503964.0 0.7389883592470478
503964.0 0.630103254416822
503967.0 0.8103743234662238
504315.0 0.7899364003619938
504408.0 0.8111532897463161
504546.0 0.755407348886582
504810.0 0.8270683559264127
505734.0 0.7970751499977582
505926.0 0.7339077238727111
505926.0 0.738550889483394
505926.0 0.771239647126805
505980.0 0.7370113528467424
506268.0 0.8215954200428338
506379.0 0.8362957553683669
506946.0 0.7425870888189773
506946.0 0.7744261043612856
507048.0 0.736214928840428
507525.0 0.7824767518676631
507615.0 0.8583053526189753
507699.0 0.7562494550492176
507699.0 0.75581757613451
507699.0 0.7169174712925112
507699.0 0.7900308779932926
507699.0 0.7277345479880877
507714.0 0.8601220676863685
507753.0 0.7249907646122277
507753.0 0.7424438412487728
507753.0 0.7405792090413267
507753.0 0.6853453935479588
507816.0 0.7990714701071928
507816.0 0.8010799131889133
508008.0 0.7950435586629286
508143.0 0.743437469843916
508152.0 0.7811417333288053
508164.0 0.8385022187751244
508446.0 0.7814087686821064
509061.0 0.8797278051030961
509178.0 0.7154947978250992
509745.0 0.7813468364186599
509823.0 0.7691859887478764
509949.0 0.8456551374116316
510240.0 0.8226824937749541
510450.0 0.7558411087712482
510666.0 0.77148029279521
510774.0 0.8306296241279719
510774.0 0.770693786974146
510966.0 0.7643906121982806
511320.0 0.7813206042262557
511566.0 0.7930730911317357
511617.0 0.7510998311312128
512037.0 0.7039093558134861
512067.0 0.7913736849888364
512079.0 0.7641275551615538
512133.0 0.8025624131671919
512133.0 0.7024101670633826
512133.0 0.7691930916379948
512133.0 0.7298168423192598
512133.0 0.7425557796889095
512133.0 0.7535717275674262
512133.0 0.7125099367980717
512133.0 0.7213709299015713
512133.0 0.7234651887288223
512133.0 0.7644313484972356
512133.0 0.7322441716386756
512133.0 0.7451990639637104
512133.0 0.7618300159207799
512133.0 0.6943845814490837
512133.0 0.6936888031385674
512133.0 0.7765489984490094
512133.0 0.7477123998279978
512133.0 0.7200146805206098
512133.0 0.7683112914058866
512133.0 0.7377397437512636
512133.0 0.5855171857741519
512133.0 0.7089719961307495
512133.0 0.7361929441962408
512133.0 0.7424508802849973
512133.0 0.7462811160887872
512133.0 0.7531757229108803
512133.0 0.7256744320415633
512133.0 0.7598813736203339
512133.0 0.7228287619882088
512133.0 0.7395251004647305
512133.0 0.7400049602293687
512133.0 0.736733059640478
512133.0 0.699785181238939
512190.0 0.7443832492443705
512190.0 0.7513647405868071
512190.0 0.7271050856733476
512190.0 0.7873241581183301
512190.0 0.7495106036953031
512190.0 0.7381051550991642
512190.0 0.7449001573300752
512190.0 0.7721127590277436
512190.0 0.7084364096675065
512190.0 0.7657445662568323
512190.0 0.7995847983806521
512190.0 0.7675808832251502
512190.0 0.7220172604573781
512190.0 0.7525253128105914
512190.0 0.7769816598705777
512190.0 0.7750684496821443
512190.0 0.731598475941625
512190.0 0.7726433123875317
512190.0 0.7248374133428181
512190.0 0.7784979068653556
512190.0 0.7687568525671001
512190.0 0.7534820754958684
512190.0 0.7818931183551424
512190.0 0.7704243884357472
512190.0 0.7247179574767321
512190.0 0.7664981654977964
512190.0 0.7392303677283036
512190.0 0.7559024805595993
512190.0 0.5790523904417294
512190.0 0.750925955930309
512190.0 0.7471499767638147
512190.0 0.7511550342424789
512190.0 0.7443662338510287
512190.0 0.740898256485069
512190.0 0.6652344552329096
512190.0 0.7598653232592013
512190.0 0.7332565153402841
512190.0 0.7089862125169081
512301.0 0.814687865171889
512385.0 0.7960063341654332
512409.0 0.7883612947585962
512475.0 0.7432666965732873
512475.0 0.7339139425233905
512475.0 0.7498730490730376
512475.0 0.7192931826188678
512475.0 0.7825213021675265
512475.0 0.7416496077720987
512475.0 0.7560784052041585
512475.0 0.725421828873209
512475.0 0.7372798027978943
512475.0 0.7865896734011594
512475.0 0.5951847252734159
512475.0 0.7518662627481025
512475.0 0.7147690930795403
512475.0 0.7483113827121911
512475.0 0.7285494821823846
512475.0 0.769565646430067
512475.0 0.7517824378206497
512727.0 0.7992698487108586
512739.0 0.7751783035581544
512892.0 0.7414315785311397
512907.0 0.740480831870026
513504.0 0.736421596832889
513633.0 0.7181321387720002
513849.0 0.7539127919733036
514059.0 0.7125970258986275
514281.0 0.7697855943115766
514296.0 0.7665505510977078
514428.0 0.7751593675409202
514428.0 0.629057140404763
514428.0 0.7741048193098409
514428.0 0.7210779656430337
514428.0 0.7334359204496855
514428.0 0.7193705522832186
514428.0 0.7407642256923581
514428.0 0.7354325594761691
514428.0 0.7194961001872549
514428.0 0.763147295066898
514428.0 0.742502399935221
514428.0 0.7478465368092773
514428.0 0.7301441126517798
514428.0 0.7501840521049977
514428.0 0.7283130616281516
514428.0 0.7072015269447098
514428.0 0.7305477893346257
515358.0 0.7827074913513531
515490.0 0.766784818414134
515766.0 0.8339248291760201
515982.0 0.7817716469516162
516081.0 0.7122506925312271
516081.0 0.7210832543560809
516087.0 0.7624502858529877
516216.0 0.7164519000141985
516366.0 0.7746033187038396
516366.0 0.7286107409584913
516393.0 0.8078910473502138
516420.0 0.7814453175405796
516453.0 0.7357585152284548
516456.0 0.7475775381518345
516474.0 0.7536618259786496
516681.0 0.6879039699849013
516687.0 0.7469908284424633
516966.0 0.8127305306101283
516975.0 0.7067865198727508
517134.0 0.7814898059625577
517335.0 0.65668968881071
517635.0 0.7984364102807149
517932.0 0.8273200962503088
518043.0 0.7461727969651367
518061.0 0.7568673942091894
518328.0 0.743172759385562
518328.0 0.7271368959045771
518328.0 0.7088487256555783
518331.0 0.7496121126753849
518421.0 0.7321935756556949
518475.0 0.7813135334482768
518664.0 0.7534386745617879
518676.0 0.7328989523102774
518784.0 0.6714183093290127
518865.0 0.7560803338031132
519150.0 0.8484689444694531
519384.0 0.6554843042265398
519552.0 0.8468921981616145
519780.0 0.6684657958021583
520149.0 0.7968964705839275
520263.0 0.7033954756295665
520626.0 0.7059089242642725
520638.0 0.7292208666952642
521052.0 0.7885542229632078
521166.0 0.7360283364449005
521346.0 0.7127044089808476
521382.0 0.7812574383227905
521634.0 0.7779426737386004
521892.0 0.7386482256772812
522132.0 0.7403268685111383
522132.0 0.660194273805939
522132.0 0.7373813076987187
522132.0 0.6244377633364457
522132.0 0.723364151951671
522132.0 0.8048407528119719
522132.0 0.708169853009268
522132.0 0.7137806032686778
522132.0 0.7194945934774505
522132.0 0.7823923137241339
522132.0 0.7613184146095977
522237.0 0.8019135718759367
522570.0 0.8047186614647766
522576.0 0.6944583380597164
523128.0 0.7233150026892636
523137.0 0.7086436259539609
523200.0 0.7606300122630979
523281.0 0.7924240264633354
523308.0 0.6873806147999424
523812.0 0.7394937151657016
523932.0 0.7449372565942415
524148.0 0.7269844788774317
524193.0 0.6503408744904632
524202.0 0.7702229105805247
524274.0 0.7819036667416598
524286.0 0.8109922253616997
524298.0 0.7374436025103959
524460.0 0.6923122578895535
524505.0 0.7480634686672517
524979.0 0.762041069205464
525042.0 0.8155757426545194
525240.0 0.8026136393091836
525276.0 0.7234487441481602
525468.0 0.7444124269531491
525522.0 0.6859892688254182
525546.0 0.7324205300910528
526002.0 0.7995960586996668
526068.0 0.7347878541129688
526218.0 0.822171428181148
526236.0 0.7306265200838932
526236.0 0.7249468817986113
526287.0 0.8258526967685289
526350.0 0.7577418906312154
526350.0 0.7512340856949266
526350.0 0.7172013982154225
526350.0 0.78325413591836
526350.0 0.7614153603477943
526350.0 0.7950784785527548
526350.0 0.7049679472046142
526350.0 0.6642844882618402
526350.0 0.7540191203063511
526350.0 0.7504352612026424
526350.0 0.7318664526853167
526371.0 0.8012890162256711
526623.0 0.7380174207827768
526866.0 0.7549873846730125
526920.0 0.7565720816148924
527076.0 0.7134283095945283
527307.0 0.7332301341643128
527685.0 0.7352927449278152
528018.0 0.7818523177242402
528060.0 0.7626535216630677
528135.0 0.8366384489608112
528303.0 0.686546380542471
528507.0 0.5812536001587638
528507.0 0.731662693470091
528726.0 0.6758162268919841
528774.0 0.764933705716284
528828.0 0.6714819585932389
528828.0 0.5604790709349542
528852.0 0.7906628799180224
528882.0 0.8379802361662478
528987.0 0.7911304871887388
528996.0 0.6591283524628617
529017.0 0.7220396873527086
529074.0 0.769312376376555
529359.0 0.728853905554449
529380.0 0.7434092386620591
529479.0 0.8673780621590704
529704.0 0.7634456939818136
529998.0 0.7421344330246384
530058.0 0.7350641931896185
530058.0 0.7848736971027443
530244.0 0.6920875835299776
530331.0 0.7356189804188411
530412.0 0.7689934123265924
530694.0 0.7970717641370128
530850.0 0.7919658277168926
530928.0 0.7003547770125716
531006.0 0.8594546886251596
531405.0 0.7967948244243609
531453.0 0.7788207277262068
531990.0 0.7772217096856445
532122.0 0.732326756619203
532260.0 0.8305701071724527
532725.0 0.6674865064732017
532725.0 0.7093279143178545
532920.0 0.7823024257686698
533055.0 0.7708652891488587
533055.0 0.8075418919464125
533088.0 0.6702719866622059
533202.0 0.6142780088321288
533574.0 0.7869763137365156
533637.0 0.7277947118116824
533637.0 0.7152046903018705
533652.0 0.7152153457330569
533652.0 0.7085942748084939
533829.0 0.8015549154421061
534108.0 0.7418573848934386
534132.0 0.7800229247189737
534651.0 0.6819610810297838
534693.0 0.7339206631864694
534744.0 0.7678416444960284
534744.0 0.6268447301405443
534744.0 0.7995224866241291
534744.0 0.7996942985819528
534786.0 0.8214479123615536
534786.0 0.8593204817620279
534786.0 0.8146737363410369
534786.0 0.8113789819385514
534786.0 0.7699169449709572
534810.0 0.8134990067126034
535092.0 0.6466250147149427
536301.0 0.7040039964947132
536343.0 0.7366977941643942
536391.0 0.8191519716947878
536400.0 0.7320183786274472
537018.0 0.6899686999140453
537018.0 0.7436662118899384
537018.0 0.7560835778058927
537162.0 0.7077087169334701
538260.0 0.7302440315154698
538464.0 0.8420812451445978
538584.0 0.8099129924243516
538866.0 0.8439186269741901
538914.0 0.8604218195344074
538914.0 0.6787937431973502
538923.0 0.7218033023272004
539238.0 0.7673036781258981
539298.0 0.7450978731139347
539391.0 0.7382936785920474
539418.0 0.6681809512073289
539571.0 0.7541324442434518
539571.0 0.7615641142689296
539814.0 0.6560440279695041
540510.0 0.7282983651299239
540651.0 0.77709658332035
540693.0 0.8258975207870971
541038.0 0.6905508641400359
541038.0 0.6551558975544075
541380.0 0.8023263311144913
541632.0 0.7115838660184478
541644.0 0.7240475858342762
542238.0 0.68262783379698
542418.0 0.6926512165291102
542634.0 0.8286446150609609
542634.0 0.8045342690541165
543330.0 0.6718299630568495
543747.0 0.7567345008117793
543933.0 0.6950729300126205
544290.0 0.7843653485919216
544314.0 0.8531623072520577
544776.0 0.700383082833546
544776.0 0.7543966813464895
544776.0 0.7555593194396157
544776.0 0.7755985876906931
544776.0 0.7767270608294271
545010.0 0.6909551308654682
545010.0 0.694490309057913
545112.0 0.6509591498484719
545802.0 0.855599386776631
546372.0 0.7697958742362729
547014.0 0.5980020727975939
547305.0 0.717855992211966
547944.0 0.5871596644690878
548280.0 0.7376552462825986
548280.0 0.8291777699144626
548487.0 0.7067708364095665
549024.0 0.792365935722288
549156.0 0.6245704232352449
549192.0 0.7601886083892082
549201.0 0.7321119466096028
549201.0 0.8171349391556092
549228.0 0.7428089991624571
549228.0 0.7030919348864002
549228.0 0.5439247618777044
549372.0 0.790669997744824
549501.0 0.7394682118632839
549912.0 0.652769060446675
550296.0 0.7694596135269977
551022.0 0.6114520595122043
551457.0 0.7818194134869636
551658.0 0.7201908088583278
551748.0 0.8142366595312795
551985.0 0.7503040662663018
552552.0 0.7117476880971889
553062.0 0.6554216149823915
553248.0 0.7327351881423955
553302.0 0.7830695046890687
553509.0 0.6885690539833971
553536.0 0.7393252580957799
553536.0 0.5821613916911154
554088.0 0.7010372009358927
554259.0 0.7398197114214397
554703.0 0.7081021118990288
554850.0 0.7989652793364105
554850.0 0.807277446136834
556152.0 0.7192532555136276
557658.0 0.7418307979051548
557673.0 0.7432364737682197
557673.0 0.8350262493268731
557673.0 0.8232397781735925
557841.0 0.6356438149394723
557922.0 0.6859324025617498
557973.0 0.8077013858652924
559398.0 0.7150204083426946
559572.0 0.7012652080245135
560244.0 0.7552406668981795
560310.0 0.578524535385447
560823.0 0.6681372912147485
561351.0 0.7840886173578016
561723.0 0.8287470118964039
561723.0 0.7962337825283833
561723.0 0.7475265488561257
561723.0 0.7707141886420563
562236.0 0.7755346445078801
563094.0 0.7697688715646935
563343.0 0.7810316829487483
563571.0 0.8325944339320434
564102.0 0.7116723020551742
564696.0 0.6857144208429798
565137.0 0.7876238974991708
565893.0 0.7512989944800453
566040.0 0.8021088891326359
566163.0 0.6052665361310309
566163.0 0.7465891357793438
566460.0 0.8277426702281621
566631.0 0.7646403975157188
566808.0 0.6726064019047066
568827.0 0.7152765788745208
569514.0 0.6871215025180627
570303.0 0.6962963647741545
570558.0 0.7003077656224617
571362.0 0.5869275348687294
573135.0 0.714534218809909
573945.0 0.7773574979997913
573960.0 0.6320844524053855
574230.0 0.6853022389954402
574896.0 0.7338617502623686
577674.0 0.748797416585786
578091.0 0.4960447368448408
578196.0 0.6746477205459824
580020.0 0.6452786478564099
581244.0 0.7726313217469244
581301.0 0.75856831921248
581334.0 0.7482616083651424
581508.0 0.7143264602650824
582393.0 0.7483836804120412
584355.0 0.6568627172723082
584991.0 0.6842077475798726
585588.0 0.6955290994300939
585870.0 0.7355489581917409
586515.0 0.6608389523477297
587607.0 0.6241383703247049
587664.0 0.7474835778453786
587778.0 0.6933986359942922
588048.0 0.7416199417309685
588078.0 0.7583535863255673
588192.0 0.8457691613914713
588267.0 0.769099050970046
588351.0 0.6838989351728127
588351.0 0.7225048144801265
588561.0 0.6794120745161155
589200.0 0.6794159707367518
589797.0 0.7056039915684947
590475.0 0.7683493979589068
590538.0 0.7656787874516147
591849.0 0.6316949038622954
593586.0 0.772569531983703
593841.0 0.6281437726462522
593841.0 0.5574152063174296
595062.0 0.7286374575600304
595737.0 0.7051878325207368
595938.0 0.8384407921175507
596199.0 0.7363490305830979
596358.0 0.7528523541877434
596793.0 0.6820917040740454
598692.0 0.6224749287986557
599532.0 0.6669071400552836
600150.0 0.6900094312981045
601881.0 0.6694129976337958
602613.0 0.704583787508643
602769.0 0.6880883603303041
604806.0 0.7294989535962678
605307.0 0.6421314256356054
605511.0 0.764521361147466
605799.0 0.6271385625225507
607293.0 0.6203307391528782
607383.0 0.5982189536586656
608616.0 0.7390120040844937
610317.0 0.526625077627167
610893.0 0.5033251866450926
610998.0 0.510139621652927
612186.0 0.7012899114741368
612396.0 0.6714156371174895
612432.0 0.7213842560311154
612765.0 0.6529908887243776
612984.0 0.6154851865297887
613728.0 0.645824744274561
614274.0 0.7337126339953998
615042.0 0.6412198177498005
615438.0 0.6130718963628624
615723.0 0.6093317396446154
617052.0 0.7109835603035992
617727.0 0.6577229394640152
618048.0 0.7179384521146395
618204.0 0.6272610202712491
618399.0 0.6160321340355113
619656.0 0.6339468880742825
619779.0 0.6654681236264051
619872.0 0.6697182989467325
620553.0 0.7464134307208421
621783.0 0.6831731553515443
622332.0 0.6332642608750425
622545.0 0.6090952106868586
622857.0 0.606126324735623
622953.0 0.6390841649843537
623454.0 0.6450960737929321
623595.0 0.7260062575300069
623772.0 0.6734814255735406
623865.0 0.8063659378629676
