446430.0 0.713319269836248
446430.0 0.807184454559461
446430.0 0.8756051261975751
446430.0 0.8448537787257292
446430.0 0.795891937205835
446430.0 0.8870827323314091
446430.0 0.8015087377240215
446430.0 0.844760718526281
446430.0 0.8387756456261616
446430.0 0.817920505118416
446430.0 0.8479572847730014
446430.0 0.8016283192174342
446430.0 0.8169663904925746
446430.0 0.8311384212621424
446430.0 0.7806528263790388
446430.0 0.8323357489495522
446430.0 0.8494808066685785
446430.0 0.8016154741731457
446430.0 0.8066838110590784
446430.0 0.8255327444076344
446430.0 0.803510745252969
446430.0 0.8473748075927513
446430.0 0.808754733244637
446430.0 0.79637340326543
446430.0 0.8021878729580911
446430.0 0.8167958319077827
446430.0 0.8799071642336422
446430.0 0.8044409723463324
446430.0 0.8150736980776263
446430.0 0.8223804082447183
446430.0 0.8379300848331742
446556.0 0.8187255944054879
446673.0 0.8317720616066888
446673.0 0.8059760380392889
446673.0 0.8590878411306866
446673.0 0.8648913425999201
446673.0 0.8424508875138853
446673.0 0.8422889740160624
446673.0 0.8340855257993505
446673.0 0.80916930515234
446673.0 0.8194656969625211
446673.0 0.8513378563639243
446673.0 0.8348812748490979
446673.0 0.8179652182258201
446673.0 0.8388076966450828
446673.0 0.8264647935353221
446673.0 0.7754729678878453
446673.0 0.8426568736084488
446673.0 0.8827047011833801
446673.0 0.8525057462278703
446673.0 0.8624825133366839
446673.0 0.851178977908037
446673.0 0.8484144619253537
446673.0 0.8575141474882648
446673.0 0.8251262799987793
446673.0 0.8832769736403681
446673.0 0.8212816780659341
446673.0 0.8530421693944761
446673.0 0.8636346386350565
446673.0 0.818373855104029
446673.0 0.8451004948303253
446673.0 0.8762688595567114
446673.0 0.8471762648616721
446673.0 0.7517393672188816
446673.0 0.8551139851919602
446673.0 0.8306358158256497
446673.0 0.8227829625432979
446673.0 0.8231032254281262
446673.0 0.8218752477384156
446673.0 0.844209617742131
446673.0 0.8365276626557226
446673.0 0.8887653368557684
446673.0 0.8616034093189856
446673.0 0.8262697181347862
446673.0 0.8241051564258003
446673.0 0.8224150583456868
446673.0 0.8622011054206071
446673.0 0.8822800690131267
446673.0 0.8263537566778465
446673.0 0.8536231888374406
446673.0 0.8133454676253596
446673.0 0.813736398379391
446673.0 0.833723864992553
446673.0 0.8293198415463122
446673.0 0.8250499507086639
446673.0 0.8226227443209606
446673.0 0.8516649416022315
446673.0 0.8442357035394219
446673.0 0.8614689320786982
446673.0 0.8120524232140985
446745.0 0.8148330630761795
446745.0 0.8411170385305862
446802.0 0.8273896407633784
448893.0 0.8174717915737798
449625.0 0.8707577761313422
449928.0 0.8367672606348844
450171.0 0.8672728680624476
450171.0 0.8639575951000279
450171.0 0.7309002676975667
450171.0 0.8266132380810428
450171.0 0.8741760727597078
450171.0 0.8642006433272925
450171.0 0.8391210181978652
450171.0 0.8604145146336795
450171.0 0.8302780689367297
450171.0 0.8320883657886695
450171.0 0.8116011651527691
450171.0 0.8948802726143862
450171.0 0.8540169654097012
450171.0 0.8547923142506794
450171.0 0.8731472732056786
450171.0 0.8959459137315999
450171.0 0.8744149723577412
450171.0 0.8891635077877269
450171.0 0.8867248707908614
450171.0 0.890603987825561
450171.0 0.8822721776124791
450171.0 0.8513453275196182
450171.0 0.8575123786203901
450171.0 0.8946003146783212
450171.0 0.8645988662176235
450171.0 0.8805051014610422
450171.0 0.8933451593281224
450171.0 0.8184632899675329
450171.0 0.880082569416851
450171.0 0.8369725006187915
450171.0 0.8320996412486401
450171.0 0.8565605643167444
450171.0 0.8276741304706288
450171.0 0.8319148121123857
450171.0 0.8421169680390478
450171.0 0.858859871900309
450171.0 0.8968536438908863
450171.0 0.9446049816598187
450171.0 0.8645282583829542
450171.0 0.854515314399727
450171.0 0.8248075579484572
450171.0 0.859375511478935
450171.0 0.8359602829761071
450171.0 0.8445641022021037
450171.0 0.8651074480743753
450171.0 0.8536946228135219
450171.0 0.8264036243780304
450171.0 0.8464663674912373
450171.0 0.8453429105718959
450171.0 0.8784904527660973
450171.0 0.8482799733587807
450171.0 0.8410234741290888
450171.0 0.8724503625442449
450171.0 0.8594051658014651
450171.0 0.8509721048862644
450171.0 0.8533356398123952
450171.0 0.8289866455146369
450171.0 0.8375860620334054
450171.0 0.874292714608792
450426.0 0.8293069159077796
450606.0 0.8637661901648179
450609.0 0.8569921871927546
450615.0 0.8791767307774869
450651.0 0.7886357774077394
450651.0 0.8190941046954138
450810.0 0.8613380181844555
451029.0 0.8244234456316972
452361.0 0.8225080676756489
452412.0 0.8425427762017921
452685.0 0.8056936948122948
452874.0 0.8649017132475397
453009.0 0.8523083284186325
453174.0 0.8161218628522279
453174.0 0.880230381662119
453174.0 0.796895558056982
453174.0 0.9065007048910092
453174.0 0.882610317861773
453174.0 0.8516253636856409
453174.0 0.8545538348299488
453174.0 0.8067204045213523
453174.0 0.8711154601608534
453174.0 0.8198925359958896
453174.0 0.7266290796098769
454311.0 0.8169716464041452
454407.0 0.8428332246037973
454581.0 0.8733798228568044
454581.0 0.8291033020731821
454857.0 0.8368260235106488
454971.0 0.8705253427138976
454971.0 0.8329415588540959
454971.0 0.8777029836784125
454971.0 0.9062715033874711
454971.0 0.84963229658045
454971.0 0.8704878905351793
454971.0 0.8797930762048752
454971.0 0.8745895436837193
454971.0 0.8364016583735138
454971.0 0.864867039643896
454971.0 0.8098296366532428
454971.0 0.8754815104197721
454971.0 0.8397773742734167
454971.0 0.7423497503951618
454971.0 0.8630881841614998
454971.0 0.8870541353164192
454971.0 0.8800908100143012
454971.0 0.8563612063277675
454971.0 0.8680774874165061
454971.0 0.8172369101106168
454971.0 0.8840949401361827
454971.0 0.8657298053413646
456123.0 0.8757364754317974
456435.0 0.8586380501384461
456816.0 0.8790652601200313
456975.0 0.8812198668650105
457095.0 0.8413185793291245
457116.0 0.8051861815745914
457299.0 0.8468891967326556
458289.0 0.8459353619948905
458337.0 0.873341798084552
458424.0 0.8387024121923641
458559.0 0.813509363614937
458571.0 0.7712249509432741
458754.0 0.8586276181850365
458796.0 0.754961475936414
458820.0 0.8119686688810432
458973.0 0.8481471544536213
458973.0 0.8533605949847274
458973.0 0.8998486887352475
459051.0 0.8753844623865842
459051.0 0.8377742102595963
459051.0 0.8139047683790032
459051.0 0.8202543475600557
459051.0 0.8213072287053296
459051.0 0.8509078924335102
459051.0 0.8898782052510372
459051.0 0.8497438530714052
459051.0 0.8601688861415085
459051.0 0.8682260401098691
459051.0 0.873789571386072
459117.0 0.8976816824845598
459117.0 0.8875810698589708
459117.0 0.8902914382532288
459117.0 0.8959600179686851
459117.0 0.8764836458250684
459117.0 0.7413248724191668
459117.0 0.8598082877985774
459117.0 0.8987067353392398
459117.0 0.818275292265196
459117.0 0.8319959707010133
459117.0 0.8736152652888854
459117.0 0.8502358227984486
459117.0 0.8498616513656896
459117.0 0.8215010562500675
459117.0 0.8553359057812412
459117.0 0.8618795707512455
459117.0 0.8593959772390141
459117.0 0.8800685112230857
459117.0 0.8912472565385637
459117.0 0.84759070856769
459117.0 0.8512389497279775
459117.0 0.8608321546082907
459117.0 0.8345902717368082
459117.0 0.9122700623897452
459117.0 0.8785631682997045
459117.0 0.9006712062945041
459117.0 0.8268626415374786
459117.0 0.8215537581081573
459117.0 0.8845898054639021
459207.0 0.8381263434720505
459240.0 0.8516527847957637
459399.0 0.8246131884447627
459438.0 0.8382960125356258
459507.0 0.7890582160009627
460353.0 0.8842178584120415
460353.0 0.9054994669586262
460353.0 0.9443974547411983
460353.0 0.9300614020279672
460353.0 0.8737022803913193
460353.0 0.9302659186754801
460353.0 0.8852043990832938
460353.0 0.8911301969543515
461160.0 0.8764376630140348
461214.0 0.8472623463883306
461304.0 0.9022853243832565
461439.0 0.8356603308650151
461832.0 0.8517468417887296
461952.0 0.8366474965174598
461967.0 0.8405153479388052
462111.0 0.8964767832749434
462387.0 0.828339320336118
462627.0 0.7925744702713191
462672.0 0.9042539705946464
462825.0 0.8433045204252173
462825.0 0.8165289408562431
463053.0 0.8643955281594353
463053.0 0.7330742854196983
463053.0 0.8631686638264241
463053.0 0.8348040049012231
463053.0 0.8923880876422865
463302.0 0.8359350398608164
463311.0 0.8065493659010234
463311.0 0.8813760410910796
463329.0 0.8096678430906229
463416.0 0.8111059350310159
463497.0 0.9059514694225032
463503.0 0.7429082371059509
463545.0 0.836052131905948
464199.0 0.8356013796425922
464463.0 0.8693607091384854
464463.0 0.8184800378647809
464463.0 0.8738143705006136
464943.0 0.8451883548381738
465357.0 0.7899248152138402
465678.0 0.8128163781443433
465936.0 0.8677945388531803
466320.0 0.9020794260508862
466581.0 0.8581765497927398
466845.0 0.7705883313927112
466893.0 0.8330894328918784
466965.0 0.778822147315577
466965.0 0.8682331887355084
466965.0 0.8028194514829615
466965.0 0.8503127618251509
466965.0 0.8701825433583714
466965.0 0.7022411179031508
466965.0 0.8132853444666274
466965.0 0.8329912775923946
466965.0 0.8914383833426226
466965.0 0.9133052722095854
466965.0 0.8113100725809499
466965.0 0.8220756605025203
466965.0 0.8502163789678646
466965.0 0.8779605476884097
467427.0 0.873335966744445
467427.0 0.8539125078982706
467427.0 0.8543955394501637
467427.0 0.8368397052319715
467427.0 0.851053840814165
467427.0 0.8925354857285344
467427.0 0.8154935731564201
467427.0 0.8395576579656591
467427.0 0.8076064585000408
467427.0 0.8025442028066369
467427.0 0.8504988423953755
467427.0 0.8518030903115261
467427.0 0.8342758683037057
467427.0 0.8330700308236886
467427.0 0.8372682964422333
467427.0 0.8412040108983747
467427.0 0.8582522585678853
467427.0 0.8673089963238663
467427.0 0.8199789962599171
467427.0 0.7650008636981196
467427.0 0.8691178825321576
467427.0 0.8607014652773305
467427.0 0.8416274459563077
467427.0 0.8293293779854598
467427.0 0.8599458836712778
467427.0 0.8045894997401211
467427.0 0.664488545286937
467427.0 0.8051011683710005
467427.0 0.7817376432880319
467427.0 0.826193341346555
467427.0 0.8576405705069715
467427.0 0.8023220268038708
467427.0 0.8683382658713351
467427.0 0.8059194671984694
467427.0 0.8176208366044232
467427.0 0.8222714150147672
467427.0 0.8025184379647121
467427.0 0.8617302227515551
467427.0 0.850321837140682
467475.0 0.8599606946981885
467484.0 0.8984335821620293
467487.0 0.8129517613445624
467547.0 0.8574688550739952
467547.0 0.8592699309107334
467547.0 0.8265535453085194
467547.0 0.7557369648124215
467547.0 0.8838405097621862
467547.0 0.8313664206922685
467547.0 0.8792927642679176
467547.0 0.8223898535000048
467547.0 0.859247770871046
467547.0 0.8782593980430629
467547.0 0.8081742528403454
467547.0 0.8424415400340705
467547.0 0.8338612359024685
467547.0 0.8600503391273788
467547.0 0.8923524778276669
467547.0 0.8060832373379283
467547.0 0.867916205105433
467547.0 0.8564331509775308
467547.0 0.8356689357202316
467547.0 0.6993785143311905
467547.0 0.8367073401914416
467547.0 0.8345302169296807
467547.0 0.9113121489645474
467547.0 0.7504213522868787
467547.0 0.8202334314891414
467637.0 0.8706315990327235
467745.0 0.8494740825266089
467751.0 0.7845286678085973
467781.0 0.8839615168713834
467832.0 0.8070222640252379
467850.0 0.8295622116277176
467853.0 0.8542657259815305
467883.0 0.8712368278893572
467949.0 0.7407422546828641
468015.0 0.7578161928968249
468147.0 0.8358528341009387
468393.0 0.7998980033762952
469287.0 0.8887398619003795
469401.0 0.8208018952153657
469455.0 0.8380502261312395
469851.0 0.7533851566154912
470448.0 0.8553730973580955
470685.0 0.7892791842749819
470808.0 0.8313215083025125
470889.0 0.8630499084562807
470901.0 0.8531034928516562
471099.0 0.8858274175433624
471177.0 0.89178766449322
471195.0 0.8594439700088027
471195.0 0.795922478987569
471219.0 0.844190082907636
471273.0 0.8729998644808029
471513.0 0.8346945017338212
471693.0 0.8529038688809899
471756.0 0.809946483112122
471783.0 0.8068609672032093
471930.0 0.851677762169919
471972.0 0.8129635849545911
472068.0 0.8756829603160386
472515.0 0.7699021984738449
472695.0 0.7956682551550943
473085.0 0.8426204996745044
473451.0 0.8474711983719595
473586.0 0.9125503676583419
473610.0 0.873301358652815
473616.0 0.8575019524147143
473655.0 0.838537565749933
473829.0 0.8564199505402167
474036.0 0.7274934062497178
475131.0 0.8271783687366672
475170.0 0.9133217944876773
475239.0 0.841566381860875
475245.0 0.8417613927412076
475293.0 0.8416477214881541
475344.0 0.8048501320336641
475419.0 0.8554472514268836
475419.0 0.8629704363424422
475419.0 0.797420857558467
475419.0 0.8522687731084185
475419.0 0.8305359042437999
475419.0 0.7927575370245742
475419.0 0.8009552289162133
475419.0 0.770204832085285
475419.0 0.7763217823626268
475419.0 0.7766583047594054
475419.0 0.8365273532006937
475419.0 0.787305546600232
475419.0 0.68091621942179
475419.0 0.800978092549359
475419.0 0.8796302848925479
475419.0 0.8188241523120234
475419.0 0.8389114244464508
475419.0 0.8050144675796108
475419.0 0.7600466247836236
475419.0 0.8172869501754974
475419.0 0.8386005939845685
475419.0 0.7977436211201626
475419.0 0.8316874709813067
475419.0 0.8132932484140569
475419.0 0.7821931392273671
475419.0 0.8230992591756073
475419.0 0.8150097997523699
475419.0 0.8390120579100305
475419.0 0.7694733862931254
475425.0 0.8940730698715379
475437.0 0.7829563155819471
475485.0 0.7543435199634216
475641.0 0.7871278707458464
475671.0 0.869870317188352
475671.0 0.8342595745051886
475671.0 0.8649410513676817
475671.0 0.8707392278037503
475680.0 0.8037057644467633
475710.0 0.8314384590858712
475728.0 0.9077590654855432
475872.0 0.7539079099713676
475911.0 0.8291451397682943
475941.0 0.9453903607577644
476025.0 0.8531972546848777
476127.0 0.8185828542344467
476175.0 0.8153286956673522
476379.0 0.7788012805506455
476379.0 0.8543121120093151
476529.0 0.8634740947456856
476541.0 0.8185506656209396
476784.0 0.8480270027574512
477261.0 0.7516922319023112
477342.0 0.7902768453435771
477615.0 0.8511310424649493
478188.0 0.8926155806770717
478446.0 0.8152951190296202
479013.0 0.8616986304043857
479049.0 0.7971416230801303
479217.0 0.8138813538379257
479286.0 0.836430823977593
479289.0 0.8385843861231899
479499.0 0.8748875894451242
479505.0 0.8265864252136988
479514.0 0.7879585090884628
479649.0 0.8042088308176125
479775.0 0.8296308738128838
479775.0 0.8744800564241131
479793.0 0.7952870764014078
480255.0 0.8666841488957571
480309.0 0.8128835194137707
480579.0 0.8080760039014615
480585.0 0.8211124876289668
481257.0 0.8176979574734926
481620.0 0.8554608453006586
481620.0 0.8337703864772491
481620.0 0.8271581939397067
481620.0 0.8099719117972822
481620.0 0.6329884204942505
481620.0 0.8296233054575101
481620.0 0.8442679992215976
481620.0 0.7843205545841417
481620.0 0.8101691603962
481620.0 0.7767203927710956
481620.0 0.8230586427894394
481767.0 0.685927343075721
481773.0 0.8211493171905596
481923.0 0.8282470583614344
481932.0 0.7652269030066943
482007.0 0.8381121721815652
482043.0 0.8969638584978029
482157.0 0.8319360209587294
482511.0 0.8084446991139933
483222.0 0.8153841115830497
483408.0 0.8213686981353354
483408.0 0.742027045987795
483408.0 0.7987611930498756
483408.0 0.7819547884093084
483408.0 0.8310845658766158
483408.0 0.8220190058080022
483408.0 0.819495535337969
483408.0 0.8312788593498492
483408.0 0.6463321588728109
483408.0 0.7592937804848722
483408.0 0.8112467269705096
483408.0 0.7491802278604527
483408.0 0.7987641172175707
483408.0 0.8118414118998825
483456.0 0.7716426309498299
483567.0 0.724102540826436
483576.0 0.9529741843801911
483651.0 0.7986514210479139
483651.0 0.8339994434963036
483651.0 0.7900313817362942
483651.0 0.8308373493540548
483651.0 0.7993067180107013
483651.0 0.833557118047696
483651.0 0.802773813222671
483651.0 0.8772370430893575
483651.0 0.8744210174844832
483651.0 0.7924242415317186
483651.0 0.8443839695483409
483651.0 0.768932266130287
483651.0 0.8043723516920986
483651.0 0.8094733379517607
483651.0 0.8748528147030888
483651.0 0.6896671761399447
483657.0 0.8683190397870115
483699.0 0.7625418678331343
483714.0 0.8038977244557652
483756.0 0.794166290823538
483891.0 0.8813652562576482
483912.0 0.8172912919420937
483939.0 0.8260060878825616
483993.0 0.7567003652000983
484041.0 0.8017778073136221
484119.0 0.8496274689758121
484251.0 0.7664629901980864
484332.0 0.7323766119252821
484659.0 0.8072157824900972
485340.0 0.8555510071104248
485361.0 0.7879091176462105
485388.0 0.8258454577894065
485466.0 0.7982855019534923
485484.0 0.7487946009832552
485655.0 0.7918035840141281
485715.0 0.85755333677152
485757.0 0.7532473809914753
485838.0 0.7683619117327684
485838.0 0.7693432046843997
485910.0 0.8014155053490847
486093.0 0.8090994229512877
486246.0 0.8263215712508585
486351.0 0.7553108227694139
486507.0 0.7931682954474327
487137.0 0.8077625718894517
487335.0 0.8120205408536628
487455.0 0.8926256180639865
487488.0 0.7807416370653188
487575.0 0.818130870400422
487581.0 0.7678512892521007
487602.0 0.8328953417178058
487602.0 0.787188150684687
487602.0 0.7813425820219119
487602.0 0.758761065129281
487602.0 0.785481854383564
487602.0 0.8588700018407055
487602.0 0.8030898602030969
487602.0 0.8106628873153672
487602.0 0.8097203278588156
487602.0 0.7557704811655653
487602.0 0.8317238402174026
487602.0 0.7970236220301727
487602.0 0.7850741391149736
487602.0 0.7937456447552813
487602.0 0.7889307404875965
487602.0 0.7745173611511206
487602.0 0.7649481024462094
487602.0 0.799747131870522
487602.0 0.7671929282688423
487602.0 0.8150381327480355
487602.0 0.8243666873111823
487602.0 0.7922876510482163
487602.0 0.8236663929117541
487602.0 0.826055482537277
487602.0 0.8156628069434574
487602.0 0.8213091141523661
487602.0 0.7801809648175855
487602.0 0.7840050927897061
487602.0 0.8342183665660597
487602.0 0.7991562124887096
487602.0 0.6409720887091435
487602.0 0.8447824954672282
487602.0 0.8002637813508229
487602.0 0.8320410122961435
487602.0 0.8179494190838384
487602.0 0.8589945953007817
487602.0 0.7645797581852136
487602.0 0.8235264148680203
487602.0 0.8099745515221801
487602.0 0.8383895694508181
487602.0 0.8545039973748241
487602.0 0.7850412925714537
487602.0 0.8038874737942613
487602.0 0.8510595686607896
487602.0 0.8138797609485054
487602.0 0.8306902369674453
487602.0 0.8129807056851504
487602.0 0.8312247399347689
487602.0 0.8168963679697494
487602.0 0.827275139161295
487602.0 0.8583345001754173
487602.0 0.803679878573364
487602.0 0.7755543026822199
487602.0 0.7717641194773769
487602.0 0.7718235327329929
487602.0 0.839697251185706
487602.0 0.8081753153589021
487602.0 0.8188677531896404
487602.0 0.814924086192839
487602.0 0.8495578577924321
487602.0 0.7984889793669818
487602.0 0.7820745357184089
487602.0 0.8045039172993976
487602.0 0.8145099926984719
487602.0 0.7961838225657782
487602.0 0.8195858506280599
487602.0 0.8324944897947351
487602.0 0.7922589562885622
487602.0 0.7910156832727138
487602.0 0.7588190735150759
487602.0 0.7734714740303628
487602.0 0.7732227206013744
487602.0 0.7985649050966613
487602.0 0.8609228674775857
487602.0 0.7985531876611506
487602.0 0.7342899781000678
487602.0 0.8178259669488052
487602.0 0.7393242723187807
487602.0 0.8329799649929334
487602.0 0.7980418551697555
487602.0 0.7562568186503775
487602.0 0.7637962764441737
487602.0 0.8042948477519398
487602.0 0.798625075627589
487602.0 0.8147383844050602
487650.0 0.8242666164969131
487656.0 0.7703112575665408
487755.0 0.8031943543682795
487791.0 0.8162046707306708
487818.0 0.8481690501286938
487842.0 0.7782100154267837
487863.0 0.9242695199851698
487989.0 0.7658368355637261
487998.0 0.8004969138648881
488001.0 0.856682224492956
488043.0 0.8042247230758675
488076.0 0.8271113699255267
488106.0 0.8500540697856122
488178.0 0.7833896537710123
488262.0 0.7897752857794037
488559.0 0.8048317980053769
488712.0 0.8407898479583216
489183.0 0.8311659690113895
489612.0 0.8155275942269334
489624.0 0.8389808296413288
489630.0 0.7695947608001584
489666.0 0.8312870860574472
489726.0 0.7823472630770997
489735.0 0.8124383349222248
490074.0 0.8426885130716152
490383.0 0.7893982266170997
490551.0 0.8300913201178306
490647.0 0.9041618427710478
491169.0 0.7696887399010467
491205.0 0.8240977551872793
491313.0 0.8579389388546298
491349.0 0.8184243175501301
491502.0 0.8102824879866013
491532.0 0.75798675724961
491778.0 0.8385658420134863
491913.0 0.7576297024623896
491982.0 0.7601576459597256
492027.0 0.7672412451221895
492027.0 0.8645639793292894
492711.0 0.7916079991021322
492858.0 0.8535533669136353
493089.0 0.8415894449536554
493176.0 0.757745847694554
493326.0 0.8131469635384254
493326.0 0.7815706211700173
493326.0 0.7123377582927461
493326.0 0.8235693973317549
493326.0 0.7810740231141776
493326.0 0.7704672843740553
493326.0 0.6300158800970905
493326.0 0.771170302968087
493488.0 0.8991575509724573
493791.0 0.8042194333864771
493878.0 0.8616105203746159
493938.0 0.8070728961448429
493938.0 0.8100538204540568
494100.0 0.7803355347931548
494205.0 0.7876891968574262
494433.0 0.876450141627428
494463.0 0.814450283366748
494688.0 0.7614135980784761
494721.0 0.8142457149972198
494985.0 0.7814307097246619
494985.0 0.8062305160455943
495228.0 0.7767033867695726
495294.0 0.8248514719787097
495294.0 0.6230325532218867
495294.0 0.7715839515084664
495294.0 0.756630958409784
495294.0 0.7645628730415776
495294.0 0.7438914662236042
495294.0 0.7558767565601401
495294.0 0.8032720733611503
495294.0 0.8066032598714233
495294.0 0.7788694156123971
495294.0 0.772374703301682
495294.0 0.7704767650184259
495294.0 0.8154790562650688
495294.0 0.8217780780651935
495294.0 0.7981177061917478
495294.0 0.7480898716414626
495294.0 0.7607407230049471
495294.0 0.783783240109552
495294.0 0.7756230819560984
495294.0 0.7981229684994166
495294.0 0.8088556016903545
495294.0 0.7781305048851112
495294.0 0.7975020600217761
495294.0 0.7494613461051494
495294.0 0.7573838871428427
495294.0 0.8168924456854907
495294.0 0.7291921950238744
495294.0 0.8078731036866699
495294.0 0.7841742357282773
495294.0 0.7783919762093809
495294.0 0.7841126983300928
495294.0 0.826737624900522
495294.0 0.78027058189466
495294.0 0.8248670384814067
495294.0 0.8062937374985215
495294.0 0.8303588165564957
495294.0 0.7803008643637801
495294.0 0.8151795650690257
495294.0 0.7744666625870267
495294.0 0.7230487824925155
495294.0 0.8104398682905448
495294.0 0.7715014695855227
495294.0 0.7626380879782259
495294.0 0.7687104345848502
495294.0 0.7509653780796164
495294.0 0.7729574477018488
495294.0 0.7771375930014439
495294.0 0.8103703468091161
495294.0 0.7707083351170185
495294.0 0.7617349508646635
495294.0 0.7257070273689377
495294.0 0.8012284663259952
495294.0 0.818284550853545
495294.0 0.7713288845144473
495294.0 0.8005256010808909
495294.0 0.8184927851375923
495294.0 0.7856930603493871
495294.0 0.7505503445641063
495294.0 0.7977052345130037
495294.0 0.8348532141665314
495294.0 0.8021572483459237
495294.0 0.7882311113817908
495294.0 0.7681461527818997
495294.0 0.7785207125457689
495294.0 0.7414021047173067
495294.0 0.8132674918978482
495294.0 0.7625002366017504
495294.0 0.7581999169834551
495294.0 0.7625376337056072
495294.0 0.737828878289229
495294.0 0.7721457789830373
495294.0 0.7589684289706405
495294.0 0.8000191956111048
495294.0 0.7439220886745945
495294.0 0.7789846524164564
495294.0 0.7773603147286183
495294.0 0.7310727230841354
495294.0 0.7780901693282157
495294.0 0.7897645084714219
495294.0 0.7700058974534983
495294.0 0.7597889288538627
495294.0 0.7639150592379584
495294.0 0.803422224334622
495366.0 0.752251668455646
495378.0 0.7413288143295831
495378.0 0.7356868660539237
495387.0 0.8886194043257233
495417.0 0.845998020980612
495819.0 0.7799530711597338
495858.0 0.7457135452946556
495897.0 0.7576642566695212
495927.0 0.7540182491771428
496008.0 0.7517355942246782
496038.0 0.7426919132380506
496242.0 0.8140241532640593
496317.0 0.8099340136296429
496344.0 0.8000298481167382
496443.0 0.8496335956923811
496485.0 0.8318194538440112
496485.0 0.806137082525227
496530.0 0.7473958623057891
496530.0 0.8153229196003519
496833.0 0.7001232108725037
496833.0 0.6730203031379753
496893.0 0.8236371023507558
497079.0 0.7732204772540808
497247.0 0.8100878023041034
497802.0 0.8797556036010913
497946.0 0.8147052081448007
497976.0 0.8294902234606238
497976.0 0.8054207146967013
498777.0 0.8071166910841965
498825.0 0.8693842508513067
498894.0 0.7718075171308095
498915.0 0.8623444810164689
498975.0 0.8614259924978903
499155.0 0.7483387206869639
499182.0 0.7988734685921044
499353.0 0.7605608646272468
499353.0 0.7992825728863835
499512.0 0.7590634252341666
499530.0 0.7472124268788815
499530.0 0.7297799839623652
499530.0 0.714015079361024
499530.0 0.7351347445922184
499530.0 0.7074169895593798
499530.0 0.7719692876434514
499530.0 0.6227672192505491
499779.0 0.7799719038333255
499836.0 0.6749766057230476
499971.0 0.8494533131418215
500010.0 0.7901996957779667
500115.0 0.9148841716828419
500151.0 0.8003547157009245
500202.0 0.7562560063383851
500358.0 0.8078043697875847
500364.0 0.7378236527548085
500364.0 0.7434746305880733
500364.0 0.7452427294690203
500364.0 0.7427461652714387
500364.0 0.7678137352846384
500364.0 0.7484077131848481
500373.0 0.8540772851895788
500436.0 0.7987050021573489
500490.0 0.8068750256706633
500670.0 0.8420692623477648
500754.0 0.8299896590751016
500796.0 0.7280329420739561
500796.0 0.7744427465508418
500802.0 0.9247816520258935
500913.0 0.7696211903361974
500985.0 0.7354149377916217
500985.0 0.7772314873215547
501417.0 0.7548538368967478
501420.0 0.7364647235903579
501483.0 0.7755169323643918
501489.0 0.8817870332581987
501495.0 0.6821047618260249
501534.0 0.8587786678754809
501558.0 0.7752154589366813
501630.0 0.7984784158507662
501663.0 0.8162059682048577
501663.0 0.7540752678116892
501756.0 0.7637564813733342
501762.0 0.7754648255816513
501807.0 0.7502085592591862
501807.0 0.8130098019565902
502176.0 0.8309670030788134
502257.0 0.7964355237343942
502572.0 0.8191634245148776
502665.0 0.7847593601686594
502746.0 0.835882973947667
503028.0 0.8314495119071047
503313.0 0.8082529018470853
503511.0 0.7509012636147003
503538.0 0.72747940897033
503592.0 0.8132292639222405
503592.0 0.7743571250533093
503622.0 0.8126517018025808
503637.0 0.779683875185991
503667.0 0.8347057370268568
503667.0 0.7408471842961241
503700.0 0.7661162222687136
503730.0 0.6880258855717789
503892.0 0.7624122941414903
503940.0 0.7985136038260496
503958.0 0.7385904211041265
503964.0 0.7389883592470478
503964.0 0.630103254416822
503967.0 0.8103743234662238
504141.0 0.8182829758166783
504315.0 0.7899364003619938
504408.0 0.8111532897463161
504417.0 0.7930715081779174
504546.0 0.755407348886582
504810.0 0.8270683559264127
505395.0 0.802793514583762
505650.0 0.7594962946553107
505734.0 0.7970751499977582
505839.0 0.7650648699774191
505926.0 0.771239647126805
505926.0 0.7339077238727111
505926.0 0.738550889483394
505980.0 0.7370113528467424
506268.0 0.8215954200428338
506379.0 0.8362957553683669
506946.0 0.7425870888189773
506946.0 0.7744261043612856
507048.0 0.736214928840428
507411.0 0.7558686268179535
507525.0 0.7824767518676631
507615.0 0.8583053526189753
507699.0 0.7562494550492176
507699.0 0.7900308779932926
507699.0 0.7277345479880877
507699.0 0.75581757613451
507699.0 0.7169174712925112
507714.0 0.8601220676863685
507753.0 0.7405792090413267
507753.0 0.7249907646122277
507753.0 0.7424438412487728
507753.0 0.6853453935479588
507816.0 0.8010799131889133
507816.0 0.7990714701071928
508008.0 0.7950435586629286
508143.0 0.743437469843916
508152.0 0.7811417333288053
508164.0 0.8385022187751244
508446.0 0.7814087686821064
509061.0 0.8797278051030961
509178.0 0.7154947978250992
509355.0 0.6686542556513881
509619.0 0.8038150579285425
509745.0 0.7813468364186599
509823.0 0.7691859887478764
509949.0 0.8456551374116316
510117.0 0.7389451974249608
510240.0 0.8226824937749541
510309.0 0.7256155429620366
510450.0 0.7558411087712482
510666.0 0.77148029279521
510774.0 0.8306296241279719
510774.0 0.770693786974146
510795.0 0.748989249362822
