512190.0 0.605491465929743
512190.0 0.7704243884357472
512190.0 0.7084364096675065
512190.0 0.7726433123875317
512190.0 0.7675808832251502
512190.0 0.7332565153402841
512190.0 0.7495106036953031
512190.0 0.7443662338510287
512190.0 0.6652344552329096
512190.0 0.740898256485069
512190.0 0.7089862125169081
512190.0 0.7534820754958684
512190.0 0.7471499767638147
512190.0 0.7449001573300752
512190.0 0.7598653232592013
512190.0 0.731598475941625
512190.0 0.7784979068653556
512190.0 0.7873241581183301
512190.0 0.750925955930309
512190.0 0.7995847983806521
512190.0 0.7559024805595993
512190.0 0.7525253128105914
512190.0 0.7687568525671001
512190.0 0.7721127590277436
512190.0 0.7511550342424789
512190.0 0.7818931183551424
512190.0 0.7392303677283036
512190.0 0.7247179574767321
512475.0 0.7865896734011594
512475.0 0.7285494821823846
512475.0 0.7372798027978943
512475.0 0.7518662627481025
512475.0 0.7192931826188678
512475.0 0.769565646430067
512475.0 0.7498730490730376
512475.0 0.7517824378206497
512475.0 0.7483113827121911
512475.0 0.7432666965732873
512475.0 0.7147690930795403
512475.0 0.7825213021675265
512475.0 0.7560784052041585
512475.0 0.7339139425233905
512475.0 0.725421828873209
512475.0 0.7416496077720987
512475.0 0.5951847252734159
512907.0 0.740480831870026
513849.0 0.7539127919733036
514296.0 0.7665505510977078
514428.0 0.742502399935221
514428.0 0.7283130616281516
514428.0 0.7407642256923581
514428.0 0.7194961001872549
514428.0 0.7305477893346257
514428.0 0.7334359204496855
514428.0 0.629057140404763
514428.0 0.7193705522832186
514428.0 0.7072015269447098
514428.0 0.7741048193098409
514428.0 0.7354325594761691
514428.0 0.7301441126517798
514428.0 0.7501840521049977
514428.0 0.763147295066898
514428.0 0.7210779656430337
514428.0 0.7478465368092773
514428.0 0.7751593675409202
516087.0 0.7624502858529877
516366.0 0.7286107409584913
516366.0 0.7746033187038396
516420.0 0.7814453175405796
518328.0 0.7271368959045771
518328.0 0.7088487256555783
518328.0 0.743172759385562
518664.0 0.7534386745617879
518676.0 0.7328989523102774
518784.0 0.6714183093290127
519384.0 0.6554843042265398
520638.0 0.7292208666952642
522132.0 0.8048407528119719
522132.0 0.7403268685111383
522132.0 0.7373813076987187
522132.0 0.708169853009268
522132.0 0.660194273805939
522132.0 0.7137806032686778
522132.0 0.723364151951671
522132.0 0.7613184146095977
522132.0 0.6244377633364457
522132.0 0.7823923137241339
522132.0 0.7194945934774505
522576.0 0.6944583380597164
523137.0 0.7086436259539609
523200.0 0.7606300122630979
523308.0 0.6873806147999424
524274.0 0.7819036667416598
525042.0 0.8155757426545194
526068.0 0.7347878541129688
526218.0 0.822171428181148
526236.0 0.7306265200838932
526236.0 0.7249468817986113
526350.0 0.7172013982154225
526350.0 0.7950784785527548
526350.0 0.6642844882618402
526350.0 0.7049679472046142
526350.0 0.7614153603477943
526350.0 0.78325413591836
526350.0 0.7512340856949266
526350.0 0.7540191203063511
526350.0 0.7577418906312154
526350.0 0.7504352612026424
526350.0 0.7318664526853167
526371.0 0.8012890162256711
526920.0 0.7565720816148924
527076.0 0.7134283095945283
527685.0 0.7352927449278152
528507.0 0.731662693470091
528507.0 0.5812536001587638
528726.0 0.6758162268919841
528774.0 0.764933705716284
528828.0 0.6714819585932389
528828.0 0.5604790709349542
529074.0 0.769312376376555
529359.0 0.728853905554449
530058.0 0.7848736971027443
530058.0 0.7350641931896185
530412.0 0.7689934123265924
530694.0 0.7970717641370128
530850.0 0.7919658277168926
530928.0 0.7003547770125716
531006.0 0.8594546886251596
532725.0 0.6674865064732017
532725.0 0.7093279143178545
532920.0 0.7823024257686698
533088.0 0.6702719866622059
533637.0 0.7277947118116824
533637.0 0.7152046903018705
533652.0 0.7085942748084939
534132.0 0.7800229247189737
534744.0 0.7996942985819528
534744.0 0.7678416444960284
534744.0 0.7995224866241291
534744.0 0.6268447301405443
534786.0 0.8214479123615536
534786.0 0.8146737363410369
534786.0 0.8593204817620279
534786.0 0.7699169449709572
534786.0 0.8113789819385514
534810.0 0.8134990067126034
536391.0 0.8191519716947878
536400.0 0.7320183786274472
537018.0 0.7436662118899384
537018.0 0.6899686999140453
537018.0 0.7560835778058927
537162.0 0.7077087169334701
538260.0 0.7302440315154698
538584.0 0.8099129924243516
538866.0 0.8439186269741901
538914.0 0.8604218195344074
538914.0 0.6787937431973502
538923.0 0.7218033023272004
539238.0 0.7673036781258981
539298.0 0.7450978731139347
539391.0 0.7382936785920474
540510.0 0.7282983651299239
541038.0 0.6551558975544075
541038.0 0.6905508641400359
541632.0 0.7115838660184478
541644.0 0.7240475858342762
542238.0 0.68262783379698
542418.0 0.6926512165291102
542634.0 0.8286446150609609
542634.0 0.8045342690541165
543747.0 0.7567345008117793
544290.0 0.7843653485919216
544776.0 0.7543966813464895
544776.0 0.7555593194396157
544776.0 0.7755985876906931
544776.0 0.700383082833546
544776.0 0.7767270608294271
545010.0 0.694490309057913
545010.0 0.6909551308654682
545112.0 0.6509591498484719
546372.0 0.7697958742362729
547014.0 0.5980020727975939
547305.0 0.717855992211966
547944.0 0.5871596644690878
548280.0 0.7376552462825986
548280.0 0.8291777699144626
548487.0 0.7067708364095665
549192.0 0.7601886083892082
549201.0 0.7321119466096028
549201.0 0.8171349391556092
549228.0 0.7428089991624571
549228.0 0.5439247618777044
549228.0 0.7030919348864002
549372.0 0.790669997744824
549501.0 0.7394682118632839
550296.0 0.7694596135269977
551457.0 0.7818194134869636
551985.0 0.7503040662663018
552552.0 0.7117476880971889
553248.0 0.7327351881423955
553302.0 0.7830695046890687
553509.0 0.6885690539833971
553536.0 0.5821613916911154
553536.0 0.7393252580957799
554088.0 0.7010372009358927
554259.0 0.7398197114214397
556152.0 0.7192532555136276
557673.0 0.8350262493268731
557673.0 0.7432364737682197
557673.0 0.8232397781735925
557841.0 0.6356438149394723
557922.0 0.6859324025617498
557973.0 0.8077013858652924
559572.0 0.7012652080245135
560244.0 0.7552406668981795
560310.0 0.578524535385447
561351.0 0.7840886173578016
561723.0 0.8287470118964039
561723.0 0.7962337825283833
561723.0 0.7707141886420563
561723.0 0.7475265488561257
562236.0 0.7755346445078801
563094.0 0.7697688715646935
563571.0 0.8325944339320434
564102.0 0.7116723020551742
564696.0 0.6857144208429798
565137.0 0.7876238974991708
565893.0 0.7512989944800453
566040.0 0.8021088891326359
566163.0 0.7465891357793438
566163.0 0.6052665361310309
566460.0 0.8277426702281621
566631.0 0.7646403975157188
566808.0 0.6726064019047066
568827.0 0.7152765788745208
569514.0 0.6871215025180627
570303.0 0.6962963647741545
570558.0 0.7003077656224617
571362.0 0.5869275348687294
573135.0 0.714534218809909
573945.0 0.7773574979997913
573960.0 0.6320844524053855
574230.0 0.6853022389954402
574896.0 0.7338617502623686
577674.0 0.748797416585786
578091.0 0.4960447368448408
578196.0 0.6746477205459824
580020.0 0.6452786478564099
581244.0 0.7726313217469244
581301.0 0.75856831921248
581334.0 0.7482616083651424
581508.0 0.7143264602650824
582393.0 0.7483836804120412
584355.0 0.6568627172723082
584991.0 0.6842077475798726
585588.0 0.6955290994300939
585870.0 0.7355489581917409
586515.0 0.6608389523477297
587607.0 0.6241383703247049
587664.0 0.7474835778453786
587778.0 0.6933986359942922
588048.0 0.7416199417309685
588078.0 0.7583535863255673
588192.0 0.8457691613914713
588267.0 0.769099050970046
588351.0 0.6838989351728127
588351.0 0.7225048144801265
588561.0 0.6794120745161155
589200.0 0.6794159707367518
589797.0 0.7056039915684947
590475.0 0.7683493979589068
590538.0 0.7656787874516147
591849.0 0.6316949038622954
593586.0 0.772569531983703
593841.0 0.5574152063174296
593841.0 0.6281437726462522
595062.0 0.7286374575600304
595737.0 0.7051878325207368
595938.0 0.8384407921175507
596199.0 0.7363490305830979
596358.0 0.7528523541877434
596793.0 0.6820917040740454
598692.0 0.6224749287986557
599532.0 0.6669071400552836
600150.0 0.6900094312981045
601881.0 0.6694129976337958
602613.0 0.704583787508643
602769.0 0.6880883603303041
604806.0 0.7294989535962678
605307.0 0.6421314256356054
605511.0 0.764521361147466
605799.0 0.6271385625225507
607293.0 0.6203307391528782
607383.0 0.5982189536586656
608616.0 0.7390120040844937
610317.0 0.526625077627167
610893.0 0.5033251866450926
610998.0 0.510139621652927
612186.0 0.7012899114741368
612396.0 0.6714156371174895
612432.0 0.7213842560311154
612765.0 0.6529908887243776
612984.0 0.6154851865297887
613728.0 0.645824744274561
614274.0 0.7337126339953998
615042.0 0.6412198177498005
615438.0 0.6130718963628624
615723.0 0.6093317396446154
617052.0 0.7109835603035992
617727.0 0.6577229394640152
618048.0 0.7179384521146395
618204.0 0.6272610202712491
618399.0 0.6160321340355113
619656.0 0.6339468880742825
619779.0 0.6654681236264051
619872.0 0.6697182989467325
620553.0 0.7464134307208421
621783.0 0.6831731553515443
622332.0 0.6332642608750425
622545.0 0.6090952106868586
622857.0 0.606126324735623
622953.0 0.6390841649843537
623454.0 0.6450960737929321
623595.0 0.7260062575300069
623772.0 0.6734814255735406
623865.0 0.8063659378629676
625026.0 0.5010080432702251
625041.0 0.7224323340973487
625914.0 0.6987633739762755
626307.0 0.6747680603206273
626565.0 0.7103164291023494
627447.0 0.5019481281862305
627516.0 0.6641658995742402
627663.0 0.6642092060206224
627765.0 0.655109463285596
627801.0 0.6548348180701099
627951.0 0.6653380074070906
628113.0 0.5763990735886048
628221.0 0.7053080025339797
628908.0 0.676148650063041
629052.0 0.6536550561341804
629085.0 0.667312616630972
629337.0 0.612775430650666
629790.0 0.6800183259807964
630003.0 0.6178187869356496
630312.0 0.5073415082140716
630417.0 0.5131851142716418
631527.0 0.7122566239418678
631611.0 0.6009745923203572
631995.0 0.7281192084763062
632931.0 0.5853772941203116
632994.0 0.6150335482479874
633006.0 0.6120559859014703
633405.0 0.6620639814264326
633501.0 0.5369186962798533
634131.0 0.6067164218016581
634200.0 0.5387846090471199
634206.0 0.7054051402729934
634599.0 0.5057950211094367
634644.0 0.6524487983265534
635034.0 0.5623845034426034
635043.0 0.6373462354046071
635088.0 0.6244022260742111
635133.0 0.6020664791226696
635661.0 0.5738994679467113
635850.0 0.6193420980587555
635973.0 0.6595607190902808
636246.0 0.6397171521035192
636267.0 0.5648357086320251
636312.0 0.5633246764129846
636549.0 0.6557520431635041
636552.0 0.7076544901230757
636687.0 0.7007250297898571
636888.0 0.5002585380891887
636951.0 0.648923936502792
637296.0 0.5827918150540168
637551.0 0.580183057742524
637572.0 0.6200553118299661
637722.0 0.6487859782389536
638070.0 0.6780156722542513
638292.0 0.5783694901245542
638694.0 0.6172709146534585
638949.0 0.666704856646167
639132.0 0.6291778881117661
640920.0 0.5254723373709489
640980.0 0.6739602656893384
641043.0 0.569733549286258
641079.0 0.6310169742577175
641097.0 0.6745519871682252
641202.0 0.693118375629222
641352.0 0.6109734497336946
641577.0 0.5984540889897559
641838.0 0.5304218683915736
642108.0 0.7050500076361638
642201.0 0.5120884241371535
642489.0 0.6488147113816728
642492.0 0.6806819717722562
642522.0 0.5561898639001908
642564.0 0.6435939471344301
642717.0 0.6578151103986886
642765.0 0.6810248845876135
642924.0 0.7851958975369645
642942.0 0.5965245983954248
642945.0 0.4978590058564251
642966.0 0.5417039091920895
643062.0 0.6304971879591644
643236.0 0.6834852762243999
643248.0 0.7813807955141479
643314.0 0.6729984248433268
643374.0 0.67539073811701
643458.0 0.6564786438788797
643539.0 0.6691904387140171
643695.0 0.6545968864418691
643869.0 0.7638193085543764
644157.0 0.5602809253055043
644364.0 0.6562677596938042
644964.0 0.5748507136257152
644982.0 0.6400360605758392
645111.0 0.5908901683703796
645156.0 0.5336224596313297
645279.0 0.6992608106004579
645711.0 0.5608885851026946
645825.0 0.6133683003706726
646128.0 0.5688662064383158
646263.0 0.5330004474017295
646350.0 0.562386798099089
646401.0 0.6144590616615999
646593.0 0.7140721946501996
646644.0 0.6350606128548586
646680.0 0.5945642832708518
646704.0 0.6104867869180276
646767.0 0.569250639069472
647151.0 0.5995258078719268
647415.0 0.5082609143402913
647517.0 0.5755007928524188
647550.0 0.6545521480745791
647760.0 0.74633862988261
647817.0 0.6426392446886195
648015.0 0.6426562625899157
648090.0 0.6851175906090675
648132.0 0.5624563284298696
648375.0 0.5393993916253633
648786.0 0.6627657651623962
648999.0 0.561919248505293
649089.0 0.6350400716961448
649182.0 0.5377156648931439
649284.0 0.6769423694926627
649812.0 0.5875955078891775
649986.0 0.5574434919175241
650124.0 0.6293072891228905
650154.0 0.6289375291196454
650250.0 0.6389152775397824
650496.0 0.6489902323837112
650565.0 0.45970142580756074
650652.0 0.589899294098691
650913.0 0.7226907935594278
650970.0 0.6404666951915244
651252.0 0.6291667513721738
651516.0 0.5801292874573544
651864.0 0.5520737017401292
651915.0 0.5053400517025446
652095.0 0.6755840430358614
652239.0 0.5682835735403149
652332.0 0.634468956604287
652566.0 0.6410300169620575
652851.0 0.5835238302061733
653049.0 0.6269914862218466
653562.0 0.6811618032377397
653565.0 0.5981765001681095
653676.0 0.6682350218035797
653817.0 0.5274154087119782
653895.0 0.538808224265283
653922.0 0.5219730703845811
653931.0 0.5561773892903298
653979.0 0.6179687907226139
654018.0 0.6252121388635932
654069.0 0.6154278683329975
654078.0 0.5685774499123855
654210.0 0.6142926512195255
654246.0 0.5013741297869971
654843.0 0.7609845792281655
655053.0 0.592016166637124
655224.0 0.7722784203362358
655485.0 0.6657762621776154
655647.0 0.6406400133877758
655788.0 0.715140730846119
655935.0 0.6168648860293239
656043.0 0.6807106165109975
656289.0 0.6041524500886243
656304.0 0.5947773363094462
656367.0 0.527920243290317
656505.0 0.6876996095881283
656547.0 0.5459864315838852
656850.0 0.5610548093939589
656994.0 0.5276035802232175
657123.0 0.6151096924979044
657165.0 0.5633526369156884
657171.0 0.6385432013394117
657246.0 0.6698921300683407
657258.0 0.7401360041126391
657321.0 0.5594627780914029
657381.0 0.4814982899066299
657417.0 0.6424263085629403
657477.0 0.5663310466612413
657801.0 0.6390801378567631
657897.0 0.6452909529516293
658020.0 0.6395941808345526
658308.0 0.5595994458720742
658329.0 0.568044895701557
658656.0 0.5226158753162681
658680.0 0.5441359124435622
658854.0 0.6942666656180716
659187.0 0.5481268687166064
659217.0 0.4995299009666689
659220.0 0.529077166357152
659736.0 0.612550116889385
659739.0 0.5932349590540897
659763.0 0.5520887795761193
659802.0 0.5506536012272121
659946.0 0.6307593736862599
660138.0 0.710905947950536
660180.0 0.5781949844397624
660192.0 0.6778275015113487
660240.0 0.4820969901812219
660375.0 0.6741637566042615
660498.0 0.5684642068814985
660606.0 0.5704081035689929
660699.0 0.5840433888860013
660858.0 0.5932507822831089
660927.0 0.591270385880291
660972.0 0.6132485509055936
661035.0 0.5352197042679493
661158.0 0.5649254799068196
661338.0 0.4877326641224644
661389.0 0.7266528752238871
661431.0 0.5202683054050465
661443.0 0.5158975393881899
661467.0 0.6004345380409941
661512.0 0.6211233900731021
661560.0 0.63239143967709
661575.0 0.5862644381405947
661827.0 0.5709219871912146
661860.0 0.76064889356587
661899.0 0.6205519166149699
661902.0 0.6124034670577143
662058.0 0.5980379089276727
662160.0 0.6395757102515801
662382.0 0.5281016326991518
662502.0 0.5870370616279896
662505.0 0.5954799954392088
662628.0 0.5107943448907685
662673.0 0.5236276072779198
662727.0 0.6073982392388402
662838.0 0.5415009227294033
663105.0 0.7661745050354934
663165.0 0.47318854266251387
663198.0 0.5904317510141882
663252.0 0.6164376756337586
663357.0 0.5137960442019848
663588.0 0.5315965422642429
663639.0 0.7845111029679473
663642.0 0.7317668972191627
663939.0 0.6567832282118229
663966.0 0.6141792532298771
663984.0 0.7177027821285803
664218.0 0.6267873087957003
664353.0 0.5732755246861629
664377.0 0.5632859518622345
664623.0 0.578519035687258
664803.0 0.6207238154958835
664980.0 0.5384853264514745
665136.0 0.5128415229794834
665217.0 0.584720361227398
665409.0 0.6246394278953352
665682.0 0.4773783772923961
665700.0 0.6282164935076786
665721.0 0.6381325498797376
665883.0 0.5873861694142936
665925.0 0.5486509921889436
666021.0 0.6283476971714987
666966.0 0.45598226251657065
667194.0 0.5519285494568001
667257.0 0.562914972749331
667299.0 0.5997487919321622
667347.0 0.6709310175120139
667353.0 0.6117476964076608
667356.0 0.5436351376984048
667713.0 0.5645019595866423
667755.0 0.6027085546710138
667800.0 0.7142841979702607
667833.0 0.6563987873148537
667848.0 0.5361271274199177
667995.0 0.5245265348480331
668046.0 0.63920878803412
668238.0 0.5947762259578366
668667.0 0.6418589811662031
668703.0 0.5875138948331062
668736.0 0.6183759374848763
668748.0 0.5947213938857095
668763.0 0.45987096829667784
668808.0 0.7220765386700224
669123.0 0.5978872858795465
669207.0 0.529907175160673
669318.0 0.5625147186819335
669378.0 0.41693928340024927
669423.0 0.5229984979558093
669516.0 0.6190131572839065
669558.0 0.48124424296525936
669654.0 0.5776999646560887
669657.0 0.6736127349416416
669753.0 0.5311404620991677
669873.0 0.6763910723645408
669936.0 0.5572049569349707
670137.0 0.5371846997845513
670140.0 0.6141056434629151
670287.0 0.5546314615411971
670428.0 0.6288302075328271
670440.0 0.5032137223831711
670488.0 0.5962495824423557
670602.0 0.5735241579415665
670749.0 0.5641081688252907
670812.0 0.6906466363559335
670875.0 0.5613685460553649
670959.0 0.5368789829943055
670965.0 0.6314364172404697
671286.0 0.4457400763328199
671298.0 0.5406493550006624
671451.0 0.4928731478322304
671547.0 0.47121675441862576
671604.0 0.6590969271093228
671607.0 0.6435580105091031
671658.0 0.6534963591085784
671817.0 0.6277276980159425
671889.0 0.6617980245749767
671931.0 0.6335990391403646
672012.0 0.5143796540033652
672204.0 0.6381054245062211
672246.0 0.6094123120041685
672333.0 0.6619998362119134
672402.0 0.48007498218056166
672447.0 0.5326780479312971
672480.0 0.611213278734694
672495.0 0.48253401737008694
672561.0 0.6317246532892006
672738.0 0.5175982195934391
672858.0 0.5958897220015745
672864.0 0.5958172443613994
673011.0 0.6629062483461672
673023.0 0.6744488206080338
673182.0 0.6074842183685705
673368.0 0.5225263695836444
673485.0 0.620619985941606
673506.0 0.6116841198680613
673620.0 0.5669681988702329
673761.0 0.5280349625667113
673776.0 0.5775483763792677
673929.0 0.48340180596084376
673974.0 0.445297195112341
674343.0 0.6237960455029803
674547.0 0.5241360215983117
674655.0 0.5282651020332718
674670.0 0.6373584557120785
674673.0 0.6197441898301312
675057.0 0.5515822863663691
675120.0 0.5828644850626655
675252.0 0.6265903923103323
675573.0 0.7336174467460164
675576.0 0.5588911359628993
675678.0 0.6250480854670039
675969.0 0.5789536969375879
676011.0 0.6037873181815719
676140.0 0.5040638955737575
676332.0 0.4935257507305077
676518.0 0.5838936543210406
676524.0 0.453948786068507
676542.0 0.5844512328004656
676653.0 0.5163544036615375
676689.0 0.5259643917526646
676728.0 0.6549378309733178
676773.0 0.5103862459935439
676806.0 0.6047579289353899
676836.0 0.6309508895241048
677067.0 0.5758441592368382
677085.0 0.5754503346137753
677088.0 0.6118158905455968
677199.0 0.5355645633078708
677226.0 0.538013792682757
677478.0 0.4757601455929293
677490.0 0.5515873162221461
677505.0 0.5294950100216037
677598.0 0.6777695246071009
677676.0 0.4841015491267813
677928.0 0.6408118919658269
678129.0 0.55006410401385
678180.0 0.4568301468128366
678237.0 0.5769292734533029
678240.0 0.6243487091884798
678258.0 0.6235061494197033
678354.0 0.6712823579561672
678447.0 0.6612937452265739
678462.0 0.5315998289905328
678687.0 0.5415584147221215
678873.0 0.5501626100543349
678894.0 0.561496571192372
679383.0 0.6499220107940139
680187.0 0.5332696977004551
680388.0 0.5777598061963491
680400.0 0.545610694374385
680529.0 0.4374563821079204
680544.0 0.6424145206163367
680619.0 0.6050721052774948
680655.0 0.7148330190302097
680715.0 0.4877352771105181
680928.0 0.6819128792609547
681057.0 0.5307424396635246
681066.0 0.597101852475445
681120.0 0.502923526073362
681126.0 0.6375909228354353
681366.0 0.5056237368343525
681471.0 0.5584946091699496
681609.0 0.4828819761832009
681648.0 0.714584681932392
682215.0 0.5683592766805317
682362.0 0.5637021936506571
682407.0 0.6083466543111692
682431.0 0.4662602467207121
682443.0 0.6105190552430433
682497.0 0.6541900898886014
682584.0 0.5092677126383708
682659.0 0.6665457041481856
682695.0 0.5488717554279722
682824.0 0.597695368164229
682896.0 0.537473665073286
682977.0 0.5426833484473753
682986.0 0.6620097375590612
683013.0 0.582305857815388
683076.0 0.7283170629958434
683079.0 0.5269734738025169
683268.0 0.616350657777038
683454.0 0.46408370307054875
683490.0 0.6280815924207108
683547.0 0.5896693004919213
683595.0 0.5880571787557838
683847.0 0.5086203656606639
683958.0 0.5193247882971351
683970.0 0.6385228620458466
684126.0 0.6213324451826969
684204.0 0.4989240578668639
684243.0 0.5634156728943311
684510.0 0.5222645820912413
684597.0 0.570443981448368
684684.0 0.5183477914986897
684690.0 0.6351431066984243
684864.0 0.5693573294239805
684879.0 0.5744202749628413
684930.0 0.6459603121015032
684972.0 0.5976931169467958
685035.0 0.5053745974237065
685041.0 0.5022696878951755
685092.0 0.6344460500141846
685140.0 0.5948491748923056
685155.0 0.6044718896314978
685344.0 0.5560849158603336
685428.0 0.6349239491933922
685704.0 0.659065748264083
685704.0 0.7037340490520664
685704.0 0.7148351192926273
685845.0 0.48022518563905203
685896.0 0.4573182384328559
685965.0 0.5172059712848566
686157.0 0.537851195306428
686163.0 0.5643510005361646
686172.0 0.5918057021703912
686409.0 0.5990792300321927
686715.0 0.6156686840894292
686718.0 0.40745876699630895
686811.0 0.5312112618716338
686859.0 0.5098158103002275
686901.0 0.6762171419815555
686961.0 0.4907580339590627
687030.0 0.4541757775388804
687102.0 0.4949252290158534
687246.0 0.6087625015463836
687270.0 0.6419108590931499
687420.0 0.5986278444745764
687513.0 0.49978707447465376
687735.0 0.5748937023100297
687747.0 0.6093312666365981
687783.0 0.5778034359585432
687819.0 0.6837299622173911
687885.0 0.6099101857655611
687915.0 0.4049010093428561
688188.0 0.593330612683399
688242.0 0.5370901267529222
688275.0 0.5971628692622267
688392.0 0.5301677165152953
688611.0 0.7539727421117384
688755.0 0.4394329070361055
688788.0 0.7151927600211582
689235.0 0.5456691870414688
689238.0 0.6611529574377876
689307.0 0.4639122884953411
689535.0 0.5769271754322933
689556.0 0.6189483228672775
689616.0 0.47140501665787304
689643.0 0.46459215200536247
689667.0 0.5353896986132458
689847.0 0.5866499779592487
689853.0 0.6315059520625691
689901.0 0.5643164484106769
689994.0 0.5702144499951264
690042.0 0.43739973148398426
690153.0 0.5736274466936104
690258.0 0.4892964295163493
690450.0 0.5504529301935885
690501.0 0.6093995705584427
690528.0 0.5972030147860744
690537.0 0.569374605609942
690552.0 0.45259069512590094
690630.0 0.5073740652073397
690981.0 0.5380749011554816
690981.0 0.3984183319433344
691200.0 0.7108312847404933
691314.0 0.5583893935527724
691314.0 0.6928104613310152
691443.0 0.5132957380545773
691509.0 0.47906214437527905
691521.0 0.4822296468523185
691545.0 0.697107580761384
691701.0 0.6064386121165325
691728.0 0.5744494230816034
691908.0 0.6792779126341169
691938.0 0.6022736646278616
692073.0 0.5657202562389971
692160.0 0.6393115070687911
692178.0 0.47562721988740536
692205.0 0.6076679042785565
692283.0 0.5920171065201945
692295.0 0.5197993767110364
692820.0 0.6657758448122907
692988.0 0.4860170764291693
693153.0 0.7745208269662264
693693.0 0.6562842003422646
693744.0 0.50875013499366
693750.0 0.4923149262316099
693999.0 0.6609633427908415
694263.0 0.6640766881749449
694389.0 0.5283998009828892
694434.0 0.6441804032390726
694494.0 0.5730497647279992
694563.0 0.5330003687254753
694611.0 0.6278965336376157
694656.0 0.5590632875827175
695046.0 0.4790831470208914
695073.0 0.6471644504341905
695304.0 0.6300275184418692
695322.0 0.5718494961301603
695355.0 0.5178007356720922
695496.0 0.6425321285878078
695499.0 0.6122951455310335
695625.0 0.4273148608806798
695748.0 0.5088800672347195
695856.0 0.6590264221595964
695961.0 0.6862174179908463
695970.0 0.45271221515733157
696105.0 0.5936435194957035
696120.0 0.45150780628266124
696153.0 0.5195066560964648
696585.0 0.5208874332530659
696630.0 0.54700606659704
696864.0 0.5847745826836609
697044.0 0.5218394698067477
697107.0 0.5925278820413993
697284.0 0.670489267663673
697338.0 0.5593183131913209
697368.0 0.43712038734141445
697458.0 0.5958618876601294
697662.0 0.5504323751333289
697773.0 0.6608329962576092
697785.0 0.5471560989368792
697785.0 0.5353913681709156
697827.0 0.7599800695612179
697992.0 0.5618929965297725
698022.0 0.6400296415795736
698133.0 0.5231291575397461
698139.0 0.595762742642148
698205.0 0.44156498016122386
698256.0 0.5248645316377499
698265.0 0.5953858071187357
698301.0 0.44631345438780257
698421.0 0.6246211833003883
698652.0 0.5427941621597431
698664.0 0.6143329684991194
698757.0 0.5769006177854518
698916.0 0.6061387018480151
699102.0 0.4974319356930493
699108.0 0.5752199584121975
699324.0 0.5606214571868119
699459.0 0.527522512643309
699465.0 0.6303310211479671
699537.0 0.7149950535355354
699561.0 0.4573068471148387
699618.0 0.48974439782543355
699738.0 0.48671548408262516
699789.0 0.6079995857097958
699810.0 0.5569084182702037
699972.0 0.55787189242618
700014.0 0.6429280800824453
700065.0 0.5578349213144467
700098.0 0.5264792148959657
700230.0 0.5457605303655754
700296.0 0.685009745761936
700383.0 0.6095009829042423
700599.0 0.531969045754395
700767.0 0.5664415142098114
701094.0 0.5478014533221552
701121.0 0.4949234693849302
701130.0 0.5827433356126239
701292.0 0.40444980456657337
701334.0 0.5643392173449618
701340.0 0.5923639905677941
701358.0 0.5282087242623661
701373.0 0.5601629718308012
701625.0 0.5309359491110006
701871.0 0.4956492632622945
701973.0 0.4983208264071861
702036.0 0.47590393509727424
702042.0 0.6318447026240447
702129.0 0.5050974813437046
702186.0 0.522636823195184
702423.0 0.5323435626566783
702669.0 0.6135803350542205
702675.0 0.4739439228587664
702708.0 0.6947444445579852
702876.0 0.5890530022568039
703191.0 0.5298868111721466
703215.0 0.6234701614338339
703263.0 0.4329957685547276
703308.0 0.608341868379917
703308.0 0.6635521527345315
703518.0 0.3875057683126561
703518.0 0.5889664811295421
703575.0 0.5046567075982491
703632.0 0.6791690808169082
703704.0 0.5494849219641826
703767.0 0.5715435558946432
703791.0 0.6162935292539541
703848.0 0.5972053430674392
704133.0 0.6361639210192753
704151.0 0.4262929071446195
704286.0 0.5366327596383303
704379.0 0.47637305419873943
704496.0 0.5621629124274301
704544.0 0.5372678501874154
704778.0 0.5762948312549439
704841.0 0.5217167984905692
705003.0 0.6127234284399283
705099.0 0.4636039201012375
705189.0 0.5903193854002377
705324.0 0.5504353091904924
705444.0 0.45950231935978025
705549.0 0.4539989890131775
705594.0 0.4946092678115857
705642.0 0.5527922770017241
705684.0 0.5567901351634177
705714.0 0.47659330550108203
705978.0 0.5631049235311157
705996.0 0.6358644755672002
706173.0 0.6658935731466881
706341.0 0.45585615332032137
706599.0 0.524362437666271
706731.0 0.47341762895229716
706974.0 0.5148926901503189
707040.0 0.44658191768688116
707103.0 0.6736791180809798
707637.0 0.5511747226096773
707691.0 0.5698022827740684
707757.0 0.4255207592800758
707907.0 0.5702931890852151
707967.0 0.5230876116072316
707970.0 0.5015001257920562
708003.0 0.5060088840092557
708132.0 0.552343531725361
708225.0 0.525248945146038
708453.0 0.5433841057356881
708558.0 0.6150451562689028
708582.0 0.49575773303011694
708792.0 0.4164233096609609
708909.0 0.526401861839136
708912.0 0.5832371270729222
708918.0 0.6151951244354765
708996.0 0.618110744621917
709173.0 0.5504790937737507
709218.0 0.7060359939991004
709425.0 0.5140954915922523
709479.0 0.5161536835604343
709581.0 0.5253824750035216
709758.0 0.5768138260555343
709890.0 0.574473815062312
709914.0 0.6260493640293504
