487602.0 0.6297533633326967
487602.0 0.7588190735150759
487602.0 0.7734714740303628
487602.0 0.758761065129281
487602.0 0.8545039973748241
487602.0 0.8106628873153672
487602.0 0.8188677531896404
487602.0 0.7850412925714537
487602.0 0.8179494190838384
487602.0 0.8324944897947351
487602.0 0.7985531876611506
487602.0 0.7889307404875965
487602.0 0.7980418551697555
487602.0 0.7755543026822199
487602.0 0.8306902369674453
487602.0 0.7717641194773769
487602.0 0.8129807056851504
487602.0 0.8495578577924321
487602.0 0.7910156832727138
487602.0 0.7985649050966613
487602.0 0.8097203278588156
487602.0 0.8045039172993976
487602.0 0.8168963679697494
487602.0 0.8042948477519398
487602.0 0.826055482537277
487602.0 0.7850741391149736
487602.0 0.7970236220301727
487602.0 0.7649481024462094
487602.0 0.8156628069434574
487602.0 0.799747131870522
487602.0 0.785481854383564
488178.0 0.7833896537710123
489735.0 0.8124383349222248
491502.0 0.8102824879866013
493326.0 0.8235693973317549
493326.0 0.7123377582927461
493326.0 0.7810740231141776
493326.0 0.771170302968087
493326.0 0.6300158800970905
493326.0 0.7704672843740553
493326.0 0.8131469635384254
493326.0 0.7815706211700173
493791.0 0.8042194333864771
493938.0 0.8100538204540568
493938.0 0.8070728961448429
494100.0 0.7803355347931548
494985.0 0.8062305160455943
494985.0 0.7814307097246619
495228.0 0.7767033867695726
495294.0 0.7581999169834551
495294.0 0.7414021047173067
495294.0 0.7981177061917478
495294.0 0.7687104345848502
495294.0 0.7789846524164564
495294.0 0.7589684289706405
495294.0 0.8066032598714233
495294.0 0.7780901693282157
495294.0 0.7505503445641063
495294.0 0.7707083351170185
495294.0 0.7744666625870267
495294.0 0.7558767565601401
495294.0 0.7783919762093809
495294.0 0.6230325532218867
495294.0 0.7597889288538627
495294.0 0.7230487824925155
495294.0 0.7773603147286183
495294.0 0.7785207125457689
495294.0 0.7981229684994166
495294.0 0.7803008643637801
495294.0 0.7841126983300928
495294.0 0.8062937374985215
495294.0 0.8184927851375923
495294.0 0.7617349508646635
495294.0 0.7639150592379584
495294.0 0.818284550853545
495294.0 0.8021572483459237
495294.0 0.8151795650690257
495294.0 0.7257070273689377
495294.0 0.7897645084714219
495294.0 0.7788694156123971
495294.0 0.8132674918978482
495294.0 0.78027058189466
495294.0 0.772374703301682
495294.0 0.7439220886745945
495294.0 0.7494613461051494
495294.0 0.7681461527818997
495294.0 0.7700058974534983
495294.0 0.7729574477018488
495294.0 0.8154790562650688
495294.0 0.8168924456854907
495294.0 0.783783240109552
495294.0 0.7721457789830373
495294.0 0.8088556016903545
495294.0 0.803422224334622
495294.0 0.7771375930014439
495294.0 0.7715839515084664
495294.0 0.7509653780796164
495294.0 0.7977052345130037
495294.0 0.737828878289229
495294.0 0.7841742357282773
495294.0 0.7882311113817908
495294.0 0.8103703468091161
495294.0 0.7291921950238744
495294.0 0.8012284663259952
495294.0 0.7480898716414626
495294.0 0.7607407230049471
495294.0 0.8000191956111048
495294.0 0.7310727230841354
495294.0 0.7625002366017504
495294.0 0.7573838871428427
495294.0 0.8032720733611503
495294.0 0.7856930603493871
495294.0 0.8217780780651935
495294.0 0.7625376337056072
495294.0 0.7715014695855227
495294.0 0.8348532141665314
495294.0 0.826737624900522
495294.0 0.8248670384814067
495294.0 0.7713288845144473
495294.0 0.7704767650184259
495294.0 0.7438914662236042
495294.0 0.8248514719787097
495294.0 0.7645628730415776
495294.0 0.7975020600217761
495294.0 0.8078731036866699
495294.0 0.8005256010808909
495294.0 0.7626380879782259
495294.0 0.7756230819560984
495294.0 0.8303588165564957
495294.0 0.756630958409784
495294.0 0.8104398682905448
495294.0 0.7781305048851112
495366.0 0.752251668455646
495378.0 0.7356868660539237
495378.0 0.7413288143295831
495927.0 0.7540182491771428
496008.0 0.7517355942246782
496344.0 0.8000298481167382
497247.0 0.8100878023041034
498777.0 0.8071166910841965
498894.0 0.7718075171308095
499155.0 0.7483387206869639
499182.0 0.7988734685921044
499353.0 0.7992825728863835
499353.0 0.7605608646272468
499512.0 0.7590634252341666
499530.0 0.6227672192505491
499530.0 0.7074169895593798
499530.0 0.7472124268788815
499530.0 0.7719692876434514
499530.0 0.7351347445922184
499530.0 0.714015079361024
499530.0 0.7297799839623652
499779.0 0.7799719038333255
500202.0 0.7562560063383851
500358.0 0.8078043697875847
500364.0 0.7427461652714387
500364.0 0.7678137352846384
500364.0 0.7452427294690203
500364.0 0.7378236527548085
500364.0 0.7484077131848481
500364.0 0.7434746305880733
500436.0 0.7987050021573489
500796.0 0.7744427465508418
500796.0 0.7280329420739561
501420.0 0.7364647235903579
501483.0 0.7755169323643918
501558.0 0.7752154589366813
501630.0 0.7984784158507662
501663.0 0.7540752678116892
501663.0 0.8162059682048577
501756.0 0.7637564813733342
501762.0 0.7754648255816513
502572.0 0.8191634245148776
503028.0 0.8314495119071047
503511.0 0.7509012636147003
503637.0 0.779683875185991
503700.0 0.7661162222687136
503730.0 0.6880258855717789
503892.0 0.7624122941414903
503940.0 0.7985136038260496
503964.0 0.7389883592470478
503964.0 0.630103254416822
503967.0 0.8103743234662238
504546.0 0.755407348886582
505734.0 0.7970751499977582
505926.0 0.738550889483394
505926.0 0.7339077238727111
505926.0 0.771239647126805
505980.0 0.7370113528467424
506268.0 0.8215954200428338
506946.0 0.7744261043612856
506946.0 0.7425870888189773
507048.0 0.736214928840428
507699.0 0.7277345479880877
507699.0 0.7562494550492176
507699.0 0.75581757613451
507699.0 0.7900308779932926
507699.0 0.7169174712925112
507714.0 0.8601220676863685
507753.0 0.7405792090413267
507753.0 0.7424438412487728
507753.0 0.6853453935479588
507753.0 0.7249907646122277
507816.0 0.8010799131889133
507816.0 0.7990714701071928
508008.0 0.7950435586629286
508143.0 0.743437469843916
508164.0 0.8385022187751244
508446.0 0.7814087686821064
509061.0 0.8797278051030961
509745.0 0.7813468364186599
510450.0 0.7558411087712482
510666.0 0.77148029279521
510774.0 0.8306296241279719
510966.0 0.7643906121982806
511566.0 0.7930730911317357
511617.0 0.7510998311312128
512037.0 0.7039093558134861
512079.0 0.7641275551615538
512133.0 0.7361929441962408
512133.0 0.7424508802849973
512133.0 0.7400049602293687
512133.0 0.7477123998279978
512133.0 0.7618300159207799
512133.0 0.699785181238939
512133.0 0.7598813736203339
512133.0 0.7322441716386756
512133.0 0.7644313484972356
512133.0 0.7089719961307495
512133.0 0.7200146805206098
512133.0 0.7125099367980717
512133.0 0.7531757229108803
512133.0 0.8025624131671919
512133.0 0.7395251004647305
512133.0 0.7462811160887872
512133.0 0.7024101670633826
512133.0 0.7535717275674262
512133.0 0.6943845814490837
512133.0 0.7683112914058866
512133.0 0.7425557796889095
512133.0 0.736733059640478
512133.0 0.7765489984490094
512133.0 0.7256744320415633
512133.0 0.7228287619882088
512133.0 0.6936888031385674
512133.0 0.7298168423192598
512133.0 0.5855171857741519
512133.0 0.7213709299015713
512133.0 0.7691930916379948
512133.0 0.7377397437512636
512133.0 0.7451990639637104
512133.0 0.7234651887288223
512190.0 0.7443662338510287
512190.0 0.7247179574767321
512190.0 0.7534820754958684
512190.0 0.7598653232592013
512190.0 0.7704243884357472
512190.0 0.6652344552329096
512190.0 0.7750684496821443
512190.0 0.7084364096675065
512190.0 0.750925955930309
512190.0 0.7726433123875317
512190.0 0.7381051550991642
512190.0 0.7471499767638147
512190.0 0.7511550342424789
512190.0 0.7687568525671001
512190.0 0.7721127590277436
512190.0 0.7495106036953031
512190.0 0.7089862125169081
512190.0 0.7443832492443705
512190.0 0.7818931183551424
512190.0 0.740898256485069
512190.0 0.7657445662568323
512190.0 0.7664981654977964
512190.0 0.731598475941625
512190.0 0.7449001573300752
512190.0 0.7559024805595993
512190.0 0.7784979068653556
512190.0 0.7220172604573781
512190.0 0.7873241581183301
512190.0 0.7248374133428181
512190.0 0.7332565153402841
512190.0 0.7769816598705777
512190.0 0.7525253128105914
512190.0 0.7392303677283036
512190.0 0.7675808832251502
512190.0 0.5790523904417294
512190.0 0.7271050856733476
512190.0 0.7513647405868071
512190.0 0.7995847983806521
512301.0 0.814687865171889
512475.0 0.7192931826188678
512475.0 0.7372798027978943
512475.0 0.7483113827121911
512475.0 0.7560784052041585
512475.0 0.7285494821823846
512475.0 0.769565646430067
512475.0 0.7865896734011594
512475.0 0.725421828873209
512475.0 0.7517824378206497
512475.0 0.7339139425233905
512475.0 0.7147690930795403
512475.0 0.7498730490730376
512475.0 0.7825213021675265
512475.0 0.7432666965732873
512475.0 0.5951847252734159
512475.0 0.7416496077720987
512475.0 0.7518662627481025
512739.0 0.7751783035581544
512892.0 0.7414315785311397
512907.0 0.740480831870026
513504.0 0.736421596832889
513849.0 0.7539127919733036
514296.0 0.7665505510977078
514428.0 0.7072015269447098
514428.0 0.7354325594761691
514428.0 0.7334359204496855
514428.0 0.7193705522832186
514428.0 0.7301441126517798
514428.0 0.7305477893346257
514428.0 0.742502399935221
514428.0 0.7501840521049977
514428.0 0.7194961001872549
514428.0 0.7407642256923581
514428.0 0.7283130616281516
514428.0 0.629057140404763
514428.0 0.7210779656430337
514428.0 0.7751593675409202
514428.0 0.7478465368092773
514428.0 0.763147295066898
514428.0 0.7741048193098409
515490.0 0.766784818414134
515766.0 0.8339248291760201
515982.0 0.7817716469516162
516081.0 0.7210832543560809
516081.0 0.7122506925312271
516087.0 0.7624502858529877
516216.0 0.7164519000141985
516366.0 0.7286107409584913
516366.0 0.7746033187038396
516420.0 0.7814453175405796
516453.0 0.7357585152284548
516456.0 0.7475775381518345
516681.0 0.6879039699849013
516687.0 0.7469908284424633
516975.0 0.7067865198727508
517635.0 0.7984364102807149
517932.0 0.8273200962503088
518043.0 0.7461727969651367
518328.0 0.7088487256555783
518328.0 0.7271368959045771
518328.0 0.743172759385562
518331.0 0.7496121126753849
518421.0 0.7321935756556949
518664.0 0.7534386745617879
518676.0 0.7328989523102774
518784.0 0.6714183093290127
518865.0 0.7560803338031132
519384.0 0.6554843042265398
519552.0 0.8468921981616145
520263.0 0.7033954756295665
520626.0 0.7059089242642725
520638.0 0.7292208666952642
521166.0 0.7360283364449005
521346.0 0.7127044089808476
521382.0 0.7812574383227905
521634.0 0.7779426737386004
521892.0 0.7386482256772812
522132.0 0.7194945934774505
522132.0 0.723364151951671
522132.0 0.708169853009268
522132.0 0.7373813076987187
522132.0 0.7403268685111383
522132.0 0.7613184146095977
522132.0 0.660194273805939
522132.0 0.7823923137241339
522132.0 0.6244377633364457
522132.0 0.7137806032686778
522132.0 0.8048407528119719
522237.0 0.8019135718759367
522570.0 0.8047186614647766
522576.0 0.6944583380597164
523128.0 0.7233150026892636
523137.0 0.7086436259539609
523200.0 0.7606300122630979
523281.0 0.7924240264633354
523308.0 0.6873806147999424
523812.0 0.7394937151657016
523932.0 0.7449372565942415
524193.0 0.6503408744904632
524274.0 0.7819036667416598
524286.0 0.8109922253616997
524298.0 0.7374436025103959
524460.0 0.6923122578895535
524505.0 0.7480634686672517
524979.0 0.762041069205464
525042.0 0.8155757426545194
525240.0 0.8026136393091836
525276.0 0.7234487441481602
525468.0 0.7444124269531491
525522.0 0.6859892688254182
525546.0 0.7324205300910528
526002.0 0.7995960586996668
526068.0 0.7347878541129688
526218.0 0.822171428181148
526236.0 0.7249468817986113
526236.0 0.7306265200838932
526287.0 0.8258526967685289
526350.0 0.6642844882618402
526350.0 0.78325413591836
526350.0 0.7512340856949266
526350.0 0.7614153603477943
526350.0 0.7318664526853167
526350.0 0.7172013982154225
526350.0 0.7950784785527548
526350.0 0.7049679472046142
526350.0 0.7577418906312154
526350.0 0.7540191203063511
526350.0 0.7504352612026424
526371.0 0.8012890162256711
526866.0 0.7549873846730125
526920.0 0.7565720816148924
527076.0 0.7134283095945283
527307.0 0.7332301341643128
527685.0 0.7352927449278152
528060.0 0.7626535216630677
528303.0 0.686546380542471
528507.0 0.5812536001587638
528507.0 0.731662693470091
528726.0 0.6758162268919841
528774.0 0.764933705716284
528828.0 0.5604790709349542
528828.0 0.6714819585932389
528852.0 0.7906628799180224
528987.0 0.7911304871887388
528996.0 0.6591283524628617
529017.0 0.7220396873527086
529074.0 0.769312376376555
529359.0 0.728853905554449
529380.0 0.7434092386620591
529704.0 0.7634456939818136
530058.0 0.7848736971027443
530058.0 0.7350641931896185
530244.0 0.6920875835299776
530331.0 0.7356189804188411
530412.0 0.7689934123265924
530694.0 0.7970717641370128
530850.0 0.7919658277168926
530928.0 0.7003547770125716
531006.0 0.8594546886251596
531405.0 0.7967948244243609
531453.0 0.7788207277262068
531990.0 0.7772217096856445
532122.0 0.732326756619203
532260.0 0.8305701071724527
532725.0 0.6674865064732017
532725.0 0.7093279143178545
532920.0 0.7823024257686698
533088.0 0.6702719866622059
533574.0 0.7869763137365156
533637.0 0.7152046903018705
533637.0 0.7277947118116824
533652.0 0.7085942748084939
533652.0 0.7152153457330569
534108.0 0.7418573848934386
534132.0 0.7800229247189737
534651.0 0.6819610810297838
534693.0 0.7339206631864694
534744.0 0.7678416444960284
534744.0 0.6268447301405443
534744.0 0.7996942985819528
534744.0 0.7995224866241291
534786.0 0.7699169449709572
534786.0 0.8146737363410369
534786.0 0.8593204817620279
534786.0 0.8113789819385514
534786.0 0.8214479123615536
534810.0 0.8134990067126034
536301.0 0.7040039964947132
536343.0 0.7366977941643942
536391.0 0.8191519716947878
536400.0 0.7320183786274472
537018.0 0.7560835778058927
537018.0 0.6899686999140453
537018.0 0.7436662118899384
537162.0 0.7077087169334701
538260.0 0.7302440315154698
538584.0 0.8099129924243516
538866.0 0.8439186269741901
538914.0 0.8604218195344074
538914.0 0.6787937431973502
538923.0 0.7218033023272004
539238.0 0.7673036781258981
539298.0 0.7450978731139347
539391.0 0.7382936785920474
539418.0 0.6681809512073289
539571.0 0.7615641142689296
539571.0 0.7541324442434518
539814.0 0.6560440279695041
540510.0 0.7282983651299239
540651.0 0.77709658332035
540693.0 0.8258975207870971
541038.0 0.6905508641400359
541038.0 0.6551558975544075
541380.0 0.8023263311144913
541632.0 0.7115838660184478
541644.0 0.7240475858342762
542238.0 0.68262783379698
542418.0 0.6926512165291102
542634.0 0.8045342690541165
542634.0 0.8286446150609609
543330.0 0.6718299630568495
543747.0 0.7567345008117793
544290.0 0.7843653485919216
544314.0 0.8531623072520577
544776.0 0.7543966813464895
544776.0 0.7555593194396157
544776.0 0.700383082833546
544776.0 0.7767270608294271
544776.0 0.7755985876906931
545010.0 0.6909551308654682
545010.0 0.694490309057913
545112.0 0.6509591498484719
546372.0 0.7697958742362729
547014.0 0.5980020727975939
547305.0 0.717855992211966
547944.0 0.5871596644690878
548280.0 0.8291777699144626
548280.0 0.7376552462825986
548487.0 0.7067708364095665
549156.0 0.6245704232352449
549192.0 0.7601886083892082
549201.0 0.7321119466096028
549201.0 0.8171349391556092
549228.0 0.7428089991624571
549228.0 0.7030919348864002
549228.0 0.5439247618777044
549372.0 0.790669997744824
549501.0 0.7394682118632839
549912.0 0.652769060446675
550296.0 0.7694596135269977
551022.0 0.6114520595122043
551457.0 0.7818194134869636
551658.0 0.7201908088583278
551985.0 0.7503040662663018
552552.0 0.7117476880971889
553062.0 0.6554216149823915
553248.0 0.7327351881423955
553302.0 0.7830695046890687
553509.0 0.6885690539833971
553536.0 0.5821613916911154
553536.0 0.7393252580957799
554088.0 0.7010372009358927
554259.0 0.7398197114214397
554703.0 0.7081021118990288
554850.0 0.7989652793364105
554850.0 0.807277446136834
556152.0 0.7192532555136276
557658.0 0.7418307979051548
557673.0 0.8232397781735925
557673.0 0.8350262493268731
557673.0 0.7432364737682197
557841.0 0.6356438149394723
557922.0 0.6859324025617498
557973.0 0.8077013858652924
559398.0 0.7150204083426946
559572.0 0.7012652080245135
560244.0 0.7552406668981795
560310.0 0.578524535385447
560823.0 0.6681372912147485
561351.0 0.7840886173578016
561723.0 0.7707141886420563
561723.0 0.7962337825283833
561723.0 0.7475265488561257
561723.0 0.8287470118964039
562236.0 0.7755346445078801
563094.0 0.7697688715646935
563343.0 0.7810316829487483
563571.0 0.8325944339320434
564102.0 0.7116723020551742
564696.0 0.6857144208429798
565137.0 0.7876238974991708
565893.0 0.7512989944800453
566040.0 0.8021088891326359
566163.0 0.7465891357793438
566163.0 0.6052665361310309
566460.0 0.8277426702281621
566631.0 0.7646403975157188
566808.0 0.6726064019047066
568827.0 0.7152765788745208
569514.0 0.6871215025180627
570303.0 0.6962963647741545
570558.0 0.7003077656224617
571362.0 0.5869275348687294
573135.0 0.714534218809909
573945.0 0.7773574979997913
573960.0 0.6320844524053855
574230.0 0.6853022389954402
574896.0 0.7338617502623686
577674.0 0.748797416585786
578091.0 0.4960447368448408
578196.0 0.6746477205459824
580020.0 0.6452786478564099
581244.0 0.7726313217469244
581301.0 0.75856831921248
581334.0 0.7482616083651424
581508.0 0.7143264602650824
582393.0 0.7483836804120412
584355.0 0.6568627172723082
584991.0 0.6842077475798726
585588.0 0.6955290994300939
585870.0 0.7355489581917409
586515.0 0.6608389523477297
587607.0 0.6241383703247049
587664.0 0.7474835778453786
587778.0 0.6933986359942922
588048.0 0.7416199417309685
588078.0 0.7583535863255673
588192.0 0.8457691613914713
588267.0 0.769099050970046
588351.0 0.6838989351728127
588351.0 0.7225048144801265
588561.0 0.6794120745161155
589200.0 0.6794159707367518
589797.0 0.7056039915684947
590475.0 0.7683493979589068
590538.0 0.7656787874516147
591849.0 0.6316949038622954
593586.0 0.772569531983703
593841.0 0.5574152063174296
593841.0 0.6281437726462522
595062.0 0.7286374575600304
595737.0 0.7051878325207368
595938.0 0.8384407921175507
596199.0 0.7363490305830979
596358.0 0.7528523541877434
596793.0 0.6820917040740454
598692.0 0.6224749287986557
599532.0 0.6669071400552836
600150.0 0.6900094312981045
601881.0 0.6694129976337958
602613.0 0.704583787508643
602769.0 0.6880883603303041
604806.0 0.7294989535962678
605307.0 0.6421314256356054
605511.0 0.764521361147466
605799.0 0.6271385625225507
607293.0 0.6203307391528782
607383.0 0.5982189536586656
608616.0 0.7390120040844937
610317.0 0.526625077627167
610893.0 0.5033251866450926
610998.0 0.510139621652927
612186.0 0.7012899114741368
612396.0 0.6714156371174895
612432.0 0.7213842560311154
612765.0 0.6529908887243776
612984.0 0.6154851865297887
613728.0 0.645824744274561
614274.0 0.7337126339953998
615042.0 0.6412198177498005
615438.0 0.6130718963628624
615723.0 0.6093317396446154
617052.0 0.7109835603035992
617727.0 0.6577229394640152
618048.0 0.7179384521146395
618204.0 0.6272610202712491
618399.0 0.6160321340355113
619656.0 0.6339468880742825
619779.0 0.6654681236264051
619872.0 0.6697182989467325
620553.0 0.7464134307208421
621783.0 0.6831731553515443
622332.0 0.6332642608750425
622545.0 0.6090952106868586
622857.0 0.606126324735623
622953.0 0.6390841649843537
623454.0 0.6450960737929321
623595.0 0.7260062575300069
623772.0 0.6734814255735406
623865.0 0.8063659378629676
625026.0 0.5010080432702251
625041.0 0.7224323340973487
625914.0 0.6987633739762755
626307.0 0.6747680603206273
626565.0 0.7103164291023494
627447.0 0.5019481281862305
627516.0 0.6641658995742402
627663.0 0.6642092060206224
627765.0 0.655109463285596
627801.0 0.6548348180701099
627951.0 0.6653380074070906
628113.0 0.5763990735886048
628221.0 0.7053080025339797
628908.0 0.676148650063041
629052.0 0.6536550561341804
629085.0 0.667312616630972
629337.0 0.612775430650666
629790.0 0.6800183259807964
630003.0 0.6178187869356496
630312.0 0.5073415082140716
630417.0 0.5131851142716418
631527.0 0.7122566239418678
631611.0 0.6009745923203572
631995.0 0.7281192084763062
632931.0 0.5853772941203116
632994.0 0.6150335482479874
633006.0 0.6120559859014703
633405.0 0.6620639814264326
633501.0 0.5369186962798533
634131.0 0.6067164218016581
634200.0 0.5387846090471199
634206.0 0.7054051402729934
634599.0 0.5057950211094367
634644.0 0.6524487983265534
635034.0 0.5623845034426034
635043.0 0.6373462354046071
635088.0 0.6244022260742111
635133.0 0.6020664791226696
635661.0 0.5738994679467113
635850.0 0.6193420980587555
635973.0 0.6595607190902808
636246.0 0.6397171521035192
636267.0 0.5648357086320251
636312.0 0.5633246764129846
636549.0 0.6557520431635041
636552.0 0.7076544901230757
636687.0 0.7007250297898571
636888.0 0.5002585380891887
636951.0 0.648923936502792
637296.0 0.5827918150540168
637551.0 0.580183057742524
637572.0 0.6200553118299661
637722.0 0.6487859782389536
638070.0 0.6780156722542513
638292.0 0.5783694901245542
638694.0 0.6172709146534585
638949.0 0.666704856646167
639132.0 0.6291778881117661
640920.0 0.5254723373709489
640980.0 0.6739602656893384
641043.0 0.569733549286258
641079.0 0.6310169742577175
641097.0 0.6745519871682252
641202.0 0.693118375629222
641352.0 0.6109734497336946
641577.0 0.5984540889897559
641838.0 0.5304218683915736
642108.0 0.7050500076361638
642201.0 0.5120884241371535
642489.0 0.6488147113816728
642492.0 0.6806819717722562
642522.0 0.5561898639001908
642564.0 0.6435939471344301
642717.0 0.6578151103986886
642765.0 0.6810248845876135
642924.0 0.7851958975369645
642942.0 0.5965245983954248
642945.0 0.4978590058564251
642966.0 0.5417039091920895
643062.0 0.6304971879591644
643236.0 0.6834852762243999
643248.0 0.7813807955141479
643314.0 0.6729984248433268
643374.0 0.67539073811701
643458.0 0.6564786438788797
643539.0 0.6691904387140171
643695.0 0.6545968864418691
643869.0 0.7638193085543764
644157.0 0.5602809253055043
644364.0 0.6562677596938042
644964.0 0.5748507136257152
644982.0 0.6400360605758392
645111.0 0.5908901683703796
645156.0 0.5336224596313297
645279.0 0.6992608106004579
645711.0 0.5608885851026946
645825.0 0.6133683003706726
646128.0 0.5688662064383158
646263.0 0.5330004474017295
646350.0 0.562386798099089
646401.0 0.6144590616615999
646593.0 0.7140721946501996
646644.0 0.6350606128548586
646680.0 0.5945642832708518
646704.0 0.6104867869180276
646767.0 0.569250639069472
647151.0 0.5995258078719268
647415.0 0.5082609143402913
647517.0 0.5755007928524188
647550.0 0.6545521480745791
647760.0 0.74633862988261
647817.0 0.6426392446886195
648015.0 0.6426562625899157
648090.0 0.6851175906090675
648132.0 0.5624563284298696
648375.0 0.5393993916253633
648786.0 0.6627657651623962
648999.0 0.561919248505293
649089.0 0.6350400716961448
649182.0 0.5377156648931439
649284.0 0.6769423694926627
649812.0 0.5875955078891775
649986.0 0.5574434919175241
650124.0 0.6293072891228905
650154.0 0.6289375291196454
650250.0 0.6389152775397824
650496.0 0.6489902323837112
650565.0 0.45970142580756074
650652.0 0.589899294098691
650913.0 0.7226907935594278
650970.0 0.6404666951915244
651252.0 0.6291667513721738
651516.0 0.5801292874573544
651864.0 0.5520737017401292
651915.0 0.5053400517025446
652095.0 0.6755840430358614
652239.0 0.5682835735403149
652332.0 0.634468956604287
652566.0 0.6410300169620575
652851.0 0.5835238302061733
653049.0 0.6269914862218466
653562.0 0.6811618032377397
653565.0 0.5981765001681095
653676.0 0.6682350218035797
653817.0 0.5274154087119782
653895.0 0.538808224265283
653922.0 0.5219730703845811
653931.0 0.5561773892903298
653979.0 0.6179687907226139
654018.0 0.6252121388635932
654069.0 0.6154278683329975
654078.0 0.5685774499123855
654210.0 0.6142926512195255
654246.0 0.5013741297869971
654843.0 0.7609845792281655
655053.0 0.592016166637124
655224.0 0.7722784203362358
655485.0 0.6657762621776154
655647.0 0.6406400133877758
655788.0 0.715140730846119
655935.0 0.6168648860293239
656043.0 0.6807106165109975
656289.0 0.6041524500886243
656304.0 0.5947773363094462
656367.0 0.527920243290317
656505.0 0.6876996095881283
656547.0 0.5459864315838852
656850.0 0.5610548093939589
656994.0 0.5276035802232175
657123.0 0.6151096924979044
657165.0 0.5633526369156884
657171.0 0.6385432013394117
657246.0 0.6698921300683407
657258.0 0.7401360041126391
657321.0 0.5594627780914029
657381.0 0.4814982899066299
657417.0 0.6424263085629403
657477.0 0.5663310466612413
657801.0 0.6390801378567631
657897.0 0.6452909529516293
658020.0 0.6395941808345526
658308.0 0.5595994458720742
658329.0 0.568044895701557
658656.0 0.5226158753162681
658680.0 0.5441359124435622
658854.0 0.6942666656180716
659187.0 0.5481268687166064
659217.0 0.4995299009666689
659220.0 0.529077166357152
659736.0 0.612550116889385
659739.0 0.5932349590540897
659763.0 0.5520887795761193
659802.0 0.5506536012272121
659946.0 0.6307593736862599
660138.0 0.710905947950536
660180.0 0.5781949844397624
660192.0 0.6778275015113487
660240.0 0.4820969901812219
660375.0 0.6741637566042615
660498.0 0.5684642068814985
660606.0 0.5704081035689929
660699.0 0.5840433888860013
660858.0 0.5932507822831089
660927.0 0.591270385880291
660972.0 0.6132485509055936
661035.0 0.5352197042679493
661158.0 0.5649254799068196
661338.0 0.4877326641224644
661389.0 0.7266528752238871
661431.0 0.5202683054050465
661443.0 0.5158975393881899
661467.0 0.6004345380409941
661512.0 0.6211233900731021
661560.0 0.63239143967709
661575.0 0.5862644381405947
661827.0 0.5709219871912146
661860.0 0.76064889356587
661899.0 0.6205519166149699
661902.0 0.6124034670577143
662058.0 0.5980379089276727
662160.0 0.6395757102515801
662382.0 0.5281016326991518
662502.0 0.5870370616279896
662505.0 0.5954799954392088
662628.0 0.5107943448907685
662673.0 0.5236276072779198
662727.0 0.6073982392388402
662838.0 0.5415009227294033
663105.0 0.7661745050354934
663165.0 0.47318854266251387
663198.0 0.5904317510141882
663252.0 0.6164376756337586
663357.0 0.5137960442019848
663588.0 0.5315965422642429
663639.0 0.7845111029679473
663642.0 0.7317668972191627
663939.0 0.6567832282118229
663966.0 0.6141792532298771
663984.0 0.7177027821285803
664218.0 0.6267873087957003
664353.0 0.5732755246861629
664377.0 0.5632859518622345
664623.0 0.578519035687258
664803.0 0.6207238154958835
664980.0 0.5384853264514745
665136.0 0.5128415229794834
665217.0 0.584720361227398
665409.0 0.6246394278953352
665682.0 0.4773783772923961
665700.0 0.6282164935076786
665721.0 0.6381325498797376
665883.0 0.5873861694142936
665925.0 0.5486509921889436
666021.0 0.6283476971714987
666966.0 0.45598226251657065
667194.0 0.5519285494568001
667257.0 0.562914972749331
667299.0 0.5997487919321622
667347.0 0.6709310175120139
667353.0 0.6117476964076608
667356.0 0.5436351376984048
667713.0 0.5645019595866423
667755.0 0.6027085546710138
667800.0 0.7142841979702607
667833.0 0.6563987873148537
667848.0 0.5361271274199177
667995.0 0.5245265348480331
668046.0 0.63920878803412
668238.0 0.5947762259578366
668667.0 0.6418589811662031
668703.0 0.5875138948331062
668736.0 0.6183759374848763
668748.0 0.5947213938857095
668763.0 0.45987096829667784
668808.0 0.7220765386700224
669123.0 0.5978872858795465
669207.0 0.529907175160673
669318.0 0.5625147186819335
669378.0 0.41693928340024927
669423.0 0.5229984979558093
669516.0 0.6190131572839065
669558.0 0.48124424296525936
669654.0 0.5776999646560887
669657.0 0.6736127349416416
669753.0 0.5311404620991677
669873.0 0.6763910723645408
669936.0 0.5572049569349707
670137.0 0.5371846997845513
670140.0 0.6141056434629151
670287.0 0.5546314615411971
670428.0 0.6288302075328271
670440.0 0.5032137223831711
670488.0 0.5962495824423557
670602.0 0.5735241579415665
670749.0 0.5641081688252907
670812.0 0.6906466363559335
670875.0 0.5613685460553649
670959.0 0.5368789829943055
670965.0 0.6314364172404697
671286.0 0.4457400763328199
671298.0 0.5406493550006624
671451.0 0.4928731478322304
671547.0 0.47121675441862576
671604.0 0.6590969271093228
671607.0 0.6435580105091031
671658.0 0.6534963591085784
671817.0 0.6277276980159425
671889.0 0.6617980245749767
671931.0 0.6335990391403646
672012.0 0.5143796540033652
672204.0 0.6381054245062211
672246.0 0.6094123120041685
672333.0 0.6619998362119134
672402.0 0.48007498218056166
672447.0 0.5326780479312971
672480.0 0.611213278734694
672495.0 0.48253401737008694
672561.0 0.6317246532892006
