668763.0 0.45987096829667784
671931.0 0.6335990391403646
704151.0 0.4262929071446195
654843.0 0.7609845792281655
634599.0 0.5057950211094367
649089.0 0.6350400716961448
644982.0 0.6400360605758392
789582.0 0.48330139628833835
690450.0 0.5504529301935885
670965.0 0.6314364172404697
748692.0 0.5283021222093611
683490.0 0.6280815924207108
768642.0 0.553107819795539
687735.0 0.5748937023100297
669936.0 0.5572049569349707
645825.0 0.6133683003706726
698757.0 0.5769006177854518
765540.0 0.34857567414782203
642924.0 0.7851958975369645
668238.0 0.5947762259578366
658656.0 0.5226158753162681
691908.0 0.6792779126341169
655935.0 0.6168648860293239
694434.0 0.6441804032390726
695961.0 0.6862174179908463
684597.0 0.570443981448368
734559.0 0.5816192969556091
637572.0 0.6200553118299661
706173.0 0.6658935731466881
686715.0 0.6156686840894292
692160.0 0.6393115070687911
687270.0 0.6419108590931499
672738.0 0.5175982195934391
698133.0 0.5231291575397461
653565.0 0.5981765001681095
670137.0 0.5371846997845513
738039.0 0.5676534976645092
739215.0 0.6969608340555522
722340.0 0.5284253773643854
667848.0 0.5361271274199177
663642.0 0.7317668972191627
698421.0 0.6246211833003883
725298.0 0.5075088928934822
672246.0 0.6094123120041685
662727.0 0.6073982392388402
718494.0 0.5243591900162612
742347.0 0.5289129340809318
705594.0 0.4946092678115857
636246.0 0.6397171521035192
634644.0 0.6524487983265534
654078.0 0.5685774499123855
677085.0 0.5754503346137753
698916.0 0.6061387018480151
733128.0 0.48202544794290114
641577.0 0.5984540889897559
646644.0 0.6350606128548586
727002.0 0.5215763886199348
744705.0 0.554479706719986
789276.0 0.4575460020622202
735273.0 0.4757709560156146
722511.0 0.4632236543407208
663252.0 0.6164376756337586
672012.0 0.5143796540033652
671889.0 0.6617980245749767
710406.0 0.5606782397936926
672495.0 0.48253401737008694
765339.0 0.5369885566864615
664803.0 0.6207238154958835
663357.0 0.5137960442019848
680529.0 0.4374563821079204
659220.0 0.529077166357152
731466.0 0.49651667460785814
744741.0 0.4370662944103299
678129.0 0.55006410401385
631611.0 0.6009745923203572
737469.0 0.5718218029505243
661902.0 0.6124034670577143
670140.0 0.6141056434629151
678687.0 0.5415584147221215
728328.0 0.5701936751311227
776301.0 0.534427268814406
714243.0 0.5974514312512323
659763.0 0.5520887795761193
696153.0 0.5195066560964648
662502.0 0.5870370616279896
664980.0 0.5384853264514745
646350.0 0.562386798099089
636687.0 0.7007250297898571
732126.0 0.5456517571636751
640920.0 0.5254723373709489
641043.0 0.569733549286258
691314.0 0.5583893935527724
670602.0 0.5735241579415665
724332.0 0.4121967135947564
685140.0 0.5948491748923056
651864.0 0.5520737017401292
730542.0 0.549283163813767
676806.0 0.6047579289353899
705324.0 0.5504353091904924
645279.0 0.6992608106004579
687513.0 0.49978707447465376
697827.0 0.7599800695612179
665409.0 0.6246394278953352
640980.0 0.6739602656893384
652566.0 0.6410300169620575
675252.0 0.6265903923103323
663198.0 0.5904317510141882
703791.0 0.6162935292539541
699465.0 0.6303310211479671
694656.0 0.5590632875827175
661389.0 0.7266528752238871
635088.0 0.6244022260742111
699810.0 0.5569084182702037
669873.0 0.6763910723645408
654210.0 0.6142926512195255
610317.0 0.526625077627167
678180.0 0.4568301468128366
635034.0 0.5623845034426034
682431.0 0.4662602467207121
718671.0 0.5580032535370837
709758.0 0.5768138260555343
665883.0 0.5873861694142936
711171.0 0.3959344838116051
718917.0 0.6418695193683883
691938.0 0.6022736646278616
663165.0 0.47318854266251387
667995.0 0.5245265348480331
674547.0 0.5241360215983117
660498.0 0.5684642068814985
652239.0 0.5682835735403149
648375.0 0.5393993916253633
699972.0 0.55787189242618
651252.0 0.6291667513721738
690537.0 0.569374605609942
675576.0 0.5588911359628993
659187.0 0.5481268687166064
716976.0 0.5070030804659161
725991.0 0.49848348802418097
682362.0 0.5637021936506571
714375.0 0.5039218373584947
683076.0 0.7283170629958434
605511.0 0.764521361147466
651516.0 0.5801292874573544
642942.0 0.5965245983954248
670812.0 0.6906466363559335
619779.0 0.6654681236264051
652095.0 0.6755840430358614
623772.0 0.6734814255735406
722025.0 0.5985719871997202
673182.0 0.6074842183685705
669657.0 0.6736127349416416
670287.0 0.5546314615411971
683079.0 0.5269734738025169
702036.0 0.47590393509727424
670875.0 0.5613685460553649
652851.0 0.5835238302061733
685845.0 0.48022518563905203
728136.0 0.4589764373045564
695496.0 0.6425321285878078
713310.0 0.5982502937719918
754113.0 0.5204728493671906
631995.0 0.7281192084763062
677226.0 0.538013792682757
710820.0 0.44139388979310046
736035.0 0.4432678221780431
686718.0 0.40745876699630895
696864.0 0.5847745826836609
642201.0 0.5120884241371535
646704.0 0.6104867869180276
690630.0 0.5073740652073397
732186.0 0.4441349561957797
703308.0 0.6635521527345315
708909.0 0.526401861839136
618048.0 0.7179384521146395
643314.0 0.6729984248433268
699561.0 0.4573068471148387
702708.0 0.6947444445579852
682497.0 0.6541900898886014
775422.0 0.45634368226888694
787644.0 0.449789456724446
738546.0 0.5062471818002899
707967.0 0.5230876116072316
661827.0 0.5709219871912146
699102.0 0.4974319356930493
669318.0 0.5625147186819335
718371.0 0.4355738647679416
705714.0 0.47659330550108203
692205.0 0.6076679042785565
707637.0 0.5511747226096773
708003.0 0.5060088840092557
723534.0 0.5567656421497742
724797.0 0.6131683311158942
722778.0 0.5690628354746239
636312.0 0.5633246764129846
647415.0 0.5082609143402913
649986.0 0.5574434919175241
708453.0 0.5433841057356881
610998.0 0.510139621652927
748776.0 0.43742386390492616
690981.0 0.3984183319433344
729720.0 0.603624438867288
723024.0 0.4084496124113658
656043.0 0.6807106165109975
657897.0 0.6452909529516293
732030.0 0.41933647105276534
724476.0 0.4554131115422326
687102.0 0.4949252290158534
719850.0 0.41375332778850915
712215.0 0.4449513629512787
696585.0 0.5208874332530659
709479.0 0.5161536835604343
668667.0 0.6418589811662031
677067.0 0.5758441592368382
713853.0 0.4959563509719768
703215.0 0.6234701614338339
696120.0 0.45150780628266124
701973.0 0.4983208264071861
682584.0 0.5092677126383708
635850.0 0.6193420980587555
718644.0 0.4656368560936178
628221.0 0.7053080025339797
639132.0 0.6291778881117661
708996.0 0.618110744621917
705642.0 0.5527922770017241
688611.0 0.7539727421117384
642489.0 0.6488147113816728
629790.0 0.6800183259807964
672480.0 0.611213278734694
643458.0 0.6564786438788797
707040.0 0.44658191768688116
772614.0 0.43086288921485555
643539.0 0.6691904387140171
748758.0 0.3967914973158787
638292.0 0.5783694901245542
648015.0 0.6426562625899157
671298.0 0.5406493550006624
659739.0 0.5932349590540897
631527.0 0.7122566239418678
703263.0 0.4329957685547276
613728.0 0.645824744274561
672447.0 0.5326780479312971
738264.0 0.5765511740146574
719664.0 0.48088416236607573
711660.0 0.5722379843365792
713667.0 0.4513158156578548
596793.0 0.6820917040740454
622953.0 0.6390841649843537
730185.0 0.43908971510602435
682896.0 0.537473665073286
686811.0 0.5312112618716338
682986.0 0.6620097375590612
684864.0 0.5693573294239805
686163.0 0.5643510005361646
673620.0 0.5669681988702329
714183.0 0.6674232229549546
676773.0 0.5103862459935439
658329.0 0.568044895701557
695748.0 0.5088800672347195
697785.0 0.5471560989368792
735585.0 0.4865378170551013
688755.0 0.4394329070361055
702669.0 0.6135803350542205
686961.0 0.4907580339590627
684690.0 0.6351431066984243
676836.0 0.6309508895241048
661158.0 0.5649254799068196
682443.0 0.6105190552430433
731496.0 0.59623238703574
643062.0 0.6304971879591644
686172.0 0.5918057021703912
692295.0 0.5197993767110364
711159.0 0.602442242052734
697338.0 0.5593183131913209
697773.0 0.6608329962576092
695856.0 0.6590264221595964
691314.0 0.6928104613310152
705684.0 0.5567901351634177
675573.0 0.7336174467460164
633405.0 0.6620639814264326
663966.0 0.6141792532298771
678894.0 0.561496571192372
704286.0 0.5366327596383303
699738.0 0.48671548408262516
644364.0 0.6562677596938042
711120.0 0.6244367993026342
659736.0 0.612550116889385
602769.0 0.6880883603303041
727305.0 0.5488791985324744
697107.0 0.5925278820413993
740931.0 0.45307650975754715
712263.0 0.6852543896533917
635043.0 0.6373462354046071
716775.0 0.48301171367106815
693750.0 0.4923149262316099
673023.0 0.6744488206080338
703632.0 0.6791690808169082
705189.0 0.5903193854002377
703518.0 0.5889664811295421
650496.0 0.6489902323837112
654018.0 0.6252121388635932
754452.0 0.48634901039610096
681066.0 0.597101852475445
770505.0 0.43870743732179274
671286.0 0.4457400763328199
730890.0 0.5058769179565936
660375.0 0.6741637566042615
694389.0 0.5283998009828892
737289.0 0.3956805702429925
712434.0 0.5452854874892221
684126.0 0.6213324451826969
627801.0 0.6548348180701099
690552.0 0.45259069512590094
703308.0 0.608341868379917
732669.0 0.5478976890747395
734439.0 0.5717674274369898
743025.0 0.47883905109784713
681609.0 0.4828819761832009
741087.0 0.6393426655184316
641838.0 0.5304218683915736
740817.0 0.5475202193313842
718542.0 0.5908990001801873
707757.0 0.4255207592800758
719355.0 0.5697028945665435
719490.0 0.3099768822730204
721368.0 0.5604634408244515
722847.0 0.590623111910003
728157.0 0.5590251657959124
650913.0 0.7226907935594278
752004.0 0.34598403102280834
794145.0 0.5756706239999969
685965.0 0.5172059712848566
664218.0 0.6267873087957003
627951.0 0.6653380074070906
685041.0 0.5022696878951755
728742.0 0.5632617260965986
615042.0 0.6412198177498005
655647.0 0.6406400133877758
711117.0 0.43839763626088774
650124.0 0.6293072891228905
731691.0 0.5039703080601776
698652.0 0.5427941621597431
712989.0 0.5781815070446205
680544.0 0.6424145206163367
689901.0 0.5643164484106769
712407.0 0.44527631569948173
678354.0 0.6712823579561672
663984.0 0.7177027821285803
667347.0 0.6709310175120139
625914.0 0.6987633739762755
665925.0 0.5486509921889436
708225.0 0.525248945146038
690042.0 0.43739973148398426
647151.0 0.5995258078719268
674343.0 0.6237960455029803
699789.0 0.6079995857097958
761421.0 0.5714759275401664
676140.0 0.5040638955737575
677478.0 0.4757601455929293
719619.0 0.561623969237968
683970.0 0.6385228620458466
734148.0 0.5995953932732394
684684.0 0.5183477914986897
669207.0 0.529907175160673
656505.0 0.6876996095881283
671547.0 0.47121675441862576
714225.0 0.488250895209477
622857.0 0.606126324735623
665136.0 0.5128415229794834
612396.0 0.6714156371174895
657171.0 0.6385432013394117
690528.0 0.5972030147860744
681057.0 0.5307424396635246
747990.0 0.4404384685479467
657381.0 0.4814982899066299
653931.0 0.5561773892903298
690258.0 0.4892964295163493
680388.0 0.5777598061963491
699324.0 0.5606214571868119
703575.0 0.5046567075982491
692178.0 0.47562721988740536
617052.0 0.7109835603035992
634206.0 0.7054051402729934
774099.0 0.46100817070879124
642966.0 0.5417039091920895
667833.0 0.6563987873148537
642564.0 0.6435939471344301
713976.0 0.494738524906368
716145.0 0.5582177090801477
714606.0 0.5617445365134269
714891.0 0.5823296792332268
688242.0 0.5370901267529222
683268.0 0.616350657777038
744762.0 0.44921161528387543
754701.0 0.566074786319571
708558.0 0.6150451562689028
720942.0 0.47715139972617776
698139.0 0.595762742642148
659802.0 0.5506536012272121
726216.0 0.625024888679985
658020.0 0.6395941808345526
642717.0 0.6578151103986886
704379.0 0.47637305419873943
724323.0 0.46716169965649557
671451.0 0.4928731478322304
642765.0 0.6810248845876135
708912.0 0.5832371270729222
674673.0 0.6197441898301312
654069.0 0.6154278683329975
734181.0 0.4620813028804605
671607.0 0.6435580105091031
719313.0 0.46397154160964793
655788.0 0.715140730846119
691200.0 0.7108312847404933
662160.0 0.6395757102515801
649812.0 0.5875955078891775
662505.0 0.5954799954392088
705549.0 0.4539989890131775
656289.0 0.6041524500886243
759606.0 0.46294114121650465
651915.0 0.5053400517025446
655485.0 0.6657762621776154
681366.0 0.5056237368343525
667713.0 0.5645019595866423
656547.0 0.5459864315838852
618399.0 0.6160321340355113
719661.0 0.49113601771862603
745080.0 0.48234290067549473
711417.0 0.5391975564106051
777225.0 0.3772256794798909
689994.0 0.5702144499951264
724596.0 0.5100500138719638
618204.0 0.6272610202712491
715173.0 0.6278911282842955
649284.0 0.6769423694926627
636552.0 0.7076544901230757
731169.0 0.41525355876905373
622545.0 0.6090952106868586
661512.0 0.6211233900731021
581334.0 0.7482616083651424
716427.0 0.6630514821857136
675678.0 0.6250480854670039
695355.0 0.5178007356720922
677199.0 0.5355645633078708
662628.0 0.5107943448907685
630417.0 0.5131851142716418
724548.0 0.5415344969056928
744660.0 0.46016579124241014
662673.0 0.5236276072779198
701358.0 0.5282087242623661
630312.0 0.5073415082140716
700767.0 0.5664415142098114
729270.0 0.42890257141021204
695322.0 0.5718494961301603
622332.0 0.6332642608750425
683958.0 0.5193247882971351
701121.0 0.4949234693849302
723627.0 0.4622030610394868
697044.0 0.5218394698067477
734136.0 0.4800863949686861
723897.0 0.5310543420073369
719637.0 0.5203226722954399
653979.0 0.6179687907226139
632931.0 0.5853772941203116
715545.0 0.5475316899864141
627663.0 0.6642092060206224
698265.0 0.5953858071187357
614274.0 0.7337126339953998
715581.0 0.6453463610327729
702129.0 0.5050974813437046
756555.0 0.40874476019460854
749358.0 0.46514123039108196
625026.0 0.5010080432702251
673368.0 0.5225263695836444
688275.0 0.5971628692622267
738972.0 0.7622787725370411
709581.0 0.5253824750035216
691701.0 0.6064386121165325
661467.0 0.6004345380409941
686409.0 0.5990792300321927
685035.0 0.5053745974237065
638694.0 0.6172709146534585
712821.0 0.531562325853168
706599.0 0.524362437666271
680715.0 0.4877352771105181
752316.0 0.5909186722531445
700014.0 0.6429280800824453
685704.0 0.7148351192926273
724650.0 0.5778448539293534
678447.0 0.6612937452265739
676518.0 0.5838936543210406
708132.0 0.552343531725361
703518.0 0.3875057683126561
650970.0 0.6404666951915244
714537.0 0.685790837962386
678462.0 0.5315998289905328
703767.0 0.5715435558946432
697368.0 0.43712038734141445
667194.0 0.5519285494568001
733680.0 0.5470174440813651
623454.0 0.6450960737929321
667755.0 0.6027085546710138
694263.0 0.6640766881749449
677505.0 0.5294950100216037
698256.0 0.5248645316377499
642945.0 0.4978590058564251
721686.0 0.4126867236988509
741828.0 0.4145371051862769
650652.0 0.589899294098691
702042.0 0.6318447026240447
660927.0 0.591270385880291
610893.0 0.5033251866450926
691443.0 0.5132957380545773
680400.0 0.545610694374385
645711.0 0.5608885851026946
758202.0 0.395294779755769
668748.0 0.5947213938857095
675057.0 0.5515822863663691
626307.0 0.6747680603206273
715977.0 0.4105693953421099
689235.0 0.5456691870414688
695625.0 0.4273148608806798
676653.0 0.5163544036615375
682695.0 0.5488717554279722
670959.0 0.5368789829943055
700599.0 0.531969045754395
635133.0 0.6020664791226696
672561.0 0.6317246532892006
731502.0 0.4737785725995197
766986.0 0.4360060978797159
725403.0 0.6486642354912749
678873.0 0.5501626100543349
734526.0 0.578032948713005
656367.0 0.527920243290317
695499.0 0.6122951455310335
677928.0 0.6408118919658269
617727.0 0.6577229394640152
659946.0 0.6307593736862599
702423.0 0.5323435626566783
669516.0 0.6190131572839065
668808.0 0.7220765386700224
667800.0 0.7142841979702607
709218.0 0.7060359939991004
715923.0 0.5383883982696787
646593.0 0.7140721946501996
716436.0 0.6018615355300839
781227.0 0.47831299663742904
702876.0 0.5890530022568039
757359.0 0.5783815911709241
709425.0 0.5140954915922523
684510.0 0.5222645820912413
718299.0 0.5321214189057792
704841.0 0.5217167984905692
709890.0 0.574473815062312
730002.0 0.4660196014236329
701130.0 0.5827433356126239
668046.0 0.63920878803412
769881.0 0.4646953906528821
672204.0 0.6381054245062211
753933.0 0.4647430956467913
657123.0 0.6151096924979044
672333.0 0.6619998362119134
708792.0 0.4164233096609609
714444.0 0.4482050658136424
689556.0 0.6189483228672775
673506.0 0.6116841198680613
728298.0 0.4434879902590246
722394.0 0.5712206526695278
588048.0 0.7416199417309685
660192.0 0.6778275015113487
699108.0 0.5752199584121975
658308.0 0.5595994458720742
720180.0 0.5860560698012421
755754.0 0.4986420173637652
656304.0 0.5947773363094462
653676.0 0.6682350218035797
628113.0 0.5763990735886048
664377.0 0.5632859518622345
685704.0 0.7037340490520664
714669.0 0.5523399460598359
662382.0 0.5281016326991518
706341.0 0.45585615332032137
711588.0 0.5038305621815758
719982.0 0.4493472549291736
726069.0 0.5396486967386328
729639.0 0.5367394234737397
728385.0 0.5227637692172299
685092.0 0.6344460500141846
728937.0 0.5194478215122486
683595.0 0.5880571787557838
714276.0 0.449568523803519
696630.0 0.54700606659704
691521.0 0.4822296468523185
736794.0 0.4916642172825135
723618.0 0.4517151757110171
722577.0 0.44179181171260956
672864.0 0.5958172443613994
627516.0 0.6641658995742402
716202.0 0.6793250547990786
697284.0 0.670489267663673
684972.0 0.5976931169467958
646401.0 0.6144590616615999
706731.0 0.47341762895229716
650154.0 0.6289375291196454
706974.0 0.5148926901503189
654246.0 0.5013741297869971
711849.0 0.5756443091371966
763347.0 0.5793549795088137
653817.0 0.5274154087119782
715383.0 0.5947244651481683
773604.0 0.48447178132082785
729498.0 0.5370006350542623
669423.0 0.5229984979558093
687915.0 0.4049010093428561
687420.0 0.5986278444745764
686901.0 0.6762171419815555
750774.0 0.5136979423462553
689853.0 0.6315059520625691
705978.0 0.5631049235311157
691509.0 0.47906214437527905
724038.0 0.5442193579855619
777357.0 0.6258177459789692
661575.0 0.5862644381405947
661560.0 0.63239143967709
737619.0 0.5436801434296908
735378.0 0.5337208309917639
750489.0 0.537051777151007
648786.0 0.6627657651623962
714804.0 0.6671569434685982
642492.0 0.6806819717722562
682215.0 0.5683592766805317
761460.0 0.4786106470079126
682824.0 0.597695368164229
657258.0 0.7401360041126391
678237.0 0.5769292734533029
727971.0 0.5399318598078023
650565.0 0.45970142580756074
714264.0 0.4193446627433974
653049.0 0.6269914862218466
692073.0 0.5657202562389971
632994.0 0.6150335482479874
645156.0 0.5336224596313297
685704.0 0.659065748264083
661899.0 0.6205519166149699
707103.0 0.6736791180809798
768651.0 0.5657468335274404
720258.0 0.5781704825761536
680655.0 0.7148330190302097
670488.0 0.5962495824423557
759249.0 0.47830857759931217
701871.0 0.4956492632622945
657321.0 0.5594627780914029
722508.0 0.5025115883184298
739572.0 0.5078044794822477
694611.0 0.6278965336376157
701334.0 0.5643392173449618
705099.0 0.4636039201012375
660699.0 0.5840433888860013
648132.0 0.5624563284298696
671817.0 0.6277276980159425
685155.0 0.6044718896314978
732375.0 0.48543259081012424
773925.0 0.5658534254210111
709968.0 0.5010458472635546
730155.0 0.5188864514046743
742605.0 0.5233488906512704
715254.0 0.4859955160708639
726897.0 0.5787223540096341
702186.0 0.522636823195184
660606.0 0.5704081035689929
627765.0 0.655109463285596
664353.0 0.5732755246861629
657165.0 0.5633526369156884
707970.0 0.5015001257920562
731562.0 0.4893044038300508
656994.0 0.5276035802232175
737949.0 0.5597061503050424
714093.0 0.6212480925490879
730125.0 0.4841328487219978
722340.0 0.430987866120162
697662.0 0.5504323751333289
669753.0 0.5311404620991677
756990.0 0.51582537525137
643695.0 0.6545968864418691
698022.0 0.6400296415795736
753165.0 0.5686653947956264
712398.0 0.5192872166025547
681120.0 0.502923526073362
755496.0 0.46653766569422367
641079.0 0.6310169742577175
677676.0 0.4841015491267813
661035.0 0.5352197042679493
744417.0 0.4552791891272997
667257.0 0.562914972749331
662058.0 0.5980379089276727
698205.0 0.44156498016122386
633501.0 0.5369186962798533
723702.0 0.466429083628498
658680.0 0.5441359124435622
637296.0 0.5827918150540168
673776.0 0.5775483763792677
794517.0 0.379119535562319
727626.0 0.5528029030877945
697458.0 0.5958618876601294
663939.0 0.6567832282118229
717591.0 0.6085526314093054
637722.0 0.6487859782389536
673974.0 0.445297195112341
716325.0 0.6674113007550182
708582.0 0.49575773303011694
687030.0 0.4541757775388804
696105.0 0.5936435194957035
721812.0 0.539176091658784
676728.0 0.6549378309733178
653895.0 0.538808224265283
690501.0 0.6093995705584427
769047.0 0.5954737112540375
691728.0 0.5744494230816034
742245.0 0.40927307778144756
703848.0 0.5972053430674392
686859.0 0.5098158103002275
657417.0 0.6424263085629403
730758.0 0.4633255669953301
626565.0 0.7103164291023494
684243.0 0.5634156728943311
661338.0 0.4877326641224644
729828.0 0.41547709090140034
646263.0 0.5330004474017295
672858.0 0.5958897220015745
742734.0 0.6077167698895094
714765.0 0.4962168406231728
687747.0 0.6093312666365981
647817.0 0.6426392446886195
656850.0 0.5610548093939589
702675.0 0.4739439228587664
755523.0 0.5006044477468183
701292.0 0.40444980456657337
679383.0 0.6499220107940139
736332.0 0.4498548046682686
701340.0 0.5923639905677941
704133.0 0.6361639210192753
686157.0 0.537851195306428
700098.0 0.5264792148959657
689667.0 0.5353896986132458
666021.0 0.6283476971714987
643374.0 0.67539073811701
660240.0 0.4820969901812219
652332.0 0.634468956604287
689616.0 0.47140501665787304
710055.0 0.6079427972010853
636267.0 0.5648357086320251
638949.0 0.666704856646167
693999.0 0.6609633427908415
722160.0 0.5271846455615466
701373.0 0.5601629718308012
763065.0 0.452492833480732
685896.0 0.4573182384328559
692283.0 0.5920171065201945
637551.0 0.580183057742524
675120.0 0.5828644850626655
643869.0 0.7638193085543764
700230.0 0.5457605303655754
627447.0 0.5019481281862305
601881.0 0.6694129976337958
629052.0 0.6536550561341804
653922.0 0.5219730703845811
750099.0 0.5907161816876851
663588.0 0.5315965422642429
684204.0 0.4989240578668639
667356.0 0.5436351376984048
660180.0 0.5781949844397624
705003.0 0.6127234284399283
710562.0 0.5157672499404351
720969.0 0.457471797711181
707907.0 0.5702931890852151
711657.0 0.5349145493944664
727302.0 0.5373782240314681
751707.0 0.5904909070644596
694563.0 0.5330003687254753
687246.0 0.6087625015463836
634200.0 0.5387846090471199
660972.0 0.6132485509055936
657801.0 0.6390801378567631
728151.0 0.42168796618971693
676542.0 0.5844512328004656
689238.0 0.6611529574377876
775200.0 0.5587794816816163
670428.0 0.6288302075328271
665721.0 0.6381325498797376
677088.0 0.6118158905455968
669378.0 0.41693928340024927
628908.0 0.676148650063041
648999.0 0.561919248505293
642522.0 0.5561898639001908
661431.0 0.5202683054050465
694494.0 0.5730497647279992
688188.0 0.593330612683399
677490.0 0.5515873162221461
818124.0 0.4257694491390613
647517.0 0.5755007928524188
721842.0 0.561438971022481
701094.0 0.5478014533221552
733299.0 0.5107898149957848
687885.0 0.6099101857655611
593841.0 0.6281437726462522
683013.0 0.582305857815388
693693.0 0.6562842003422646
720642.0 0.5278849086661109
690981.0 0.5380749011554816
676011.0 0.6037873181815719
647760.0 0.74633862988261
653562.0 0.6811618032377397
728328.0 0.6022370972670338
695046.0 0.4790831470208914
757914.0 0.4117498085100899
665682.0 0.4773783772923961
709914.0 0.6260493640293504
695304.0 0.6300275184418692
648090.0 0.6851175906090675
641202.0 0.693118375629222
668703.0 0.5875138948331062
682977.0 0.5426833484473753
705444.0 0.45950231935978025
688788.0 0.7151927600211582
630003.0 0.6178187869356496
695073.0 0.6471644504341905
699618.0 0.48974439782543355
633006.0 0.6120559859014703
718968.0 0.5562248295171106
685344.0 0.5560849158603336
692820.0 0.6657758448122907
712638.0 0.5906829541878497
794028.0 0.5041665649632178
680619.0 0.6050721052774948
588561.0 0.6794120745161155
717957.0 0.4791695399823866
697992.0 0.5618929965297725
668736.0 0.6183759374848763
661443.0 0.5158975393881899
646767.0 0.569250639069472
659217.0 0.4995299009666689
705996.0 0.6358644755672002
674670.0 0.6373584557120785
693744.0 0.50875013499366
730191.0 0.5408212368612835
704496.0 0.5621629124274301
699459.0 0.527522512643309
777960.0 0.5699920018669761
657246.0 0.6698921300683407
673929.0 0.48340180596084376
681471.0 0.5584946091699496
642108.0 0.7050500076361638
765204.0 0.47810733604774464
671658.0 0.6534963591085784
697785.0 0.5353913681709156
711036.0 0.5903745277462192
641352.0 0.6109734497336946
678240.0 0.6243487091884798
666966.0 0.45598226251657065
634131.0 0.6067164218016581
743892.0 0.5051744573134571
636549.0 0.6557520431635041
693153.0 0.7745208269662264
625041.0 0.7224323340973487
712149.0 0.5355402479216558
687783.0 0.5778034359585432
728994.0 0.6903638205455348
678258.0 0.6235061494197033
782316.0 0.551310345104726
752955.0 0.5573083638927724
644964.0 0.5748507136257152
714276.0 0.5122512267246365
675969.0 0.5789536969375879
646128.0 0.5688662064383158
700296.0 0.685009745761936
660858.0 0.5932507822831089
629085.0 0.667312616630972
712773.0 0.4758609894413928
719484.0 0.4668584230585453
683847.0 0.5086203656606639
736515.0 0.3950543278808185
591849.0 0.6316949038622954
621783.0 0.6831731553515443
655053.0 0.592016166637124
676332.0 0.4935257507305077
673011.0 0.6629062483461672
638070.0 0.6780156722542513
681126.0 0.6375909228354353
700065.0 0.5578349213144467
710886.0 0.6481587847451785
709173.0 0.5504790937737507
719787.0 0.47885575059833146
737940.0 0.6075070312931872
671604.0 0.6590969271093228
766356.0 0.45828602099510884
732369.0 0.4083874566486767
643248.0 0.7813807955141479
676689.0 0.5259643917526646
647550.0 0.6545521480745791
670749.0 0.5641081688252907
669558.0 0.48124424296525936
714780.0 0.45029503955853256
714084.0 0.49143491766583297
665700.0 0.6282164935076786
720978.0 0.4516472550849848
681648.0 0.714584681932392
684930.0 0.6459603121015032
688392.0 0.5301677165152953
672402.0 0.48007498218056166
699537.0 0.7149950535355354
612186.0 0.7012899114741368
689535.0 0.5769271754322933
680928.0 0.6819128792609547
714687.0 0.44483331677117605
669123.0 0.5978872858795465
643236.0 0.6834852762243999
708918.0 0.6151951244354765
755445.0 0.43687853252620046
635661.0 0.5738994679467113
752604.0 0.4954267655907362
710670.0 0.5857057679691547
716787.0 0.5325566472815291
739122.0 0.47634843022148105
663105.0 0.7661745050354934
689847.0 0.5866499779592487
698664.0 0.6143329684991194
645111.0 0.5908901683703796
712170.0 0.5798740044383153
704544.0 0.5372678501874154
718968.0 0.6223347157073973
676524.0 0.453948786068507
714537.0 0.5167660837665332
726594.0 0.4186053246005559
657477.0 0.5663310466612413
731913.0 0.4836035090238091
685428.0 0.6349239491933922
667353.0 0.6117476964076608
692988.0 0.4860170764291693
711954.0 0.5215494051208949
684879.0 0.5744202749628413
655224.0 0.7722784203362358
690153.0 0.5736274466936104
773925.0 0.559771253726223
730380.0 0.4855510213986385
740520.0 0.65072222166495
689307.0 0.4639122884953411
730089.0 0.5396036524474443
673761.0 0.5280349625667113
683454.0 0.46408370307054875
635973.0 0.6595607190902808
704778.0 0.5762948312549439
721110.0 0.5894426806152624
711900.0 0.6220255712175147
646680.0 0.5945642832708518
691545.0 0.697107580761384
673485.0 0.620619985941606
703704.0 0.5494849219641826
670440.0 0.5032137223831711
730425.0 0.4286556431729213
719784.0 0.4768473996917344
707691.0 0.5698022827740684
636951.0 0.648923936502792
703191.0 0.5298868111721466
752037.0 0.4804737314118097
667299.0 0.5997487919321622
588078.0 0.7583535863255673
661860.0 0.76064889356587
636888.0 0.5002585380891887
682407.0 0.6083466543111692
669654.0 0.5776999646560887
607383.0 0.5982189536586656
698301.0 0.44631345438780257
717354.0 0.7210302542879706
689643.0 0.46459215200536247
711414.0 0.6482389948760818
662838.0 0.5415009227294033
723036.0 0.5752401100324663
761958.0 0.5103357334580875
650250.0 0.6389152775397824
712422.0 0.4782301360570052
714096.0 0.5030810965647619
700383.0 0.6095009829042423
717447.0 0.5311270176464834
680187.0 0.5332696977004551
718821.0 0.681185524627213
721239.0 0.5186073042688936
730929.0 0.5665231081876025
701625.0 0.5309359491110006
711345.0 0.484712757262924
714117.0 0.4747054175374755
682659.0 0.6665457041481856
674655.0 0.5282651020332718
715116.0 0.3770765122580769
687819.0 0.6837299622173911
753750.0 0.49494068535877345
658854.0 0.6942666656180716
578091.0 0.688818926011664
717036.0 0.5163339437750452
760788.0 0.4700917073681143
665217.0 0.584720361227398
677598.0 0.6777695246071009
