730755.0 0.2688093223581585
531174.0 0.740599831494891
704508.0 0.28830860784943635
618372.0 0.4784701533913346
577152.0 0.5879852467372643
691113.0 0.32791357983943514
599439.0 0.5786906551136864
555666.0 0.604572433957296
532362.0 0.685337998344753
605790.0 0.524736194479236
639363.0 0.45963019508105235
666045.0 0.41109550072282813
680910.0 0.40124250884160445
547350.0 0.6550997862190773
659748.0 0.4260195545167274
539610.0 0.6671271706105847
653298.0 0.44731123782889953
601437.0 0.5443701735317124
690777.0 0.3616287458440184
644196.0 0.4499142273589173
551094.0 0.6255598731640425
688197.0 0.39371263406490503
552546.0 0.6248626578313432
602331.0 0.5316992192628827
688254.0 0.378664652460407
690306.0 0.3724993867379853
735933.0 0.28526014463011184
535380.0 0.7048852426045172
610284.0 0.5553636174229862
589635.0 0.5888850365256573
688197.0 0.411019459036184
662967.0 0.4275212510648525
710751.0 0.29034999244170556
705096.0 0.30692736990138164
641811.0 0.4879668788987903
633282.0 0.5122524705883794
697911.0 0.34559184457205916
576786.0 0.6081100063588488
649872.0 0.47312886390581593
565632.0 0.6247523381475604
631707.0 0.5325090836946238
659946.0 0.46615318196698874
587058.0 0.6077332322122033
662034.0 0.44987225212740534
622848.0 0.5434395926333369
690531.0 0.3910884157787346
541704.0 0.672117318724614
622275.0 0.5550568132490552
559659.0 0.6300599601546399
540456.0 0.6865800549514353
548322.0 0.6630525677143072
537798.0 0.6988843494946754
691440.0 0.35596588893678816
690777.0 0.3730486394784839
690777.0 0.3743994989326371
552546.0 0.6474127291776641
552546.0 0.6622083816556474
552546.0 0.6380553509293335
694503.0 0.35034105177118174
694503.0 0.3525013327195049
552546.0 0.6583167551886814
552546.0 0.6547961069572454
552546.0 0.6333324483455278
552546.0 0.6596957132701041
552546.0 0.6612029605477243
552546.0 0.6556881636336367
552546.0 0.6573610655320284
552546.0 0.658905392883526
552546.0 0.6564054491975123
552546.0 0.6567884759199842
552546.0 0.661694254695902
552546.0 0.6615254230779519
535656.0 0.7434185510122714
535656.0 0.7674264225883175
768114.0 0.2918527368649066
727689.0 0.29903618645443486
590190.0 0.5942986557441516
618990.0 0.5735289723774222
568437.0 0.6252253444349811
586710.0 0.6088257168576335
650733.0 0.5020958269418954
660609.0 0.4728760246481582
677043.0 0.4293474040759135
667923.0 0.441135304804984
697911.0 0.39515739493760693
639861.0 0.5278896025540926
552810.0 0.6394842973903919
564402.0 0.6390881803883671
723597.0 0.3149570346716051
689061.0 0.4178008710309469
537459.0 0.7321068958584548
651498.0 0.4829452612872745
700131.0 0.37374361795232897
719985.0 0.3288346610039017
692157.0 0.4133575726138288
537459.0 0.7080379776866331
706575.0 0.3555258456815311
701775.0 0.36550200414432327
667923.0 0.43157948092667414
659925.0 0.48235090494658545
710928.0 0.35163179248051213
546558.0 0.6761609588931144
552546.0 0.663455650574675
717201.0 0.3385365064983916
716295.0 0.3476927425027853
621291.0 0.5721222856726605
543870.0 0.7002667954531462
637197.0 0.5395304299677707
623616.0 0.5572670385828603
544254.0 0.6860658568042469
632115.0 0.5407664469482645
629988.0 0.550999707140968
623931.0 0.5539103867075934
550458.0 0.6683650886319427
638658.0 0.5287373326703729
629994.0 0.5467193983723907
539613.0 0.7021721838880114
689472.0 0.4143547028944937
544254.0 0.6827476786131633
539397.0 0.7024505134909168
551094.0 0.6662820582791547
552546.0 0.6657009245860309
537798.0 0.7243357192207074
756129.0 0.2994650260477659
671067.0 0.45870134299952353
591957.0 0.6266025873729453
617019.0 0.5947101299441404
660258.0 0.48680256089676377
673380.0 0.4432771189846755
687072.0 0.4349984411922133
576333.0 0.6313502609378246
690531.0 0.4219515617818874
599808.0 0.59924665939813
619230.0 0.578992233093283
735933.0 0.30160252597961157
753399.0 0.2997420175898
623682.0 0.5585104843088078
709350.0 0.3574572739454711
628416.0 0.5569642147353695
705861.0 0.36681442945565235
641016.0 0.552996189080144
643335.0 0.5309812371976929
655008.0 0.5085961459038058
704421.0 0.3866757157461578
568890.0 0.6353791863980696
657045.0 0.4882563448252348
546654.0 0.6809977968625623
725004.0 0.33227388845694583
592215.0 0.6015779896483289
546558.0 0.7000123016161591
651288.0 0.5290250550088124
726783.0 0.318219402224387
698406.0 0.4049605526443343
720993.0 0.33834677177550504
717363.0 0.3496312635989277
731379.0 0.31520920105877637
641823.0 0.5465769389766968
541704.0 0.713413832663923
543786.0 0.706015595810692
698406.0 0.4022381604246253
734715.0 0.3060838711611304
565212.0 0.6426967138740178
562539.0 0.644015431073862
539682.0 0.7224848288786667
719391.0 0.3493710329208809
594576.0 0.6004394936479189
652929.0 0.5192646813609011
703086.0 0.3974538280702493
553308.0 0.6607127298756377
558729.0 0.649474325858856
556038.0 0.6569776509459812
653853.0 0.5175814652764111
703626.0 0.39598928751285484
552546.0 0.6798434539773053
557355.0 0.6531437309450706
552546.0 0.66634825675839
558309.0 0.6519435092238012
552546.0 0.6716369147736592
557976.0 0.6520944527725944
552546.0 0.6739166623135882
552546.0 0.6674434549660186
552546.0 0.6743641235668132
552546.0 0.6779236982514526
552546.0 0.6763604488267232
552546.0 0.6689768754730401
552546.0 0.6684032507545973
552546.0 0.6706781580048359
552546.0 0.6790751927526097
552546.0 0.6699823473635355
552546.0 0.6781043248350851
552546.0 0.6755390564357836
552546.0 0.6801915162211685
552546.0 0.6758088670268788
552546.0 0.674872016360999
552546.0 0.6701388585411219
552546.0 0.6763397601802777
552546.0 0.6747506166978213
552546.0 0.6793060813695563
552546.0 0.6740559461826962
552546.0 0.679570680965936
552546.0 0.6742739175644586
552546.0 0.6801107297729034
552546.0 0.6799196365936119
552546.0 0.679504278465152
552546.0 0.6739333059677349
538047.0 0.7602843784941985
761589.0 0.3031683555857624
598539.0 0.6009520514218318
590190.0 0.6389443666532847
704730.0 0.39299286370730324
539397.0 0.7268062273605057
569946.0 0.6433106787282815
651642.0 0.539434618805512
706401.0 0.3683633031441024
624186.0 0.572991036901909
662955.0 0.49008560485558417
657720.0 0.52264295785323
672426.0 0.4818265718712422
701223.0 0.41755659315051324
638511.0 0.5680593396373755
587058.0 0.6394958837683157
661383.0 0.5098517003159228
727959.0 0.32387816227623417
603105.0 0.5997935038879539
618468.0 0.5958426551655165
750819.0 0.30909249528510674
538047.0 0.7517577094184291
543960.0 0.7094270458199434
617151.0 0.5977003947853213
630969.0 0.5694521515610919
724773.0 0.3428281643450119
642825.0 0.5476269089267013
687504.0 0.43958872321280534
716295.0 0.36436128048024524
691686.0 0.4367218560285579
681063.0 0.4468747932791881
564456.0 0.646591513060533
643728.0 0.5468267443362983
721680.0 0.3535910722670958
674199.0 0.4645326887555039
696102.0 0.4290677389343492
698445.0 0.42760988575767556
717201.0 0.36014240306378853
547638.0 0.6877134203718059
674253.0 0.4598261745411408
547434.0 0.6984192629389677
677043.0 0.4498299265403091
735423.0 0.32184842214335074
547413.0 0.7072198066254615
564345.0 0.659428076545984
724422.0 0.3491663122238831
560892.0 0.662003356128498
745191.0 0.310875039789945
735933.0 0.3134058768141888
739806.0 0.3118082347749138
556812.0 0.6635142172248018
746760.0 0.31082228834985004
550293.0 0.6834787738035281
556302.0 0.6662072189898521
678003.0 0.4481348900211634
556302.0 0.6722244153633548
554499.0 0.6760434212150328
562920.0 0.6605737858656119
739647.0 0.3132633359801664
735933.0 0.3202089151808008
551160.0 0.6820624172332984
553308.0 0.6782758742955978
553410.0 0.6766948252863011
552546.0 0.6816502347342485
552546.0 0.681042064195092
735933.0 0.3210226873568876
552546.0 0.6818070951349436
552546.0 0.6814010268975452
759237.0 0.31103117292126903
538083.0 0.7623890797793434
666351.0 0.49292714956492567
616200.0 0.6029475009754335
676572.0 0.46541756213176233
625500.0 0.5788350432192141
703872.0 0.4303993056587821
707160.0 0.37972011486249796
587844.0 0.6397936650238685
598707.0 0.623347340172432
601362.0 0.6049374513065132
635871.0 0.5700251710317131
646896.0 0.5690076359078684
684327.0 0.45628561080615126
663252.0 0.5152180779558293
699789.0 0.4367817123018277
539640.0 0.7405963535155273
708747.0 0.37260885621300005
690213.0 0.44190474588194567
576957.0 0.6443072060614204
719025.0 0.36716641077191653
650562.0 0.5536096200655798
556440.0 0.6676005964130566
727845.0 0.352069796318629
568926.0 0.6482870884862669
750819.0 0.31280402671750607
739806.0 0.3181958435818986
661887.0 0.5246164467961775
728103.0 0.328959495253994
690171.0 0.45186796960291675
550353.0 0.6985502725538324
565086.0 0.6566789001631377
654615.0 0.5413894315455374
654150.0 0.5499305477358073
573375.0 0.6443787103917799
724896.0 0.35348659038508023
547638.0 0.7018018444919218
659856.0 0.535267675612577
551955.0 0.684412051530428
560430.0 0.6659724146000522
751743.0 0.3113580603493156
729348.0 0.3282529594641142
721749.0 0.35999775885632107
547350.0 0.7120505928445354
735933.0 0.3263753585102059
659364.0 0.5387902429296901
544116.0 0.7207285679509161
539640.0 0.7299440965926332
552546.0 0.6827440082893058
544542.0 0.71277282176389
739185.0 0.32302300402659956
719985.0 0.36158735237735484
543714.0 0.7271466216499826
541929.0 0.7279588427567254
564312.0 0.6645380812917046
735933.0 0.32310286246196773
564849.0 0.6639195880429954
552546.0 0.68289405322437
750819.0 0.3179140469767052
735933.0 0.3266375117306754
552546.0 0.6835931178887531
552546.0 0.6837683109656915
552546.0 0.6834508807165433
552546.0 0.6830549752087686
552546.0 0.6829553841327627
539682.0 0.7613056621152258
751827.0 0.31416034343902394
607647.0 0.609654612720581
626796.0 0.6050454734848887
631200.0 0.5906936048415761
642363.0 0.5801202004533506
707628.0 0.43409686132877645
675942.0 0.4966780476841771
707628.0 0.40044157172469863
677028.0 0.46793459514667224
584523.0 0.6482672495503211
749073.0 0.3243386681428009
719397.0 0.37895604066185573
570495.0 0.648899638137214
588759.0 0.6449253187328968
710571.0 0.37978405784693847
720201.0 0.36280689114039233
599808.0 0.6446666751253631
665853.0 0.5219065261317722
671175.0 0.5088955728535605
738552.0 0.3253717361244027
695394.0 0.4442647279880837
692754.0 0.46196361238351813
662172.0 0.5380281539549943
545967.0 0.7140585733922219
652449.0 0.5680842937433205
710217.0 0.39441255241899115
550458.0 0.7042866707085699
684612.0 0.4628126429221626
729192.0 0.340220368615554
663573.0 0.525158362531645
628179.0 0.6005115883441509
565632.0 0.6573184108923319
702192.0 0.43840895863225576
725121.0 0.3565163795650804
693009.0 0.4506056525465118
671211.0 0.5009454623910049
647754.0 0.5791588527367727
682569.0 0.4660100678401773
654783.0 0.5577401875716701
650061.0 0.5746505022517809
552438.0 0.6879182603755561
729354.0 0.33216336680880537
556662.0 0.6800790136894659
604320.0 0.6359908957837419
547746.0 0.7048766347072197
569640.0 0.6531251858323468
602616.0 0.6409870943927226
604320.0 0.624404823363858
728217.0 0.35380677811771666
655041.0 0.5525100474665813
604320.0 0.6178444318280077
564324.0 0.6655522321654742
658407.0 0.5425751599026172
733893.0 0.3295407105483872
543528.0 0.7456088786094428
657492.0 0.545570027523736
703104.0 0.43699989108367937
543714.0 0.7396202047360715
556791.0 0.6739789723444447
544542.0 0.7250213918654496
735933.0 0.3286630417908309
541764.0 0.7525923448444918
541764.0 0.7550185153723619
562818.0 0.6688665890109496
559734.0 0.6717653337215757
544371.0 0.7319021742967503
560856.0 0.6710249438746059
728070.0 0.35593867258682627
552546.0 0.6861766537549107
604320.0 0.6138875461749694
544542.0 0.725774197855705
544374.0 0.7315170940132955
552546.0 0.6853580005781497
552546.0 0.6875687385175473
552546.0 0.6858527629013424
552546.0 0.6862908115514263
552546.0 0.6868978166658437
552546.0 0.6869887019850642
552546.0 0.6877903013283492
552546.0 0.6856041120554729
552546.0 0.6855933795886479
541764.0 0.7715607480312741
756129.0 0.3166664117101679
636552.0 0.6031370539760347
612795.0 0.6103935769611949
585816.0 0.6483767756153164
607173.0 0.6148509641177312
543786.0 0.7412359897291214
567993.0 0.65810039945611
654153.0 0.5704164003111345
597294.0 0.6464033723767366
661971.0 0.5484641509339209
644028.0 0.5802158836647902
547350.0 0.7153980970350592
666438.0 0.5242648100689874
751185.0 0.32439241113933825
659397.0 0.5526236910623418
709026.0 0.4315897996064605
680304.0 0.4754150707228956
710043.0 0.4180509983604612
703815.0 0.4430250853355426
721749.0 0.3672618741872615
685923.0 0.4672196490831299
693480.0 0.4557362113610748
710283.0 0.39813391638210727
677604.0 0.4909511655614053
711222.0 0.390277446108696
641175.0 0.5926307578939999
719061.0 0.3807161928106552
742086.0 0.326096554834988
597036.0 0.6477687723487486
717201.0 0.3846636668304881
698730.0 0.4444616582307213
730650.0 0.3326310661176201
554586.0 0.6874341048463852
550353.0 0.7077060593838517
564960.0 0.6672160657914255
558582.0 0.6767002886433453
725538.0 0.3621085059564263
677073.0 0.4983157613217944
684498.0 0.4683860231598143
696465.0 0.45292590236168373
730074.0 0.3442469485647295
642510.0 0.5880835139057916
552444.0 0.6940915040042264
669756.0 0.5240125957937456
672321.0 0.5150257852886384
740073.0 0.3275383429952199
672075.0 0.5190310059708116
673782.0 0.50564642723579
674565.0 0.5053656352047204
562845.0 0.67005203610128
548244.0 0.7087461358509501
560394.0 0.6717829137942338
735927.0 0.331764966517394
728073.0 0.35616436954713226
735933.0 0.3307611102261224
729414.0 0.35031974797888915
694113.0 0.4541801442154778
727839.0 0.35930074024699554
729690.0 0.3493458147959865
559077.0 0.6745452228782238
552546.0 0.6886087540577834
728073.0 0.3585028633618026
735933.0 0.3296377682565621
558753.0 0.6746958630638626
735933.0 0.33146697606242254
552546.0 0.6883006016464825
552546.0 0.6899648568283199
552546.0 0.6906534404051715
552546.0 0.6919759756972191
552546.0 0.6896078772773923
552546.0 0.6932804646711477
552546.0 0.688784046522566
552546.0 0.6939833195114371
552546.0 0.6892120384888966
552546.0 0.6936291263046045
552546.0 0.689088883283049
552546.0 0.6916502384376615
552546.0 0.6908307231060326
552546.0 0.6927283093111897
552546.0 0.6924754756437145
552546.0 0.6930005430657052
552546.0 0.6910467231261493
552546.0 0.6920698915354704
552546.0 0.6897736150574947
552546.0 0.6934932241885646
552546.0 0.6884769676720963
552546.0 0.6913253477561704
552546.0 0.6915360238150979
552546.0 0.6913837264123377
552546.0 0.6928052671475068
552546.0 0.6911530640754034
552546.0 0.6922531952968812
552546.0 0.6898815303695506
552546.0 0.6929351293620791
552546.0 0.6907116880923191
552546.0 0.6883686086890156
552546.0 0.6924196187098959
552546.0 0.692266672035982
552546.0 0.6935319886533444
552546.0 0.6891553161639841
552546.0 0.6916074216417929
552546.0 0.69112259221348
552546.0 0.6929877401118318
552546.0 0.6924338039175659
543573.0 0.8117788196055268
748569.0 0.3273724151555793
603312.0 0.6585683737917596
568932.0 0.6599599457132181
544182.0 0.7475504926087573
609189.0 0.6246400233874959
710055.0 0.4227194261763649
666924.0 0.5257355829153951
674538.0 0.5211705627887836
645486.0 0.6110659813920667
657570.0 0.5720560048177142
706053.0 0.4495325033351035
681051.0 0.4804196891093201
628113.0 0.6114646520652027
616467.0 0.612480452537495
710571.0 0.40204107641947073
685752.0 0.4685217048778181
646992.0 0.5808519889126409
700026.0 0.45208643104994667
547413.0 0.7436177410413398
662814.0 0.5498060378747088
679236.0 0.49918220331591
610536.0 0.6152276039913396
692655.0 0.4676309404233257
659727.0 0.5564603311598153
627399.0 0.6121836499909753
547413.0 0.7195953190694109
679569.0 0.4989414107817791
715317.0 0.393346336058275
718659.0 0.3862390931424096
741702.0 0.33030189528139786
695568.0 0.4610678449603933
721749.0 0.38298711580670264
729969.0 0.3514746847316069
748569.0 0.32806244169714033
723168.0 0.3698793446611172
645612.0 0.5974751335741327
556764.0 0.6898915682182366
727413.0 0.3649237882650823
560424.0 0.6732285378151127
740565.0 0.3313047932639206
645753.0 0.5928850707800061
716064.0 0.39198887228379087
645777.0 0.5819589255402539
560394.0 0.6783551527386217
730650.0 0.34445361257924767
554574.0 0.6939441651002979
661872.0 0.5536763878690595
695073.0 0.4618566097364999
735933.0 0.3327040210729711
729354.0 0.36116902539871176
564804.0 0.6725301284167361
722577.0 0.37566064705193725
568326.0 0.6630460663254166
567420.0 0.6683748348115137
732843.0 0.33884816996524586
559002.0 0.6845097803252692
731427.0 0.340699811104507
558963.0 0.685901052552413
733680.0 0.33486329482516297
565884.0 0.6692568651835796
550293.0 0.7133059972620694
723168.0 0.37392371237841765
547746.0 0.7192570302753031
735369.0 0.33449162996323845
550533.0 0.7120934576976855
548496.0 0.714909367348687
548496.0 0.715316795932766
662748.0 0.5500419619748825
565332.0 0.6719557935868591
552546.0 0.7118973217014263
552546.0 0.6980104700716987
728175.0 0.3640768071178237
729354.0 0.3630766401511988
728523.0 0.3631081844361338
735933.0 0.33342639877749686
552546.0 0.6998131233054499
552546.0 0.6975212078691937
552546.0 0.6990965057249249
552546.0 0.7108480198736508
552546.0 0.7043097815065562
552546.0 0.6943894552937377
552546.0 0.7075478778852143
552546.0 0.6971012889090119
552546.0 0.6949290410032667
552546.0 0.6983888397235566
552546.0 0.7058968188084315
552546.0 0.6988721899176686
552546.0 0.7054164079394519
552546.0 0.7098037317731687
552546.0 0.7085618633586591
552546.0 0.7089310451256701
552546.0 0.7079998103884602
552546.0 0.7020731375434923
552546.0 0.7093584836975243
552546.0 0.7007075267270539
552546.0 0.7093763824522321
552546.0 0.7112458183300377
552546.0 0.7027252832301352
552546.0 0.7050257063658933
552546.0 0.6967736732500488
552546.0 0.7023078964137806
552546.0 0.6964261531206887
552546.0 0.7039471499873776
552546.0 0.7012823329834954
552546.0 0.7035890324263512
552546.0 0.7004393584353227
552546.0 0.698283614793887
552546.0 0.7088476341208841
552546.0 0.6954637982624449
552546.0 0.6978613811716976
552546.0 0.704625221385877
552546.0 0.7116213988525758
552546.0 0.6957677189070721
552546.0 0.7010548547917315
552546.0 0.6999153338436743
552546.0 0.7105182635516298
552546.0 0.708311693951599
552546.0 0.6941109885655726
552546.0 0.6951067052209333
552546.0 0.7080001337845738
552546.0 0.7065265305168043
552546.0 0.7047181672948818
552546.0 0.7018586283921044
552546.0 0.70685653069514
552546.0 0.6953088752496613
552546.0 0.7037648510392699
552546.0 0.7100094401033396
552546.0 0.7030338492874116
552546.0 0.71186861980254
552546.0 0.6980104700716987
552546.0 0.7015036431065103
552546.0 0.700157544402269
552546.0 0.7115146878756973
552546.0 0.7066049183273585
552546.0 0.7031210880921499
552546.0 0.7028444049110751
552546.0 0.6969189676905585
552546.0 0.7002184399997076
552546.0 0.7083278488806029
552546.0 0.7062824087859852
552546.0 0.7033851568149656
552546.0 0.7101882999633372
552546.0 0.7023045560032521
552546.0 0.7032955930082294
552546.0 0.7053534643999056
552546.0 0.6960457451263948
552546.0 0.7051957283872907
552546.0 0.6989492748857303
552546.0 0.7073462142949954
552546.0 0.7099048957079577
552546.0 0.7061250145451884
552546.0 0.7113544820098587
552546.0 0.6949878247558844
552546.0 0.7005970163684249
552546.0 0.6961699988572689
552546.0 0.70513946608874
552546.0 0.7070547149236749
552546.0 0.6942668745402467
552546.0 0.7011228378557004
552546.0 0.7038755336815308
552546.0 0.7062824087859852
552546.0 0.6954041107129529
552546.0 0.6990841572851128
552546.0 0.6968466046986762
552546.0 0.6958124224516855
552546.0 0.6959555323770468
552546.0 0.7102457993713667
552546.0 0.7072541663885815
552546.0 0.6979421838475867
552546.0 0.7069510607143895
552546.0 0.6942717144950802
552546.0 0.6963785105773066
552546.0 0.7017721719381184
552546.0 0.7103478068950825
552546.0 0.705992711250602
552546.0 0.7071165773677683
552546.0 0.7006167219134233
552546.0 0.7104348034784665
552546.0 0.7103211501849868
552546.0 0.7060844295949342
552546.0 0.6959092456470624
552546.0 0.7027750281057279
552546.0 0.7073378639260115
552546.0 0.7017019562248307
552546.0 0.7033458519768577
552546.0 0.7112752445026748
552546.0 0.696296512973951
552546.0 0.7016470696164059
552546.0 0.7113302469674287
552546.0 0.6963063213410644
552546.0 0.6962177854183244
552546.0 0.7065908758448102
552546.0 0.7060277744688529
552546.0 0.7039225099923908
552546.0 0.706902614298537
552546.0 0.7017391125060958
552546.0 0.7072088063259574
552546.0 0.6980104700716987
552546.0 0.7015554047613415
552546.0 0.7010942472453386
552546.0 0.7001872258077243
552546.0 0.6978830824872547
552546.0 0.7071653569337155
552546.0 0.7016112507938229
552546.0 0.7046685164377963
552546.0 0.7047181672948818
552546.0 0.7069277222843555
552546.0 0.6962177854183244
552546.0 0.710479602582107
552546.0 0.6959092456470624
552546.0 0.7104563850999678
552546.0 0.7046685164377963
552546.0 0.7027484468656693
552546.0 0.7010548547917315
552546.0 0.701571878445486
552546.0 0.7071853764890377
552546.0 0.7060074788570088
552546.0 0.7011228378557004
552546.0 0.7016217484388151
552546.0 0.7105040466501298
552546.0 0.7027348325950215
552546.0 0.6978830824872547
552546.0 0.7071714467124924
552546.0 0.7093763824522321
552546.0 0.701571878445486
552546.0 0.7105040466501298
552546.0 0.7016217484388151
552546.0 0.6962994557554911
552546.0 0.7023078964137806
552546.0 0.7080001337845738
552546.0 0.6980104700716987
552546.0 0.6980104700716987
552546.0 0.6980104700716987
552546.0 0.6980104700716987
552546.0 0.6980104700716987
552546.0 0.6980104700716987
552546.0 0.6980104700716987
552546.0 0.6980104700716987
552546.0 0.6980104700716987
552546.0 0.7062824087859852
552546.0 0.6980104700716987
552546.0 0.6980104700716987
552546.0 0.7011228378557004
552546.0 0.6980104700716987
552546.0 0.6980104700716987
552546.0 0.7062824087859852
552546.0 0.7105040466501298
552546.0 0.6980104700716987
552546.0 0.7062824087859852
552546.0 0.6980104700716987
552546.0 0.6980104700716987
552546.0 0.6980104700716987
552546.0 0.7093763824522321
552546.0 0.6980104700716987
552546.0 0.6980104700716987
552546.0 0.701571878445486
552546.0 0.6980104700716987
552546.0 0.6980104700716987
552546.0 0.6980104700716987
552546.0 0.7011228378557004
552546.0 0.6980104700716987
552546.0 0.6980104700716987
552546.0 0.6980104700716987
552546.0 0.6959092456470624
552546.0 0.7105040466501298
552546.0 0.7016217484388151
552546.0 0.6980104700716987
552546.0 0.6980104700716987
552546.0 0.701571878445486
552546.0 0.6980104700716987
547710.0 0.746949226804773
760023.0 0.32966108066218486
611451.0 0.6287145839702025
582690.0 0.660505821313114
632100.0 0.6126675340820953
667707.0 0.5371274976625591
710832.0 0.44627228635170113
744063.0 0.3328115672984079
698949.0 0.4679060115907631
645891.0 0.6039597596498011
700965.0 0.45218384994418886
647646.0 0.5811239150234371
679989.0 0.5068516251382313
620364.0 0.617563362254406
673377.0 0.5259460048850708
715509.0 0.39749574691471445
662136.0 0.5557424760494688
711624.0 0.42183868604341324
687273.0 0.4729712554978239
679587.0 0.5235251334589363
658146.0 0.5741565276641455
572931.0 0.6622129626782739
624312.0 0.6144188555959768
646041.0 0.5945226079483098
552753.0 0.697832546444861
712230.0 0.4151329470048193
683589.0 0.48987501299014535
569322.0 0.6641863279154054
566397.0 0.6734747387443946
660180.0 0.5566547293956258
550314.0 0.7134499461683651
659601.0 0.5737939975357403
551094.0 0.7121414395592195
548766.0 0.7291400103766118
547854.0 0.7309799765222832
685131.0 0.48516908963001293
719322.0 0.3895354930943219
736917.0 0.3329011470086912
686547.0 0.47563768009263646
724071.0 0.3836324516111034
557106.0 0.6921328496677849
727791.0 0.3663744056279792
725892.0 0.37200990159132435
719175.0 0.39216958781683
559053.0 0.685657799261663
724161.0 0.3748585030317803
556614.0 0.6969087369121668
730650.0 0.35479251912503307
562173.0 0.673893486855197
733845.0 0.3432529193331627
560562.0 0.6835909890804708
729855.0 0.36142181677108576
732009.0 0.3456841807595914
729600.0 0.3633529265535038
724161.0 0.3829663799642003
560856.0 0.6784124477681874
711735.0 0.41583154926522814
683781.0 0.48882409176172253
731760.0 0.3510968742260506
560898.0 0.6758945197911824
735759.0 0.34058703967609294
731955.0 0.34918966934032303
548496.0 0.7291982432513141
735933.0 0.34013795039396005
731853.0 0.3497885307242644
735933.0 0.3345860248688472
735933.0 0.33770737427078057
735933.0 0.3370742733722994
735933.0 0.3381385047238209
735933.0 0.3351222662048128
735933.0 0.3357813452191788
735933.0 0.3385908990589084
735933.0 0.33886292368514537
735933.0 0.3392554391548367
735933.0 0.33597380300472746
735933.0 0.33973945485290014
735933.0 0.3365162924778068
735933.0 0.3368100254543612
735933.0 0.3358794666653467
735933.0 0.33950247954974866
735933.0 0.3405317565577728
735933.0 0.33490476695249444
735933.0 0.33470160371220514
735933.0 0.3365330549518845
735933.0 0.3405848133055332
547872.0 0.7559823923409438
745191.0 0.3340908994982258
612570.0 0.6614363636570922
616746.0 0.6332737948381527
589704.0 0.6617485106516222
626220.0 0.6204207782700039
634164.0 0.6140253080871202
711141.0 0.44687137036058105
698700.0 0.4734511215655306
550305.0 0.738965507669855
684021.0 0.5049133734867524
688941.0 0.4790494432881578
720966.0 0.39788193043335346
685722.0 0.4870582068239197
651645.0 0.5976136062203117
581334.0 0.6623763474771686
652185.0 0.5829383512182843
663690.0 0.5593923287632123
675891.0 0.5277645997693764
719061.0 0.4201676044789854
682467.0 0.5239994766361328
647580.0 0.6115568518218971
713781.0 0.4280278784010618
669093.0 0.5412458982118901
701349.0 0.453118078704233
668175.0 0.5425456585130809
658275.0 0.5768347427700746
701241.0 0.4566850963104306
550353.0 0.7154534270491878
724233.0 0.39463698673805014
648303.0 0.6107578631311381
573621.0 0.6623815572020049
565278.0 0.6768845898260539
662154.0 0.5764742283772034
662601.0 0.5652896933469451
568890.0 0.6758033438616998
724233.0 0.38001864600129265
678216.0 0.5263243523569328
740262.0 0.33666425651604065
561276.0 0.6805512815300843
557355.0 0.6934168897649315
554448.0 0.7112034954874928
733257.0 0.3487764666365152
732009.0 0.35289644880970233
559314.0 0.690593808072987
554910.0 0.7023471692186208
729855.0 0.37245363092749145
715767.0 0.42098558730284097
731700.0 0.35927213941130504
569382.0 0.6664482683032898
572190.0 0.6652755372951559
744237.0 0.3358062093080707
737508.0 0.33863696074575667
715662.0 0.42509202789639444
726261.0 0.3735131790409027
556500.0 0.7004426756998277
729858.0 0.3684427887524249
560394.0 0.6861313267104391
724989.0 0.3783242835148683
735483.0 0.3462662289650055
731403.0 0.3663682244713315
731529.0 0.36400268787221685
726117.0 0.3755554011964329
560856.0 0.684560486943664
569748.0 0.6656055409756302
736053.0 0.3390601331168934
556470.0 0.7020688804589399
552546.0 0.7122047420101697
551955.0 0.7142912131383646
550707.0 0.7144109248412938
744825.0 0.33493441600253043
551955.0 0.7122334325622207
735729.0 0.3459027662074419
735933.0 0.34144409684141974
735933.0 0.3445427976831006
552546.0 0.7122296831741627
735933.0 0.3424983445609323
735933.0 0.341714540551581
735933.0 0.3430731946404872
735933.0 0.3441475048709345
735933.0 0.34361326821131066
735933.0 0.34254682026711347
735933.0 0.34422851842646934
735933.0 0.34362388475274813
735933.0 0.34285734629808756
735933.0 0.3444318072064846
735933.0 0.3416583620557552
735933.0 0.3426086378938118
735933.0 0.3444946287704509
735933.0 0.3426053268192483
735933.0 0.34169987595329543
735933.0 0.3445423432333149
548298.0 0.7582656213532304
745095.0 0.33659026966149197
618456.0 0.6413446201641281
575565.0 0.6627824563711712
640812.0 0.6249634418809712
648312.0 0.6114861665688146
550629.0 0.7212368106295183
713529.0 0.45367973982461507
653163.0 0.5846066466467011
652470.0 0.5993392721978307
676899.0 0.5290591750239441
663486.0 0.5794044548390584
705672.0 0.45647132705589744
722220.0 0.4222027052879121
673887.0 0.544936296513991
624555.0 0.6332845671670947
682467.0 0.5264211938744567
700347.0 0.4742991391257173
691977.0 0.48135814338473254
569475.0 0.6751972812399293
713943.0 0.43033647811766795
629964.0 0.6249710101576379
703782.0 0.4660060359583216
573903.0 0.6728171482715521
722919.0 0.4020666470165278
724293.0 0.38148459152227193
723168.0 0.3995648965072864
684897.0 0.5166525039498648
685860.0 0.5055326543956156
739647.0 0.3401294454777114
560877.0 0.6854828980485963
668367.0 0.5575190242327894
556233.0 0.7068541193599654
686832.0 0.4954358719680855
564804.0 0.6809655643014378
666516.0 0.5654920768135275
664032.0 0.5741776239840234
701256.0 0.4728933054704764
744153.0 0.3367300938787024
626958.0 0.6299805191623079
664953.0 0.566463766699722
719469.0 0.4287110730552225
552546.0 0.7124979278782135
714627.0 0.42959176173132935
685023.0 0.5109944836020069
729930.0 0.36893565498131964
668550.0 0.5524747153162753
729249.0 0.3754608269443769
720099.0 0.4275499987110709
558666.0 0.6961799737523064
564456.0 0.6810663264084174
560562.0 0.6910417300788532
689793.0 0.48934569150028234
727083.0 0.3755573219022103
671943.0 0.5496162966036249
557529.0 0.7024867152825549
551160.0 0.7204080960121942
552096.0 0.7138681643405775
671595.0 0.5513060405901485
731613.0 0.3673751688251101
690171.0 0.4825474583214686
558978.0 0.6934758516460304
738123.0 0.34226188104332056
629097.0 0.6281228229063569
687306.0 0.49177858165080046
725538.0 0.3788156808831364
733767.0 0.3572945417258007
733512.0 0.3583777772613121
732171.0 0.36225095561701887
733908.0 0.3508358543615162
688542.0 0.49040631290466735
736455.0 0.3424799248847471
731874.0 0.3630758118120726
734004.0 0.3500290200849668
735735.0 0.3484887060966311
725247.0 0.3802786848376002
690888.0 0.48178368962872736
629844.0 0.6274266127654429
556506.0 0.7040714366959653
735960.0 0.34525753674273013
556662.0 0.7029929144814618
552510.0 0.7127923732361341
735933.0 0.34602195143508746
564456.0 0.6810547329636064
735933.0 0.34661486516400136
735933.0 0.3470471585292024
735933.0 0.3475453166923938
735933.0 0.3467442457844192
735933.0 0.3481037664878842
735933.0 0.34783108955909525
735933.0 0.346256006599565
735933.0 0.3464413335985305
735933.0 0.34696351241522666
735933.0 0.34827811264930614
552546.0 0.712668176484667
735933.0 0.3477817852197492
735933.0 0.3463214466406736
735933.0 0.3476375408070249
735933.0 0.34821019901034156
552546.0 0.712668176484667
735933.0 0.34702562281624316
735933.0 0.34759845776064363
735933.0 0.3475617437781673
552546.0 0.712668176484667
552546.0 0.712668176484667
