495588.0 0.7974865441114136
714183.0 0.18473068553569663
527094.0 0.6197390392868968
618372.0 0.4784701533913346
555666.0 0.604572433957296
691278.0 0.20987048569853906
572274.0 0.5665730424679624
639363.0 0.45963019508105235
601437.0 0.5443701735317124
605790.0 0.524736194479236
514008.0 0.669981244787588
560220.0 0.5870019586589957
649575.0 0.4145413860926667
660189.0 0.3900896122341839
712308.0 0.1997005372088398
688956.0 0.24876385533106327
572274.0 0.564317529929349
670314.0 0.38455231979673693
649407.0 0.44356883825892657
644196.0 0.4499142273589173
671157.0 0.34814472015188125
501564.0 0.7437451522204146
501564.0 0.7594228018539779
676875.0 0.3163473028673865
671157.0 0.3300132802362286
666462.0 0.3861344641710638
510024.0 0.7404976167443522
501564.0 0.757483396541931
602331.0 0.5316992192628827
681951.0 0.2957588748331668
511818.0 0.719205852444667
510048.0 0.7343545557608686
685122.0 0.251440913801278
680445.0 0.30018756430205584
681951.0 0.27835525615592593
714183.0 0.1988730482935196
572274.0 0.5473710120108082
514008.0 0.6761793223530128
681951.0 0.2601164699013196
671157.0 0.34476966424029887
680445.0 0.3071587405455887
514008.0 0.6896209756500589
681951.0 0.27346277459061835
681951.0 0.2540485720857182
514008.0 0.6915029670556309
514008.0 0.7020875133096741
671157.0 0.32122983229265634
680445.0 0.3114193781999575
671157.0 0.32621368288030655
514008.0 0.7085314485876295
681951.0 0.2746562082732407
514008.0 0.7070959157317959
514008.0 0.7027270675275692
514008.0 0.7145974596638727
514008.0 0.7118981766789917
514008.0 0.7170546540252241
514008.0 0.708914911904597
514008.0 0.7129077893308422
514008.0 0.7182453589315148
514008.0 0.7074884071507067
514008.0 0.7187046610536111
514008.0 0.7023930417363752
514008.0 0.7190589429823683
714183.0 0.20641391314214083
714183.0 0.2033556782197283
502935.0 0.7625475871199847
641811.0 0.4879668788987903
649575.0 0.4458464939284842
569958.0 0.6055522838872517
622848.0 0.5434395926333369
604464.0 0.5454460241229582
633282.0 0.5122524705883794
551673.0 0.6211788098900205
685122.0 0.25683796513773643
588861.0 0.5644216209356214
631707.0 0.5325090836946238
541446.0 0.629346742346938
581250.0 0.5866711879221268
659748.0 0.4260195545167274
514152.0 0.6937359030299307
697527.0 0.2484222481691639
576132.0 0.587911697493493
522744.0 0.6719897277980534
705807.0 0.210025850736822
680457.0 0.30375892056581333
676875.0 0.32127589442316273
527202.0 0.654329292148443
518490.0 0.6783410167538354
531438.0 0.6320954225526938
684765.0 0.27895692788996485
511908.0 0.7480026357426383
593298.0 0.5480386245186731
684765.0 0.2964453950434119
701952.0 0.22351608928594766
551094.0 0.6255598731640425
670314.0 0.38626716453337895
676875.0 0.34151195026327613
660261.0 0.41986442658248363
666045.0 0.41109550072282813
506010.0 0.7512551268917239
593298.0 0.5561030482499286
514008.0 0.7197158030246558
511920.0 0.7266615424918077
672240.0 0.3723315606944792
670314.0 0.400574857158365
674241.0 0.3574381360319532
701835.0 0.2355554371761577
714183.0 0.20543929765156116
701475.0 0.24757644346334146
674241.0 0.34378585906092457
531174.0 0.6498119878753144
672240.0 0.3643958848158807
505248.0 0.7601769549888087
531414.0 0.6442664603893201
666462.0 0.4020802907901225
666462.0 0.4052843039058451
514008.0 0.7226999538823937
714183.0 0.2096820953790168
514008.0 0.7251302161877303
514008.0 0.7233051835533778
714183.0 0.20413122709349277
514008.0 0.7212173188123168
514008.0 0.7258980417477997
514008.0 0.7216252757473859
514008.0 0.7229977560671437
716115.0 0.206244541414431
503601.0 0.8002027636187582
503601.0 0.8448528694246236
649872.0 0.47312886390581593
599439.0 0.5786906551136864
577152.0 0.5879852467372643
639861.0 0.5278896025540926
552546.0 0.6248626578313432
538974.0 0.6322038049093166
653298.0 0.44731123782889953
610284.0 0.5553636174229862
706335.0 0.21410423451372942
565632.0 0.6247523381475604
606027.0 0.5768007004417604
533469.0 0.645219303972059
676875.0 0.3546597046209486
685122.0 0.2820572356542974
666462.0 0.42302555036507233
668901.0 0.40936581533958627
622275.0 0.5550568132490552
660261.0 0.43120750740030545
528933.0 0.675923122007237
572559.0 0.62370001665831
522882.0 0.690920060072804
525282.0 0.6810813660755126
679977.0 0.338643696040659
675687.0 0.37168225751915684
637197.0 0.5395304299677707
688956.0 0.2664220051213699
702411.0 0.22654526061099134
505248.0 0.7904360826294209
693507.0 0.2600662364379338
508176.0 0.7585550400659202
632115.0 0.5407664469482645
576132.0 0.6205220246740011
505248.0 0.7715764396674845
623931.0 0.5539103867075934
660261.0 0.4267340079915561
629988.0 0.550999707140968
671157.0 0.39450398092158373
514770.0 0.7159986833539574
684765.0 0.3322308004677934
684825.0 0.2988739978408836
530430.0 0.6602381689377689
684765.0 0.321636533479692
671892.0 0.3930592494239211
505836.0 0.7675778885765404
697023.0 0.25759352117317
674241.0 0.3812088065941204
519084.0 0.6980374116755961
577143.0 0.6069515266063363
531816.0 0.6583135618130725
680457.0 0.3323488491093768
688956.0 0.2630085495240793
638658.0 0.5287373326703729
699711.0 0.2571773611693141
700863.0 0.25026467222291815
518241.0 0.7099027738752531
684765.0 0.30943964634393023
629994.0 0.5467193983723907
576786.0 0.6081100063588488
518199.0 0.7158580657393652
512034.0 0.7572915251040957
702111.0 0.2318779349648925
518268.0 0.6984134776326962
674241.0 0.3786889617653829
701853.0 0.2405700728892547
514008.0 0.7275693946990659
701853.0 0.24482240883799905
512640.0 0.7448493552730304
684765.0 0.30436965595441784
513900.0 0.7403687569962997
513900.0 0.7370317746113801
512172.0 0.746151136174855
531414.0 0.6601228457509697
512172.0 0.7501708555451321
512040.0 0.7536421106901237
512040.0 0.7515390530737742
514008.0 0.7295515505577942
514008.0 0.733770093649634
514008.0 0.7321652994315971
514008.0 0.7290643689987177
514008.0 0.7314086735785549
514008.0 0.730341196142969
514008.0 0.7364120864826686
514008.0 0.7355584593628519
514008.0 0.7294253176173685
514008.0 0.7343176384430111
514008.0 0.7319008954908018
514008.0 0.7351999969161405
514008.0 0.7346264131043502
514008.0 0.7367606264020566
514008.0 0.729685357753651
514008.0 0.7302221631168195
514008.0 0.7353634901933158
514008.0 0.7345343432168902
514008.0 0.7299491515685497
514008.0 0.7299686276074497
514008.0 0.7366257191497287
514008.0 0.7364963126932306
514008.0 0.7355270095913954
728265.0 0.2062686133421894
505155.0 0.838772490455292
589635.0 0.5888850365256573
618990.0 0.5735289723774222
568437.0 0.6252253444349811
650733.0 0.5020958269418954
586710.0 0.6088257168576335
643335.0 0.5309812371976929
534834.0 0.6457042913424862
543030.0 0.633808560606178
505176.0 0.8179250247773555
684663.0 0.33239849282850376
628416.0 0.5569642147353695
552546.0 0.6333324483455278
641016.0 0.552996189080144
719982.0 0.21410350901219727
662034.0 0.44987225212740534
651498.0 0.4829452612872745
662967.0 0.4275212510648525
559659.0 0.6300599601546399
659925.0 0.48235090494658545
659946.0 0.46615318196698874
685122.0 0.3006422001420528
505422.0 0.7835403385172878
522405.0 0.7020274880466789
508812.0 0.7666952860420939
623616.0 0.5572670385828603
702111.0 0.24352377682094745
668901.0 0.4253057743544214
697299.0 0.26289491757344463
688956.0 0.28335256520168445
680391.0 0.36070991451358897
564744.0 0.6253352394761038
680391.0 0.3412999416061603
690882.0 0.26862291759006385
621291.0 0.5721222856726605
641823.0 0.5465769389766968
587058.0 0.6077332322122033
670314.0 0.41412424852703067
526098.0 0.6916596544604112
506160.0 0.783287972313928
709887.0 0.22211880758772426
531174.0 0.6694721755776685
706839.0 0.22945487463359748
674241.0 0.41235203551167077
676875.0 0.38625243938012077
701475.0 0.25866431248410954
688956.0 0.30036702494727807
679971.0 0.3683623316258075
529086.0 0.6844596659952882
519696.0 0.7098325016856625
516372.0 0.7266880557868212
519084.0 0.7226445425956224
690882.0 0.27411989589054797
704451.0 0.2318321550684193
676875.0 0.3766648449500768
514770.0 0.7310901199093831
530583.0 0.6767080923976964
714183.0 0.2141277264531028
675687.0 0.40183883067972015
512169.0 0.752113368010538
699651.0 0.2592878590198606
526446.0 0.6861978171811128
712167.0 0.21951239047074123
519150.0 0.7140138788838666
675687.0 0.40535035731256047
513780.0 0.7513988758236305
511920.0 0.7638549167719185
511920.0 0.7621963354950108
531174.0 0.672606551663622
686622.0 0.30037971573757655
704451.0 0.23092652007638773
676875.0 0.3815932897162456
513984.0 0.7436568350790639
679971.0 0.36393080041854875
675687.0 0.40260918051993577
714183.0 0.21445335323855597
514008.0 0.7370535120871451
676875.0 0.377323169258345
531174.0 0.6704348325457776
679977.0 0.3607934218697235
531174.0 0.6733624201426668
514008.0 0.7374602439236474
714183.0 0.21696700567473862
714183.0 0.21533760119953207
531174.0 0.6724788977942636
514008.0 0.7389470015104516
714183.0 0.21833958300669648
714183.0 0.218706332074205
514008.0 0.7408785119589291
514008.0 0.7415443441328523
514008.0 0.7399491449032756
514008.0 0.7404127077383302
514008.0 0.7424367635423562
514008.0 0.7395350004215239
514008.0 0.7431720606269909
514008.0 0.7406990907798731
514008.0 0.7435265203819412
514008.0 0.7393067474159616
514008.0 0.7427698489103332
714183.0 0.21850421132566278
514008.0 0.7371728186810268
714183.0 0.21418002130996175
514008.0 0.7423029525233689
514008.0 0.743101368485836
514008.0 0.7418666459746587
514008.0 0.742868579277654
514008.0 0.7404795850728548
514008.0 0.7416194192721632
514008.0 0.7391484041015826
514008.0 0.7397450592812405
514008.0 0.7421120101191632
514008.0 0.7418191150231047
514008.0 0.7397978958857054
514008.0 0.7390403341331386
514008.0 0.7421151715484375
514008.0 0.7428123916882577
514008.0 0.7435594538504386
514008.0 0.7371015941170463
505836.0 0.8034260036102524
733245.0 0.20701480962506186
590190.0 0.5942986557441516
619230.0 0.578992233093283
623682.0 0.5585104843088078
576333.0 0.6313502609378246
550974.0 0.6338546697957659
570000.0 0.6316427202995877
642825.0 0.5476269089267013
539235.0 0.6646407562204217
651288.0 0.5290250550088124
666462.0 0.45626314586240463
718479.0 0.21642387399105814
660609.0 0.4728760246481582
543414.0 0.6446989295110581
505836.0 0.783563842553923
520134.0 0.7120887941314759
731775.0 0.20702981505715956
643728.0 0.5468267443362983
655008.0 0.5085961459038058
671157.0 0.41500481887496743
657045.0 0.4882563448252348
531480.0 0.6709233965245543
667923.0 0.441135304804984
679026.0 0.40472325392837494
680457.0 0.3644029430059019
525978.0 0.7069597941895173
702921.0 0.24397204673663908
675687.0 0.41472970911870594
546621.0 0.6397656284603951
518268.0 0.729425035004756
509892.0 0.7705460942344751
680457.0 0.3439482056441374
667923.0 0.43157948092667414
684825.0 0.33445094370809575
680391.0 0.37191141338065703
660258.0 0.48680256089676377
527046.0 0.6871899383279595
701331.0 0.25950689747020694
685167.0 0.32642968727568716
526248.0 0.6957656225548491
515820.0 0.731441790707945
693720.0 0.2744651099631701
680391.0 0.3893077258654055
688479.0 0.30496168111204
688479.0 0.31966723720502566
690171.0 0.29895608256428624
700863.0 0.26189680545633237
698256.0 0.2712986727794473
679977.0 0.3929130181862293
652929.0 0.5192646813609011
690882.0 0.29120079447737834
514710.0 0.742659790909853
530832.0 0.683306321251106
705399.0 0.23797453997698542
653853.0 0.5175814652764111
688479.0 0.32079333313598696
697299.0 0.2716272311752688
511920.0 0.7689250501455225
707763.0 0.233726900484681
513840.0 0.7663861964863147
714183.0 0.22204768802514577
709734.0 0.229858200187893
693453.0 0.28326489012794215
691278.0 0.284583664872902
710928.0 0.22350168954100777
714183.0 0.22297881252588794
731775.0 0.21383488333005385
680391.0 0.365477544439996
531174.0 0.6782145578500414
513840.0 0.7602216205114902
692649.0 0.2842015558904439
709959.0 0.2265955219653189
705999.0 0.23393049039912536
710340.0 0.22464606444605092
705741.0 0.23487643373170183
513900.0 0.758374180902022
731775.0 0.21583255061919698
513984.0 0.7548056145795415
714183.0 0.21963936921203753
531174.0 0.6809507603531633
531174.0 0.6792867977002979
514008.0 0.7471795642303355
513864.0 0.759386352409486
731775.0 0.21495082181422737
531174.0 0.6806655963117125
714183.0 0.22096282891740446
514008.0 0.7437769332795174
531174.0 0.6783330646313536
714183.0 0.2204639738318491
714183.0 0.22276102060551295
731775.0 0.21565267155650777
514008.0 0.7489696325329922
714183.0 0.2199111800507476
514008.0 0.7458278118572883
514008.0 0.7477374728596479
514008.0 0.7509782428833952
514008.0 0.7496006492575881
514008.0 0.751243714155311
514008.0 0.7516646490996886
514008.0 0.7542096224557309
514008.0 0.7535934130972262
514008.0 0.7463909602885033
514008.0 0.7504829119619607
514008.0 0.7448685288486442
514008.0 0.7533353847982018
714183.0 0.22324670688180998
514008.0 0.752924498852487
514008.0 0.7473594787311201
514008.0 0.7445235966916453
514008.0 0.7485629595916352
514008.0 0.7525398128889779
514008.0 0.7519050711505763
514008.0 0.7482845280518153
514008.0 0.7481230206010107
514008.0 0.7545886716645605
514008.0 0.7528194032809292
514008.0 0.744076718180975
514008.0 0.7443673204714887
514008.0 0.7543591241922112
514008.0 0.7450036879824796
514008.0 0.7502459696640679
514008.0 0.7454177539081671
514008.0 0.7469445920295835
514008.0 0.7441525366254762
514008.0 0.7500724398113383
514008.0 0.7520968693819472
714183.0 0.2229841091608267
514008.0 0.7452026412374121
514008.0 0.7456241180255182
514008.0 0.7464305501964716
514008.0 0.7534641660920804
514008.0 0.7487438643210889
514008.0 0.7504004488293621
514008.0 0.749729245482467
514008.0 0.7499635480578722
514008.0 0.7498370983526155
514008.0 0.7466424375946153
514008.0 0.7452578088532427
514008.0 0.7523861990577041
514008.0 0.7455737086203346
714183.0 0.22294103452287245
514008.0 0.7547500319091576
514008.0 0.7487314395650738
514008.0 0.747230321649542
514008.0 0.7468751687239854
514008.0 0.7523257079821111
514008.0 0.7481489013087044
514008.0 0.7542408820342441
514008.0 0.7535844620546354
514008.0 0.7467661169954245
514008.0 0.7522175604478224
514008.0 0.7521810847838507
514008.0 0.7466748152280469
514008.0 0.7467551181151778
514008.0 0.7547855569678595
714183.0 0.22295952423378873
514008.0 0.7522107687301354
514008.0 0.7466529363112744
731847.0 0.21315182281769837
508812.0 0.7994390515860745
660261.0 0.4888981981550603
617019.0 0.5947101299441404
680211.0 0.41136753354705485
657720.0 0.52264295785323
581733.0 0.6327756875077415
638511.0 0.5680593396373755
680457.0 0.36556194548827264
599808.0 0.59924665939813
650562.0 0.5536096200655798
624186.0 0.572991036901909
671067.0 0.45870134299952353
591957.0 0.6266025873729453
552546.0 0.6380553509293335
651642.0 0.539434618805512
719703.0 0.21748645754771764
566316.0 0.637149476217183
568890.0 0.6353791863980696
539610.0 0.6671271706105847
630969.0 0.5694521515610919
671892.0 0.45722635328540207
532530.0 0.6771854191504751
731775.0 0.21683236368998424
685377.0 0.33897302390105977
547554.0 0.6424397757121184
691278.0 0.29485319496798196
691278.0 0.32335562844674653
592215.0 0.6015779896483289
684765.0 0.3580401056340536
691113.0 0.32791357983943514
545904.0 0.654491984839592
543822.0 0.6629002247286031
671892.0 0.4373159039776717
510039.0 0.7822008737670768
526311.0 0.7168306212275913
703587.0 0.24520117477665157
526452.0 0.6973025266829712
515232.0 0.7486726723811944
708033.0 0.23417960428874837
594576.0 0.6004394936479189
703587.0 0.2585537089340075
684825.0 0.3458900853885807
712071.0 0.23330383632770713
510204.0 0.7754200599581613
714846.0 0.219747095262593
527187.0 0.6877337610587194
701331.0 0.261933995452635
517518.0 0.7399232096188546
671892.0 0.4267136365664533
699651.0 0.2733570968234914
697299.0 0.28059044857466425
522732.0 0.7270993758474211
712098.0 0.22504095864933474
705999.0 0.23995183418357272
513840.0 0.7728417148180935
525768.0 0.7238874814382407
518772.0 0.7296990499632353
701331.0 0.2705529882973583
697191.0 0.28362127137206805
692649.0 0.2932533271609194
705423.0 0.24003987591046402
531174.0 0.684079997528741
671892.0 0.4286297432355074
521856.0 0.7290685339382295
695139.0 0.2877656625990845
531414.0 0.6819593714030485
514152.0 0.7543800889448744
526248.0 0.7237403360614917
693453.0 0.28872405498396964
527148.0 0.6942970713587489
714183.0 0.22356590082044164
518226.0 0.7354177291215938
700863.0 0.2728064389147778
518712.0 0.7329594374473642
518124.0 0.738634686966428
714399.0 0.22261884834233298
693831.0 0.2882158904199537
527124.0 0.6956207646670894
697191.0 0.2870741629848433
522024.0 0.7282283323450475
671892.0 0.4580281782776203
531174.0 0.6862291942719476
531174.0 0.6842636508505803
714183.0 0.22468372866686603
531174.0 0.6834456984247336
531174.0 0.6867295834695422
531174.0 0.6837513721671449
514008.0 0.7548969584334725
514008.0 0.7709763070647675
514008.0 0.769398778273354
514008.0 0.7689516834712705
514008.0 0.7560072937215457
514008.0 0.7563599417222486
514008.0 0.759535703427212
514008.0 0.7639883530328794
514008.0 0.7570523286143411
514008.0 0.7700373236691556
514008.0 0.7717033772944519
514008.0 0.7628062177950589
514008.0 0.764834278608738
514008.0 0.768136306495112
514008.0 0.7552410339599005
514008.0 0.7686881081641356
514008.0 0.7713478767091819
514008.0 0.7722278309547657
514008.0 0.766751415939197
514008.0 0.764219455521375
514008.0 0.7636368146337194
514008.0 0.7705578884065365
514008.0 0.7557223751941863
514008.0 0.7624435425628092
514008.0 0.75662708837686
514008.0 0.7644243900582841
514008.0 0.7591393508241362
514008.0 0.7671490565839197
514008.0 0.7684644290570951
514008.0 0.7588192713848269
514008.0 0.7697100241594974
514008.0 0.7573384130202944
514008.0 0.7591393508241362
514008.0 0.7678063895709739
514008.0 0.7704008449651131
514008.0 0.7583567929950145
514008.0 0.7651434209792266
514008.0 0.7632077078118962
514008.0 0.7714465811038373
514008.0 0.7719964425207105
514008.0 0.7602350296630506
514008.0 0.7661691227824864
514008.0 0.7580433623791889
514008.0 0.7674479716672905
514008.0 0.7621320726210506
514008.0 0.7683041379285119
514008.0 0.7725023376050159
514008.0 0.7655362675885922
514008.0 0.7649400391156321
514008.0 0.7664538369763563
514008.0 0.7555891577338413
514008.0 0.7571630149765484
514008.0 0.7614384856746135
514008.0 0.7660260989271241
514008.0 0.7635677350259273
514008.0 0.7600736330175453
514008.0 0.760530950227383
514008.0 0.7658736757403661
514008.0 0.7677649990320554
514008.0 0.7607636666389855
514008.0 0.7590011132006976
514008.0 0.7586188572481366
514008.0 0.7623205959934528
514008.0 0.7599779935426724
514008.0 0.7675607795137794
514008.0 0.7606992275495348
514008.0 0.772056296887657
514008.0 0.759750672366176
514008.0 0.772704268090161
514008.0 0.7604216992966866
514008.0 0.7698448628068302
514008.0 0.761908938408576
514008.0 0.757541955679934
514008.0 0.7597306441945424
514008.0 0.765662576721432
514008.0 0.7663731176575974
514008.0 0.7653463872909323
514008.0 0.7630139149739791
514008.0 0.7644243900582841
514008.0 0.7612394263271053
514008.0 0.7617547210539756
514008.0 0.7633843222561807
514008.0 0.7629796133677589
514008.0 0.7609402727594515
514008.0 0.7576516528534175
514008.0 0.7567724214601961
514008.0 0.7616410961582636
514008.0 0.7579279404858804
514008.0 0.7553946321891865
514008.0 0.758581019165951
514008.0 0.7633699317205352
514008.0 0.7584378283764208
514008.0 0.7652971889263861
514008.0 0.7568824432886445
514008.0 0.7554268887824139
514008.0 0.7619843933910749
514008.0 0.7704335612339477
514008.0 0.7577445139925088
514008.0 0.765910512379369
514008.0 0.7609587288691135
514008.0 0.7612341635732511
514008.0 0.7726151553978652
514008.0 0.761091148659202
514008.0 0.7668920812895267
514008.0 0.7569833238318234
514008.0 0.7590587171754233
514008.0 0.7615223235904229
514008.0 0.761091148659202
514008.0 0.765662576721432
514008.0 0.7705578884065365
514008.0 0.7578108493057429
514008.0 0.7617105274176478
514008.0 0.7697791149071547
514008.0 0.7568186733430382
514008.0 0.7575498464934184
514008.0 0.7604503553884495
514008.0 0.7599859839973288
514008.0 0.7579966303009549
514008.0 0.7670619205646739
514008.0 0.7615036451769748
514008.0 0.7591393508241362
514008.0 0.7725612343277792
514008.0 0.7570230570375168
514008.0 0.7674856426376597
514008.0 0.7578043758190491
514008.0 0.76982231353456
514008.0 0.7619662542201184
514008.0 0.7623696623668841
514008.0 0.7725443254041751
514008.0 0.7623900550929432
514008.0 0.7669839341448159
514008.0 0.7669290580458676
514008.0 0.7670367512110868
514008.0 0.7669839341448159
514008.0 0.7584056217665286
514008.0 0.7580158288236251
514008.0 0.7675153784909139
514008.0 0.7675314444710297
514008.0 0.7664233232891853
514008.0 0.7668920812895267
514008.0 0.7669290580458676
514008.0 0.7630026900150132
514008.0 0.766409826386268
514008.0 0.7704008449651131
514008.0 0.7554251183343276
514008.0 0.7584091756664765
514008.0 0.7653268310529447
514008.0 0.7663902080302127
514008.0 0.7664512474828704
514008.0 0.7653145287759704
514008.0 0.7670619205646739
514008.0 0.7670367512110868
514008.0 0.7623852515757047
514008.0 0.7597470226125644
514008.0 0.7619737347711417
514008.0 0.7663791750653182
514008.0 0.7584056217665286
514008.0 0.7644243900582841
514008.0 0.7644243900582841
514008.0 0.7644243900582841
514008.0 0.7644243900582841
514008.0 0.7644243900582841
514008.0 0.7644243900582841
514008.0 0.7644243900582841
514008.0 0.7644243900582841
514008.0 0.7644243900582841
514008.0 0.7644243900582841
514008.0 0.7644243900582841
514008.0 0.7644243900582841
514008.0 0.7644243900582841
514008.0 0.7644243900582841
514008.0 0.7670619205646739
514008.0 0.761091148659202
514008.0 0.7644243900582841
514008.0 0.7644243900582841
514008.0 0.7669839341448159
514008.0 0.7644243900582841
514008.0 0.7644243900582841
514008.0 0.7644243900582841
514008.0 0.7670619205646739
514008.0 0.7644243900582841
514008.0 0.7644243900582841
514008.0 0.7644243900582841
514008.0 0.7644243900582841
514008.0 0.7644243900582841
514008.0 0.7644243900582841
514008.0 0.7644243900582841
514008.0 0.7644243900582841
514008.0 0.7669839341448159
514008.0 0.7644243900582841
514008.0 0.7644243900582841
514008.0 0.7644243900582841
514008.0 0.7644243900582841
514008.0 0.7644243900582841
514008.0 0.7644243900582841
514008.0 0.765662576721432
514008.0 0.7644243900582841
514008.0 0.7644243900582841
509607.0 0.8132838721533234
738021.0 0.2167054749791337
671892.0 0.4634529551413888
662955.0 0.49008560485558417
625500.0 0.5788350432192141
635871.0 0.5700251710317131
593754.0 0.6260390041448697
575079.0 0.6384719478748948
587316.0 0.6366376415786659
564402.0 0.6390881803883671
661383.0 0.5098517003159228
603105.0 0.5997935038879539
598539.0 0.6009520514218318
717963.0 0.22003886329715602
646896.0 0.5690076359078684
617151.0 0.5977003947853213
618468.0 0.5958426551655165
691278.0 0.3360285157458617
552810.0 0.6394842973903919
679983.0 0.4274512853401846
652449.0 0.5680842937433205
731775.0 0.21874373970998037
544512.0 0.6703874508401667
547350.0 0.6550997862190773
659856.0 0.535267675612577
654150.0 0.5499305477358073
692649.0 0.30960822248198877
680910.0 0.40124250884160445
534816.0 0.6772440785362238
673380.0 0.4432771189846755
514320.0 0.7624984261638229
515910.0 0.7493842946100474
510006.0 0.8076548347589534
688479.0 0.339205458771008
704451.0 0.25399742361001326
705579.0 0.24225427501053412
511908.0 0.7911674254364865
654615.0 0.5413894315455374
527010.0 0.6994641742616292
697299.0 0.28709880359230755
685122.0 0.3476144426210613
693801.0 0.29239993573724726
549150.0 0.6476348245320508
708153.0 0.23778006540803365
532362.0 0.685337998344753
526896.0 0.7143640643489393
699117.0 0.28185404065559455
659364.0 0.5387902429296901
517650.0 0.7429051813655637
539694.0 0.6739619972903874
522498.0 0.7291411839361508
676743.0 0.4374442073071631
677043.0 0.4293474040759135
681420.0 0.39301852209366994
684897.0 0.3677738018548302
703713.0 0.2645486431942952
681846.0 0.3685856533132203
551307.0 0.6437663357615686
712002.0 0.23739135923831906
731775.0 0.2198150800828292
539694.0 0.6709110404378015
513858.0 0.7731230656527207
681846.0 0.37764135121287656
681846.0 0.3830295049191909
684897.0 0.3586672022856294
526089.0 0.7243426785177505
513858.0 0.7844771462718623
675174.0 0.44303814869103547
701196.0 0.27725307876134914
714891.0 0.22098564458557174
512034.0 0.7874041654888615
701835.0 0.26505058941770954
514008.0 0.7728780611924364
684897.0 0.3532549939192323
701475.0 0.26999982301459274
529062.0 0.6955580973293427
692649.0 0.3018018940636694
518550.0 0.7369320369153436
681420.0 0.4002931743837739
692649.0 0.2970109526666568
712308.0 0.2298977283994183
520959.0 0.7297618865317986
520464.0 0.7358647323933001
701196.0 0.2737047102505982
529200.0 0.6930571533792179
520581.0 0.7327000258237852
714039.0 0.22716878850696648
526752.0 0.7189969932746202
712221.0 0.23115389037945575
714255.0 0.2239243508237328
692649.0 0.30443921568243626
531174.0 0.6909017677829445
526374.0 0.7202168017850035
518706.0 0.736102622644966
692649.0 0.3030623943170774
526311.0 0.7241291808368452
531174.0 0.6884166998668648
531174.0 0.6929396618365802
529086.0 0.6951060827107022
714183.0 0.22568721939927522
731775.0 0.217640507919888
712227.0 0.23101305946029257
531174.0 0.6911964352766997
531174.0 0.6891561570797565
531174.0 0.6899130711073488
731775.0 0.21858710910910875
731775.0 0.21925284472548784
531174.0 0.6922024740730608
714111.0 0.22687864549360384
714183.0 0.2264692976862398
531174.0 0.6896824633317317
531174.0 0.6928758764473657
531174.0 0.6922152568099341
714063.0 0.22713795451313296
514008.0 0.7728837888957748
714183.0 0.2260956155044605
714183.0 0.22584630477334966
714183.0 0.2260567110967923
514008.0 0.7729518325077327
531174.0 0.6930341795184948
731820.0 0.2197508609500464
672426.0 0.4818265718712422
681846.0 0.4001733770720881
679971.0 0.4378745826798793
673704.0 0.4442025897118267
721839.0 0.2213836394114726
673704.0 0.46576883793743545
685167.0 0.35813930472706507
718209.0 0.22346529842592833
729750.0 0.22072594830303874
692649.0 0.338492917843754
698256.0 0.2892197767068367
681342.0 0.4203517610010506
690171.0 0.3450415129619409
696090.0 0.29289852936319727
685377.0 0.34849382611792484
693453.0 0.32671380144888923
696090.0 0.30529109935912124
714255.0 0.22637392130104883
700863.0 0.28468675792734166
705375.0 0.2557461337259145
681342.0 0.4108367674140994
708153.0 0.2425175801183404
685167.0 0.34912759331057575
690171.0 0.34232105439022364
706335.0 0.24526876342705553
693801.0 0.31174883192521763
693453.0 0.3166853915413976
705807.0 0.2495782597932318
704757.0 0.2639658774011526
701952.0 0.27214589111453813
701196.0 0.2819013086817115
703389.0 0.2694592837888889
712491.0 0.2373284560398512
712002.0 0.2395795310996989
714090.0 0.23669678031064553
681342.0 0.40797595042344553
709734.0 0.24199677905243266
729807.0 0.22020853850408417
710340.0 0.23992143344324734
701331.0 0.27403246521036273
703923.0 0.2687169652394321
704451.0 0.26537502487188164
685167.0 0.3516422532728739
693801.0 0.30611977610709545
685167.0 0.35740857038307067
693507.0 0.3118123647081525
709965.0 0.24012614901782467
701475.0 0.2738884144085647
714111.0 0.23293506133261987
714183.0 0.22782173504794748
714183.0 0.22949168278786572
714183.0 0.22871435275722707
714183.0 0.23256640635721906
714183.0 0.2282199530734018
714183.0 0.23200151069924355
714183.0 0.2278899159298058
714183.0 0.23092463539287983
714183.0 0.23059614101034462
714183.0 0.23154083437198747
714183.0 0.23044510774086396
714183.0 0.2297823116107681
714183.0 0.231844865315709
714183.0 0.23013636581479352
714183.0 0.23111948455132358
714183.0 0.23279800197758574
714183.0 0.23014705695553256
714183.0 0.22969493896452622
714183.0 0.23138164082158003
714183.0 0.22804696021980364
714183.0 0.23126954630418467
714183.0 0.22808274723279798
714183.0 0.23195537593448842
714183.0 0.23290495336538244
714183.0 0.23130201617532373
731775.0 0.22084904444012785
674199.0 0.4645326887555039
731775.0 0.22108103813619506
685377.0 0.37811436256125847
681420.0 0.4201326762928202
722151.0 0.2219334687895058
675687.0 0.44620118785475804
714288.0 0.22841814910167996
685377.0 0.36038118836792843
721305.0 0.22570329899281133
693720.0 0.32690461406391896
695139.0 0.31042551468510593
691233.0 0.3456390528230968
697023.0 0.29693180165350785
680211.0 0.44465632265546035
693720.0 0.343982400158581
674253.0 0.4598261745411408
699711.0 0.2902941133610899
695139.0 0.32169002126854795
688479.0 0.3548598710845356
681420.0 0.4280573193130896
688743.0 0.35321296799532137
701475.0 0.28549161787461896
697863.0 0.2932387820180468
709710.0 0.24279611487172262
707763.0 0.2493409803724299
709350.0 0.2472533402164149
703848.0 0.2738020544258879
711990.0 0.24067955696824997
705525.0 0.2630491741240375
681420.0 0.43054186972812875
681342.0 0.44016055460799136
705063.0 0.2700873638091017
702933.0 0.27495280682462103
712158.0 0.2401340747865058
701487.0 0.2793132344743083
681342.0 0.44223417940543436
714183.0 0.23785468487596073
705741.0 0.25725930571569333
681420.0 0.4261809983476254
721875.0 0.2245183385897596
705525.0 0.26862305143345055
701787.0 0.27537219504161425
706335.0 0.2500572597073491
706335.0 0.25442397864146304
706107.0 0.2567253715704184
706335.0 0.25035165032992684
701520.0 0.2760413345829364
714183.0 0.23295986835685856
705159.0 0.26874378473387023
714183.0 0.23337030077903279
714183.0 0.23556034517697863
714183.0 0.23409124027434736
714183.0 0.23477474780390684
714183.0 0.2339266380436274
714183.0 0.23300388882957548
714183.0 0.23503683756451452
714183.0 0.2380892600832261
714183.0 0.23586397370354745
714183.0 0.23622159434890658
714183.0 0.23313127542949663
714183.0 0.23670129603956594
714183.0 0.23748964759264704
714183.0 0.23954921942701943
714183.0 0.2388855856002482
714183.0 0.2364194902063479
714183.0 0.23579697656663343
714183.0 0.23824469485904776
714183.0 0.23977772591528512
714183.0 0.23911003567524167
714183.0 0.23728535281248603
714183.0 0.24007223324487217
714183.0 0.2386731735107215
714183.0 0.23989243388208056
714183.0 0.2392968008447333
714183.0 0.23484733307136443
714183.0 0.23714645239168203
714183.0 0.23682482108389044
714183.0 0.2384820350039041
714183.0 0.23699046851220806
714183.0 0.2349748414453789
714183.0 0.23772409670674102
714183.0 0.23762062891166658
714183.0 0.2340162734993457
714183.0 0.2393115488509832
714183.0 0.2394397555034873
714183.0 0.23726680590939614
714183.0 0.2385761650688265
714183.0 0.23783059955610442
714183.0 0.23907169151753915
714183.0 0.23632713277494366
714183.0 0.23838285277352467
714183.0 0.2383362276009711
714183.0 0.23985885146364216
714183.0 0.23898207540662733
714183.0 0.23946949758435285
714183.0 0.23896941887897455
714183.0 0.23706938526000426
714183.0 0.23861396229072981
714183.0 0.2367711170521565
714183.0 0.23640628976439815
714183.0 0.23978227829402796
714183.0 0.2362846958388487
714183.0 0.2376648103954516
714183.0 0.23502467802203084
714183.0 0.2401133503572665
714183.0 0.2370502540661653
714183.0 0.23700842968107397
714183.0 0.23867186014234779
714183.0 0.23625249908205978
714183.0 0.23679413891614357
714183.0 0.23836125980238526
714183.0 0.23765471469972899
714183.0 0.2329815516201436
714183.0 0.23583870707375543
714183.0 0.23623074902708893
714183.0 0.23945260071051655
714183.0 0.23584201342816868
714183.0 0.23583870707375543
714183.0 0.23583870707375543
714183.0 0.23583870707375543
714183.0 0.23583870707375543
714183.0 0.23583870707375543
