514008.0 0.7027270675275692
714183.0 0.2033556782197283
618372.0 0.4784701533913346
560220.0 0.5870019586589957
593298.0 0.5480386245186731
605790.0 0.524736194479236
639363.0 0.45963019508105235
659748.0 0.4260195545167274
679026.0 0.40472325392837494
691113.0 0.32791357983943514
522744.0 0.6719897277980534
684663.0 0.33239849282850376
649407.0 0.44356883825892657
710928.0 0.22350168954100777
705579.0 0.2689666707533333
593298.0 0.5561030482499286
555666.0 0.604572433957296
541446.0 0.629346742346938
679971.0 0.3683623316258075
704508.0 0.28830860784943635
705579.0 0.24225427501053412
531438.0 0.6320954225526938
698037.0 0.3015802248790203
527202.0 0.654329292148443
644196.0 0.4499142273589173
666045.0 0.41109550072282813
601437.0 0.5443701735317124
668901.0 0.40936581533958627
679971.0 0.36393080041854875
519084.0 0.6980374116755961
531174.0 0.6498119878753144
552546.0 0.6248626578313432
551094.0 0.6255598731640425
602331.0 0.5316992192628827
698037.0 0.29957871984988305
518268.0 0.6984134776326962
733245.0 0.20701480962506186
516426.0 0.777900459573991
577152.0 0.5879852467372643
680910.0 0.40124250884160445
599439.0 0.5786906551136864
641811.0 0.4879668788987903
653298.0 0.44731123782889953
705081.0 0.30642011073134773
518241.0 0.7099027738752531
668901.0 0.4253057743544214
516426.0 0.750182590934013
633282.0 0.5122524705883794
706755.0 0.25895012354181407
649872.0 0.47312886390581593
569958.0 0.6055522838872517
610284.0 0.5553636174229862
662967.0 0.4275212510648525
543030.0 0.633808560606178
631707.0 0.5325090836946238
686115.0 0.3721304750779221
533469.0 0.645219303972059
606027.0 0.5768007004417604
565632.0 0.6247523381475604
714891.0 0.22098564458557174
719703.0 0.21748645754771764
552546.0 0.6333324483455278
622848.0 0.5434395926333369
522882.0 0.690920060072804
622275.0 0.5550568132490552
559659.0 0.6300599601546399
710928.0 0.24306665272968872
697017.0 0.33526474022510266
528933.0 0.675923122007237
698049.0 0.31445398820956943
731775.0 0.21583255061919698
525282.0 0.6810813660755126
710241.0 0.24904612260594958
694503.0 0.35034105177118174
530430.0 0.6602381689377689
698049.0 0.3215298343636621
531816.0 0.6583135618130725
690669.0 0.37202670355945705
691440.0 0.35596588893678816
690777.0 0.3616287458440184
694503.0 0.3525013327195049
731775.0 0.20702981505715956
731775.0 0.21383488333005385
731775.0 0.21495082181422737
731775.0 0.21683236368998424
731775.0 0.21565267155650777
731847.0 0.21315182281769837
517626.0 0.832691648915453
589635.0 0.5888850365256573
518268.0 0.729425035004756
618990.0 0.5735289723774222
650733.0 0.5020958269418954
550974.0 0.6338546697957659
677043.0 0.4293474040759135
705096.0 0.30692736990138164
568437.0 0.6252253444349811
686598.0 0.4128186035523389
639861.0 0.5278896025540926
697911.0 0.34559184457205916
690306.0 0.3724993867379853
539610.0 0.6671271706105847
577143.0 0.6069515266063363
710928.0 0.2574016644838052
662034.0 0.44987225212740534
543414.0 0.6446989295110581
702858.0 0.34380329606362603
651498.0 0.4829452612872745
667923.0 0.441135304804984
572559.0 0.62370001665831
659925.0 0.48235090494658545
709302.0 0.28979585426931354
687393.0 0.38760694303393445
659946.0 0.46615318196698874
525978.0 0.7069597941895173
709908.0 0.28128961181386963
519150.0 0.7140138788838666
714411.0 0.24394144355321343
546621.0 0.6397656284603951
637197.0 0.5395304299677707
576786.0 0.6081100063588488
621291.0 0.5721222856726605
667923.0 0.43157948092667414
719703.0 0.23142548354355327
531174.0 0.6733624201426668
632115.0 0.5407664469482645
715809.0 0.23854976242691045
725091.0 0.2248841310282622
623616.0 0.5572670385828603
629988.0 0.550999707140968
623931.0 0.5539103867075934
688254.0 0.378664652460407
721305.0 0.22570329899281133
529086.0 0.6844596659952882
638658.0 0.5287373326703729
519084.0 0.7226445425956224
729750.0 0.22230708133493002
530583.0 0.6767080923976964
629994.0 0.5467193983723907
701889.0 0.3446435097909404
527187.0 0.6877337610587194
527010.0 0.6994641742616292
731775.0 0.217640507919888
527148.0 0.6942970713587489
729807.0 0.22020853850408417
527124.0 0.6956207646670894
531174.0 0.6694721755776685
531174.0 0.6704348325457776
531174.0 0.672606551663622
729750.0 0.22072594830303874
531174.0 0.6724788977942636
731775.0 0.21925284472548784
731775.0 0.21858710910910875
731775.0 0.2198150800828292
731775.0 0.21874373970998037
738021.0 0.2167054749791337
519084.0 0.7421298913660859
519084.0 0.7536236735538817
619230.0 0.578992233093283
590190.0 0.5942986557441516
576333.0 0.6313502609378246
671067.0 0.45870134299952353
707454.0 0.3084781691150796
660609.0 0.4728760246481582
552546.0 0.6380553509293335
586710.0 0.6088257168576335
710391.0 0.2813144488859854
628416.0 0.5569642147353695
687072.0 0.4349984411922133
688197.0 0.411019459036184
623682.0 0.5585104843088078
641016.0 0.552996189080144
566316.0 0.637149476217183
643335.0 0.5309812371976929
705183.0 0.32598330292787325
539694.0 0.6709110404378015
679971.0 0.4378745826798793
655008.0 0.5085961459038058
690777.0 0.3730486394784839
651288.0 0.5290250550088124
701775.0 0.36550200414432327
705183.0 0.3421871376804226
713163.0 0.27335695108849695
657045.0 0.4882563448252348
547554.0 0.6424397757121184
543822.0 0.6629002247286031
703542.0 0.3568804268796621
568890.0 0.6353791863980696
545904.0 0.654491984839592
714615.0 0.2568410616704426
531480.0 0.6709233965245543
641823.0 0.5465769389766968
688197.0 0.39371263406490503
673380.0 0.4432771189846755
690132.0 0.38710484724044486
660258.0 0.48680256089676377
527148.0 0.7108081315491939
723315.0 0.22790059054368259
587058.0 0.6077332322122033
720579.0 0.2392428381027327
725439.0 0.22707501910699937
675174.0 0.44303814869103547
719544.0 0.24090026891693608
522294.0 0.7387072753893345
529062.0 0.6955580973293427
731820.0 0.2197508609500464
714891.0 0.24681978851230393
652929.0 0.5192646813609011
731775.0 0.22481437738881968
526089.0 0.7243426785177505
653853.0 0.5175814652764111
690777.0 0.3743994989326371
522732.0 0.7270993758474211
701889.0 0.3652745959684732
522498.0 0.7291411839361508
526374.0 0.7202168017850035
526896.0 0.7143640643489393
714783.0 0.24803948664836745
531174.0 0.6782145578500414
529200.0 0.6930571533792179
531174.0 0.6867295834695422
529086.0 0.6951060827107022
531174.0 0.6834456984247336
531174.0 0.6809507603531633
531174.0 0.6862291942719476
531174.0 0.6884166998668648
531174.0 0.6792867977002979
531174.0 0.6842636508505803
731775.0 0.22254495965098123
731775.0 0.22108103813619506
531174.0 0.6806655963117125
531174.0 0.6922152568099341
731775.0 0.22084904444012785
531174.0 0.6911964352766997
531174.0 0.6909017677829445
531174.0 0.6891561570797565
531174.0 0.6899130711073488
531174.0 0.6783330646313536
531174.0 0.6922024740730608
531174.0 0.6896824633317317
531174.0 0.6928758764473657
731775.0 0.223590656361984
731775.0 0.22300972298974675
531174.0 0.6837513721671449
731775.0 0.22406398939226108
731775.0 0.22512814644370016
531174.0 0.684079997528741
731775.0 0.22370362019030274
731775.0 0.22293227691771594
731775.0 0.22608904956452744
731775.0 0.22547896877788806
731775.0 0.2266911262431296
731775.0 0.22685239113905697
731775.0 0.2253401891045297
731775.0 0.2257392318201576
731775.0 0.2264900835261875
731775.0 0.2245581906539624
731775.0 0.22420485224264053
731775.0 0.22633340085378392
731775.0 0.22438257316317908
731775.0 0.2270490458117694
731775.0 0.22589892657560576
531174.0 0.6929396618365802
731775.0 0.2258219257978906
731775.0 0.22636558684430105
531174.0 0.6930341795184948
731775.0 0.22446834325582618
731775.0 0.2258964135905602
731775.0 0.22449409769864337
731775.0 0.22448795919775247
520392.0 0.7800257371602384
739650.0 0.22211983474608657
617019.0 0.5947101299441404
710538.0 0.3158011893765897
700131.0 0.37374361795232897
706029.0 0.3429152253017947
599808.0 0.59924665939813
624186.0 0.572991036901909
651642.0 0.539434618805512
591957.0 0.6266025873729453
564402.0 0.6390881803883671
690531.0 0.3910884157787346
662955.0 0.49008560485558417
581733.0 0.6327756875077415
657720.0 0.52264295785323
672426.0 0.4818265718712422
638511.0 0.5680593396373755
575079.0 0.6384719478748948
684249.0 0.4381218119210986
689061.0 0.4178008710309469
710751.0 0.29034999244170556
661383.0 0.5098517003159228
705861.0 0.36681442945565235
522342.0 0.7504683760892639
630969.0 0.5694521515610919
552810.0 0.6394842973903919
547350.0 0.6550997862190773
642825.0 0.5476269089267013
713391.0 0.2760832446856184
592215.0 0.6015779896483289
723219.0 0.24264246273691867
544512.0 0.6703874508401667
643728.0 0.5468267443362983
689112.0 0.4018995090075699
532530.0 0.6771854191504751
552546.0 0.6474127291776641
539694.0 0.6739619972903874
674199.0 0.4645326887555039
681063.0 0.4468747932791881
718788.0 0.24714401298648675
674253.0 0.4598261745411408
594576.0 0.6004394936479189
677043.0 0.4498299265403091
726063.0 0.23355806146895403
714891.0 0.2665567411539934
526482.0 0.7286282643620373
716811.0 0.24903769389500893
522414.0 0.7415299365108144
735213.0 0.22402063020266885
529065.0 0.7058063999939983
525186.0 0.7394973348921536
527187.0 0.7162271581374582
715863.0 0.2583738279008664
541704.0 0.672117318724614
729807.0 0.22818676877898644
726375.0 0.22964955271050896
532362.0 0.685337998344753
527034.0 0.7174787015228242
526338.0 0.7344348815906404
678003.0 0.4481348900211634
530430.0 0.7032227462712737
733965.0 0.22572809760923343
531318.0 0.6888912628386274
530802.0 0.6944527505662317
714891.0 0.26072738185385397
552546.0 0.6547961069572454
731775.0 0.22773387908790754
731775.0 0.22749956384226197
531174.0 0.6931918458651865
529257.0 0.703285769917417
529086.0 0.7039429393857821
531174.0 0.6939343560069048
731775.0 0.2271644485916094
531174.0 0.6934387498756543
531174.0 0.6943591030389273
731775.0 0.22717907493480113
731775.0 0.22788424394131254
731775.0 0.22785648851759316
760068.0 0.22430974568582016
522201.0 0.8036917231081291
666351.0 0.49292714956492567
710793.0 0.2977637078766367
676572.0 0.46541756213176233
522498.0 0.748643045849879
735933.0 0.2263482558006328
625500.0 0.5788350432192141
706575.0 0.3434539399658565
700869.0 0.3845997133961724
593754.0 0.6260390041448697
635871.0 0.5700251710317131
690669.0 0.3940527485057044
566472.0 0.6401641561274757
687504.0 0.43958872321280534
587058.0 0.6394958837683157
689472.0 0.4143547028944937
684327.0 0.45628561080615126
646896.0 0.5690076359078684
598539.0 0.6009520514218318
603105.0 0.5997935038879539
542610.0 0.6730793069842341
706401.0 0.3683633031441024
663252.0 0.5152180779558293
617151.0 0.5977003947853213
534816.0 0.6772440785362238
618468.0 0.5958426551655165
650562.0 0.5536096200655798
719703.0 0.24730119645177184
719067.0 0.2688880945253992
526500.0 0.7378507648716025
587316.0 0.6366376415786659
661887.0 0.5246164467961775
547554.0 0.6622197585900904
713595.0 0.2793328833211468
723399.0 0.24298872141747546
706575.0 0.3555258456815311
527058.0 0.7287669247828215
654615.0 0.5413894315455374
533202.0 0.6905759354169784
562539.0 0.644015431073862
654150.0 0.5499305477358073
530583.0 0.7037543806720176
659856.0 0.535267675612577
659364.0 0.5387902429296901
726555.0 0.23741767339040912
529206.0 0.7158801504503394
558729.0 0.649474325858856
528771.0 0.718162847117244
716196.0 0.27349141557976353
557355.0 0.6531437309450706
727539.0 0.23023345445468818
565212.0 0.6426967138740178
731880.0 0.22722642158063028
552546.0 0.6556881636336367
552546.0 0.6564054491975123
713655.0 0.27775396929512675
548574.0 0.656733882013816
731667.0 0.22976867661209788
727539.0 0.23422287830230348
531480.0 0.6923251259876554
531030.0 0.6990373935718515
547950.0 0.6589244958380656
719067.0 0.27330058081755687
558309.0 0.6519435092238012
548574.0 0.6581893999882749
557976.0 0.6520944527725944
731775.0 0.22942624047011023
531174.0 0.6944971648230145
531174.0 0.6957230420361288
531174.0 0.694506189657933
531174.0 0.6966588116344061
531174.0 0.6961674859991556
531174.0 0.6982608616187639
531174.0 0.6977869520558918
531174.0 0.6966233876341648
731775.0 0.2294848624619743
531174.0 0.6982483754477481
531174.0 0.6977454824007661
531174.0 0.6968858126092655
531174.0 0.6973843003477705
531174.0 0.6975152504003937
531174.0 0.6971596558548248
531174.0 0.6976916257669968
531174.0 0.6970507209910174
731775.0 0.22964409843763325
531174.0 0.6971359885229486
531174.0 0.6970615527609454
731775.0 0.22968804890806976
731775.0 0.22972742793383216
731775.0 0.22964656347516063
523098.0 0.7565262553563934
739851.0 0.22651204500105443
712047.0 0.2977895285242602
616200.0 0.6029475009754335
569946.0 0.6433106787282815
528828.0 0.7410353400172648
601362.0 0.6049374513065132
710928.0 0.35163179248051213
598707.0 0.623347340172432
631200.0 0.5906936048415761
587844.0 0.6397936650238685
642363.0 0.5801202004533506
628179.0 0.6005115883441509
675942.0 0.4966780476841771
677028.0 0.46793459514667224
697911.0 0.39515739493760693
590190.0 0.6389443666532847
684612.0 0.4628126429221626
560430.0 0.65405681404764
692157.0 0.4133575726138288
665853.0 0.5219065261317722
689355.0 0.44238386047906025
530976.0 0.7124683955758059
671175.0 0.5088955728535605
563559.0 0.645758058400345
546558.0 0.6761609588931144
536862.0 0.6774830555771924
662172.0 0.5380281539549943
533577.0 0.6961172733997213
722517.0 0.27568162748197145
690531.0 0.4219515617818874
652449.0 0.5680842937433205
708747.0 0.37260885621300005
535536.0 0.6801863883231519
727554.0 0.23159666687688793
713655.0 0.287787629578165
663573.0 0.525158362531645
707160.0 0.37972011486249796
552546.0 0.6567884759199842
647754.0 0.5791588527367727
671211.0 0.5009454623910049
682569.0 0.4660100678401773
690213.0 0.44190474588194567
548322.0 0.6630525677143072
650061.0 0.5746505022517809
654783.0 0.5577401875716701
718215.0 0.27846244755113375
709350.0 0.3574572739454711
723042.0 0.26110971792076965
715809.0 0.28099231721910906
731775.0 0.23094135907793312
701595.0 0.39144864616798336
727227.0 0.24695024801940402
658407.0 0.5425751599026172
655041.0 0.5525100474665813
704421.0 0.3866757157461578
657492.0 0.545570027523736
548103.0 0.6711341695421447
551559.0 0.65681816746074
725745.0 0.25456528993348504
723267.0 0.25637038204105406
691839.0 0.41702420640388776
726555.0 0.24867112905086136
731775.0 0.2315009719994843
710373.0 0.35518377277793234
703335.0 0.38881588239542697
531174.0 0.7073399344154042
703335.0 0.3888460590506271
731775.0 0.22978056065622277
531174.0 0.6992842590564261
531174.0 0.7046496014281824
531174.0 0.7062452532961067
531174.0 0.7032268792709107
531174.0 0.7023883886702864
531174.0 0.7099570345597082
531174.0 0.7039287145129456
531174.0 0.7096059635328009
531174.0 0.708448422680918
531174.0 0.7010611359205293
531174.0 0.7001593534910986
531174.0 0.7068088328349073
531174.0 0.7091139304804162
531174.0 0.701593281705065
531174.0 0.7007895128238563
531174.0 0.7075621213038739
731775.0 0.23108980465674903
531174.0 0.6996482421070562
531174.0 0.7087860899131072
731775.0 0.23047812282507593
531174.0 0.7072734008130566
731775.0 0.23016403098866656
531174.0 0.7043494807988768
531174.0 0.707966756615248
531174.0 0.702110842953582
531174.0 0.7100364691898114
531174.0 0.7104336430957997
531174.0 0.7118046349718938
531174.0 0.7041332562966353
731775.0 0.2315009719994843
531174.0 0.7079364345769528
531174.0 0.7004674969387705
531174.0 0.7018972492297059
731775.0 0.22995248058497225
531174.0 0.7110479484137757
531174.0 0.7063337653611669
531174.0 0.7107942352392912
531174.0 0.7121662394044137
531174.0 0.7089941299313721
531174.0 0.7004009721543517
531174.0 0.6994647216864021
531174.0 0.7066213104821352
731775.0 0.23069532121911498
531174.0 0.7073501369678193
731775.0 0.23089036794769616
531174.0 0.7017251000709895
531174.0 0.711618552039914
731775.0 0.23073606343242337
531174.0 0.7066213104821352
531174.0 0.7105131489352451
531174.0 0.7117368274499315
531174.0 0.6996057764790283
531174.0 0.6993081864020134
531174.0 0.7123356128733639
531174.0 0.710665399214791
531174.0 0.7113803190251404
531174.0 0.7113061979191108
531174.0 0.7115406547279822
531174.0 0.7122956097996929
531174.0 0.7121743531652207
531174.0 0.7106772113060155
531174.0 0.7111728080489841
531174.0 0.7112283961723953
531174.0 0.7114582311893829
531174.0 0.7016668092039903
731775.0 0.23152178575188367
531174.0 0.7114873085525891
531174.0 0.7016974103891395
531174.0 0.7111903478628242
531174.0 0.7104753465073247
531174.0 0.7104780016065957
531174.0 0.7123087216933649
731775.0 0.2315041880001413
531174.0 0.7111735137597277
531174.0 0.7123051393654848
531174.0 0.7106663800682324
731775.0 0.2315009719994843
731775.0 0.2315009719994843
731775.0 0.2315009719994843
731775.0 0.2315009719994843
731775.0 0.2315009719994843
731775.0 0.2315009719994843
731775.0 0.2315009719994843
731775.0 0.2315009719994843
731775.0 0.2315009719994843
731775.0 0.2315009719994843
731775.0 0.2315009719994843
731775.0 0.2315009719994843
731775.0 0.2315009719994843
731775.0 0.2315009719994843
731775.0 0.2315009719994843
731775.0 0.2315009719994843
731775.0 0.2315009719994843
731775.0 0.2315009719994843
523104.0 0.7793114687407932
731973.0 0.2302747694237129
601716.0 0.6082300004448402
626796.0 0.6050454734848887
576957.0 0.6443072060614204
602010.0 0.6075123108283864
654153.0 0.5704164003111345
712698.0 0.32906185443499075
713595.0 0.3023280390725564
539484.0 0.6781093385839372
636552.0 0.6031370539760347
693447.0 0.4151277052699149
644028.0 0.5802158836647902
661971.0 0.5484641509339209
529227.0 0.746186582968513
690171.0 0.45186796960291675
691686.0 0.4367218560285579
666438.0 0.5242648100689874
711312.0 0.35587703318388536
659397.0 0.5526236910623418
550458.0 0.6683650886319427
680304.0 0.4754150707228956
601716.0 0.6393984642468495
717027.0 0.28433144572146146
573375.0 0.6443787103917799
556038.0 0.6569776509459812
685923.0 0.4672196490831299
527202.0 0.7682569982782802
677604.0 0.4909511655614053
641175.0 0.5926307578939999
708993.0 0.37617701586965957
535983.0 0.6836932801885056
564444.0 0.6491457998460938
531030.0 0.7228339418030868
564456.0 0.646591513060533
706575.0 0.38680059776764464
528921.0 0.76318145548227
709836.0 0.36491758615289466
698406.0 0.4049605526443343
702969.0 0.39489249307765717
684498.0 0.4683860231598143
677073.0 0.4983157613217944
698406.0 0.4022381604246253
723399.0 0.2706577785218358
721899.0 0.27943012332110817
729231.0 0.24001509909406268
669756.0 0.5240125957937456
642510.0 0.5880835139057916
726969.0 0.24963180769850207
535734.0 0.6981846853952989
672321.0 0.5150257852886384
719493.0 0.2816648928607937
704730.0 0.39299286370730324
724305.0 0.259670142564494
726621.0 0.2529254275292416
533538.0 0.7060605917049845
674565.0 0.5053656352047204
672075.0 0.5190310059708116
673782.0 0.50564642723579
723519.0 0.26224077091585535
550974.0 0.6661971504342084
531282.0 0.7097411687366071
551874.0 0.6587334418381201
729594.0 0.23527645599123154
552546.0 0.6583167551886814
564444.0 0.654204614886888
535068.0 0.7036364036733688
535347.0 0.7004356287429577
731775.0 0.23405981831367248
535086.0 0.7024909297768748
552546.0 0.6573610655320284
531174.0 0.7124980910473647
731775.0 0.2317219050748456
731775.0 0.23250682880031243
731775.0 0.23288598567492877
731775.0 0.23389855966118886
531174.0 0.7206606506173973
531174.0 0.7192331766815203
531174.0 0.7163278050691761
531174.0 0.7216782930381087
731775.0 0.23334475365740442
531174.0 0.7212060986633704
531174.0 0.7183986557419704
731775.0 0.23489099604551802
531174.0 0.7188683648400293
531174.0 0.7141434230026222
531174.0 0.7153430374763224
531174.0 0.7185380529569857
531174.0 0.7159043797809572
531174.0 0.7174700434094692
531174.0 0.7138398025023952
731775.0 0.23363846009025666
531174.0 0.7151384711915358
731775.0 0.23448994464455938
531174.0 0.7217883676896633
731775.0 0.23473742783435145
531174.0 0.7155889439414642
531174.0 0.7197964808818657
531174.0 0.7179308369824524
531174.0 0.7188009026480237
731775.0 0.2342548723822607
531174.0 0.7147775108740516
531174.0 0.7180880297415626
531174.0 0.713669286577936
531174.0 0.7220827581060172
531174.0 0.7200381664660779
531174.0 0.720955826915247
531174.0 0.7126403086618613
531174.0 0.7128918489222711
531174.0 0.720093584269664
531174.0 0.7129679075475792
531174.0 0.7146400022739958
531174.0 0.7226399653588709
531174.0 0.7165683688546594
731775.0 0.23389318336616646
531174.0 0.7176599719959847
531174.0 0.7134245701358648
531174.0 0.7155651256593492
531174.0 0.7203131079002755
531174.0 0.7166951979688315
531174.0 0.7172905398839968
731775.0 0.2343888133257763
531174.0 0.7131914889424734
531174.0 0.7222354968359377
531174.0 0.7149576803071471
531174.0 0.7170403281611689
531174.0 0.7171231773263772
531174.0 0.7161722491065226
531174.0 0.7145086248173187
531174.0 0.7160145659346441
531174.0 0.7149927714806557
531174.0 0.7204743701951967
531174.0 0.7177555021511199
531174.0 0.7142707392362964
531174.0 0.7164295345164214
531174.0 0.713366446809261
531174.0 0.7132530827912792
531174.0 0.7172324322548479
531174.0 0.7193995926267397
731775.0 0.23354161918524374
531174.0 0.721057299445029
531174.0 0.7224275490021613
531174.0 0.7180869907406412
531174.0 0.7162060443886973
731775.0 0.2348306640048118
531174.0 0.7220974591642658
731775.0 0.23347284590137993
731775.0 0.2339963467064138
531174.0 0.7193995926267397
531174.0 0.7195447861700079
531174.0 0.712600941988528
531174.0 0.7169231342328791
531174.0 0.7203928673734371
531174.0 0.7225656686517087
531174.0 0.719635182914848
531174.0 0.7197014714541928
531174.0 0.7169022946813586
531174.0 0.7168071229590813
531174.0 0.7159907725540671
531174.0 0.7217357842898442
731775.0 0.23339112215318095
531174.0 0.7223392813069344
531174.0 0.713735211839438
531174.0 0.71377474359911
531174.0 0.7223192994928279
531174.0 0.7205721317911737
531174.0 0.7211204587006951
531174.0 0.7144502182599557
531174.0 0.720955826915247
531174.0 0.7168071229590813
531174.0 0.7177241080508269
531174.0 0.7195447861700079
531174.0 0.7144058385720027
531174.0 0.7143602461596718
531174.0 0.7143162431424278
531174.0 0.7206531754030573
531174.0 0.7205775423652926
531174.0 0.7224992516609924
531174.0 0.7203367718575646
531174.0 0.7129203890526098
531174.0 0.7163977749738732
531174.0 0.7163575571727793
531174.0 0.7225078974463836
531174.0 0.719673007862257
731775.0 0.2340487735124679
531174.0 0.7131989399092798
531174.0 0.7134213128103282
731775.0 0.2333641445781072
531174.0 0.721160944168713
531174.0 0.7212052481265316
531174.0 0.7211604375477746
531174.0 0.7177542215516027
731775.0 0.23389318336616646
531174.0 0.7180869907406412
531174.0 0.7212052481265316
531174.0 0.7193995926267397
731775.0 0.23389318336616646
531174.0 0.7193995926267397
731775.0 0.23389318336616646
531174.0 0.7180869907406412
531174.0 0.7180869907406412
531174.0 0.7180869907406412
531174.0 0.7180869907406412
531174.0 0.7180869907406412
531174.0 0.7212052481265316
531174.0 0.7180869907406412
531174.0 0.7180869907406412
531174.0 0.7180869907406412
531174.0 0.7180869907406412
531174.0 0.7212052481265316
531174.0 0.7180869907406412
531174.0 0.7180869907406412
531174.0 0.7180869907406412
735489.0 0.23174983185705977
525906.0 0.8083537897086318
607647.0 0.609654612720581
645612.0 0.5974751335741327
666924.0 0.5257355829153951
674538.0 0.5211705627887836
657570.0 0.5720560048177142
584523.0 0.6482672495503211
568926.0 0.6482870884862669
527598.0 0.7983149731657516
713655.0 0.31484193903922914
681051.0 0.4804196891093201
588759.0 0.6449253187328968
536145.0 0.6838640777240196
685752.0 0.4685217048778181
700869.0 0.41500736401362953
646992.0 0.5808519889126409
599808.0 0.6446666751253631
529788.0 0.7658914581625627
713601.0 0.3485530535416885
543996.0 0.678667895441983
560250.0 0.6570090521029274
551094.0 0.6662820582791547
531072.0 0.7615695784560023
679236.0 0.49918220331591
662814.0 0.5498060378747088
710217.0 0.39441255241899115
714783.0 0.3036971721822989
659727.0 0.5564603311598153
535380.0 0.7048852426045172
695394.0 0.4442647279880837
531072.0 0.7323497725558281
698445.0 0.42760988575767556
543477.0 0.6823272125012584
703086.0 0.3974538280702493
692655.0 0.4676309404233257
604320.0 0.6359908957837419
696102.0 0.4290677389343492
693009.0 0.4506056525465118
552546.0 0.663455650574675
718683.0 0.29728850239531684
679569.0 0.4989414107817791
703626.0 0.39598928751285484
533076.0 0.7177711711025413
602616.0 0.6409870943927226
535296.0 0.7116713916390967
565338.0 0.6527875187710309
723411.0 0.27313401247648106
712899.0 0.3719626414099875
565086.0 0.6566789001631377
604320.0 0.624404823363858
692754.0 0.46196361238351813
722319.0 0.2831911105351236
713601.0 0.359582555812803
722022.0 0.28690217023029546
645753.0 0.5928850707800061
710292.0 0.38022492747282577
645777.0 0.5819589255402539
710571.0 0.37978405784693847
661872.0 0.5536763878690595
723576.0 0.2680249295850411
729687.0 0.23777367045360184
731991.0 0.2343163959988069
713601.0 0.3535056635076951
604320.0 0.6138875461749694
729558.0 0.2494111392172827
725505.0 0.26485978045244907
713601.0 0.3698767546434568
727797.0 0.2533029651256742
718782.0 0.2896847495130861
729582.0 0.24549345226372007
604320.0 0.6178444318280077
727581.0 0.25618767140322557
718782.0 0.2900477141608901
529947.0 0.7655451971634177
726537.0 0.2635507004072113
726624.0 0.2582235101194519
662748.0 0.5500419619748825
552546.0 0.6596957132701041
731775.0 0.23598689421358296
531174.0 0.7301263962803048
726624.0 0.26030695468219567
531174.0 0.722852904535894
552546.0 0.6657009245860309
552546.0 0.658905392883526
552546.0 0.6612029605477243
552546.0 0.6622083816556474
731859.0 0.2351780562408382
531174.0 0.7319578196918546
731775.0 0.23672027894102568
731775.0 0.2374206259680428
531174.0 0.7312517998512449
731775.0 0.2353228481748517
731775.0 0.23639985259987845
552546.0 0.661694254695902
731775.0 0.23587740406767016
531174.0 0.729232784580728
531174.0 0.7297979785017159
531174.0 0.7290512291482485
531174.0 0.727780733560254
531174.0 0.7285515646774977
531174.0 0.7276009868856115
531174.0 0.7289117676314011
552546.0 0.6615254230779519
531174.0 0.7272715265243382
531174.0 0.7264298294539385
531174.0 0.725510358264395
531174.0 0.7271362643100752
731775.0 0.23626691462288554
531174.0 0.7305294768910613
531174.0 0.7268560399836529
531174.0 0.7242317128532204
531174.0 0.7239845998945001
531174.0 0.7256513704926764
531174.0 0.7251940520751278
531174.0 0.7307800630092726
731775.0 0.2377028267575934
531174.0 0.7281164602861941
531174.0 0.7246327425583702
531174.0 0.7259861086431999
531174.0 0.7231539613521175
531174.0 0.7311439218450495
531174.0 0.7266889580193312
531174.0 0.7298274818439262
531174.0 0.7284004684802704
531174.0 0.7309319445478303
531174.0 0.7303590148458152
531174.0 0.7238599007069789
531174.0 0.7251418508785128
531174.0 0.7244451091979157
531174.0 0.7249548811065388
531174.0 0.7262594033561247
531174.0 0.7237370319193013
531174.0 0.7247918724317312
531174.0 0.7233320842364038
531174.0 0.7291833289651473
531174.0 0.7267348856412426
531174.0 0.7230069274014951
531174.0 0.7243821150555871
531174.0 0.7261415774864532
531174.0 0.7259861086431999
531174.0 0.7303753172361233
531174.0 0.7236476484646119
531174.0 0.7308853229972345
531174.0 0.7281290086679396
531174.0 0.7256155585243641
531174.0 0.7234862017708084
531174.0 0.7282682081783143
531174.0 0.722989307223294
531174.0 0.7282797044025271
731775.0 0.23594670758763553
531174.0 0.7262016995999817
531174.0 0.724906079307268
531174.0 0.7235410312472805
531174.0 0.7312401163121858
531174.0 0.7234014683698561
531174.0 0.7235836016231967
531174.0 0.7243954846641324
531174.0 0.7233810786157219
531174.0 0.7248306181173644
531174.0 0.7248506010030308
531174.0 0.726150976984142
531174.0 0.7233415893602503
531174.0 0.7235836016231967
531174.0 0.7298274818439262
531174.0 0.7234014683698561
531174.0 0.7248506010030308
531174.0 0.722989307223294
531174.0 0.7303753172361233
531174.0 0.7312408355271056
531174.0 0.7282682081783143
531174.0 0.7261479131240539
531174.0 0.7259861086431999
531174.0 0.7259861086431999
531174.0 0.7282682081783143
529650.0 0.8148397809869216
743913.0 0.2331059891412112
612795.0 0.6103935769611949
645891.0 0.6039597596498011
607173.0 0.6148509641177312
531093.0 0.7656237496257565
585816.0 0.6483767756153164
597294.0 0.6464033723767366
667707.0 0.5371274976625591
701223.0 0.41755659315051324
647646.0 0.5811239150234371
570495.0 0.648899638137214
673377.0 0.5259460048850708
679989.0 0.5068516251382313
713727.0 0.3607644719068786
707628.0 0.40044157172469863
662136.0 0.5557424760494688
658146.0 0.5741565276641455
687273.0 0.4729712554978239
720285.0 0.29355297956399545
693480.0 0.4557362113610748
679587.0 0.5235251334589363
740487.0 0.23329918662086835
546654.0 0.6809977968625623
713283.0 0.3800740921337364
699789.0 0.4367817123018277
716709.0 0.3047273272301429
597036.0 0.6477687723487486
716385.0 0.3165702644742734
531138.0 0.7426048523990567
551874.0 0.6668218306427154
729231.0 0.2558403742995061
561051.0 0.6586614713882739
731793.0 0.23685386644985765
683589.0 0.48987501299014535
646041.0 0.5945226079483098
713727.0 0.33770627930034586
698730.0 0.4444616582307213
660180.0 0.5566547293956258
714435.0 0.33049503249047757
730623.0 0.23940454619331974
711222.0 0.390277446108696
556338.0 0.6604279950013476
659601.0 0.5737939975357403
565632.0 0.6573184108923319
696465.0 0.45292590236168373
537606.0 0.7022356198002826
685131.0 0.48516908963001293
723564.0 0.2853107062505516
686547.0 0.47563768009263646
535398.0 0.7175839678957479
568536.0 0.6564169351628643
726594.0 0.2720670718847143
541446.0 0.6844014046432002
537606.0 0.6911498709901394
537459.0 0.7080379776866331
569640.0 0.6531251858323468
710283.0 0.39813391638210727
553308.0 0.6607127298756377
723852.0 0.27582465252116467
726672.0 0.2666601325529818
727581.0 0.26000318310733794
723927.0 0.2738608944400057
694113.0 0.4541801442154778
539022.0 0.6894289349165019
532860.0 0.726396195940677
533448.0 0.7192570726256342
710403.0 0.39549813356131197
723591.0 0.28440481528077677
544254.0 0.6827476786131633
543588.0 0.6829333984881228
714435.0 0.3349354255107322
683781.0 0.48882409176172253
531138.0 0.7340025898067587
535440.0 0.7093249846903285
532860.0 0.7231559407941301
552990.0 0.6633211256191723
535440.0 0.7091916558559836
552546.0 0.66634825675839
727551.0 0.26328479444669417
539640.0 0.6857953127591961
531174.0 0.732392808049781
533403.0 0.722705225237584
539640.0 0.6859248791775056
531174.0 0.7331319820960079
727557.0 0.2626068862980555
731775.0 0.23888702433498257
731775.0 0.23797977265590206
531174.0 0.7333276311538784
731775.0 0.23927052144217373
731775.0 0.23812176325605425
731775.0 0.2384960883778313
531174.0 0.7328211173128637
531174.0 0.732650347264467
731775.0 0.23903978833846828
531174.0 0.7324703726944412
531174.0 0.7335592280248648
731775.0 0.23879082421189282
531174.0 0.7330180954089339
531174.0 0.7330543641676924
531174.0 0.7337315791283131
531174.0 0.7338077732633718
731775.0 0.23896365965784344
731775.0 0.23864308122813618
731775.0 0.23808327526356268
731775.0 0.23852499905885582
531174.0 0.7336350351021128
731775.0 0.23863146301423732
531174.0 0.7338991093187576
531174.0 0.7338991093187576
531174.0 0.7336020872925618
531174.0 0.7335842445317411
531174.0 0.7330310018993624
731775.0 0.23864308122813618
731775.0 0.23864308122813618
