474312.0 0.7764269788546375
726759.0 0.15180989986462953
726759.0 0.1550124793064905
527094.0 0.6197390392868968
618372.0 0.4784701533913346
555666.0 0.604572433957296
572274.0 0.5665730424679624
605790.0 0.524736194479236
639363.0 0.45963019508105235
601437.0 0.5443701735317124
560220.0 0.5870019586589957
697698.0 0.1832726878597089
714051.0 0.1720808730962938
694527.0 0.19988341050401057
514008.0 0.669981244787588
491238.0 0.7219366260637455
572274.0 0.5473710120108082
649575.0 0.4145413860926667
660189.0 0.3851459925363636
481956.0 0.7750565328571773
644196.0 0.4499142273589173
504162.0 0.7054503983404897
681951.0 0.26567658408101313
514008.0 0.6915029670556309
666462.0 0.3674921143782328
500070.0 0.7199290321473819
671157.0 0.3093620960365735
514008.0 0.7023930417363752
482730.0 0.7551157138243234
680391.0 0.28524804675826965
681951.0 0.22880343872600123
602331.0 0.5316992192628827
649407.0 0.44356883825892657
720609.0 0.1706644781838636
681951.0 0.201957850684131
500154.0 0.7080361728843715
486756.0 0.7404347608789873
649575.0 0.39687886353825347
514008.0 0.6761793223530128
671157.0 0.363305479302273
572274.0 0.564317529929349
671157.0 0.34814472015188125
486756.0 0.7454182960322709
660189.0 0.3726911870549171
671157.0 0.2993273038479797
660189.0 0.39023400371168154
724803.0 0.16945378834770825
671157.0 0.32122983229265634
514008.0 0.6896209756500589
486756.0 0.754791631552519
681951.0 0.23358388498169488
671157.0 0.291434524040199
681951.0 0.2540485720857182
671157.0 0.3374684870158249
681951.0 0.2438823417840357
649575.0 0.4338547969857109
671157.0 0.3201229330750119
681951.0 0.2601164699013196
671157.0 0.3300132802362286
514008.0 0.7020875133096741
680445.0 0.2826318831426306
681951.0 0.24638936078608992
671157.0 0.30855178951373113
649575.0 0.427840276403585
649575.0 0.42067513705294607
726759.0 0.16371585542621916
671157.0 0.3436515837424085
681951.0 0.2746562082732407
649575.0 0.41940036060524954
486756.0 0.7510206014408609
681951.0 0.2697165616419731
486756.0 0.7490037005472977
671157.0 0.32559150279786636
726759.0 0.15987376867154066
660189.0 0.3900442430796381
681951.0 0.27346277459061835
649575.0 0.3946661896009772
726759.0 0.16642449943215343
671157.0 0.34476966424029887
671157.0 0.32621368288030655
681951.0 0.27870983896762996
681951.0 0.2677199169571809
649575.0 0.43144399460955213
649575.0 0.42995828873883735
660189.0 0.3919641994722009
681951.0 0.2779718552689486
514008.0 0.7027270675275692
726759.0 0.16156949259510753
726759.0 0.1684082113831111
726759.0 0.16294679022694167
660189.0 0.3910780979300759
726759.0 0.159958919257208
681951.0 0.2746432108383927
671157.0 0.3210756973484293
726759.0 0.169244813980032
681951.0 0.27835525615592593
681951.0 0.2782101492786332
726759.0 0.16945012017048466
660189.0 0.3900896122341839
728952.0 0.16185124606214268
477810.0 0.9026504849343827
477810.0 0.8852358801901885
477996.0 0.8112688301756791
569958.0 0.6055522838872517
622848.0 0.5434395926333369
604464.0 0.5454460241229582
701532.0 0.18686878800587917
641811.0 0.4879668788987903
551673.0 0.6211788098900205
633282.0 0.5122524705883794
588861.0 0.5644216209356214
541446.0 0.629346742346938
484521.0 0.7892245061220119
631707.0 0.5325090836946238
581250.0 0.5866711879221268
659748.0 0.4260195545167274
491280.0 0.7295708833105883
576132.0 0.587911697493493
691278.0 0.20987048569853906
522744.0 0.6719897277980534
518490.0 0.6783410167538354
527202.0 0.654329292148443
499779.0 0.7293109647572974
531438.0 0.6320954225526938
593298.0 0.5480386245186731
714183.0 0.18473068553569663
514152.0 0.6937359030299307
660261.0 0.3762066640275635
503586.0 0.71918886816343
691278.0 0.21879176653840274
722451.0 0.17448155373048752
551094.0 0.6255598731640425
489051.0 0.7515412442804881
666462.0 0.37487838300173054
685122.0 0.24894843345991982
649575.0 0.4677679467483925
714987.0 0.17632318911151185
685122.0 0.2191466785370306
593298.0 0.5561030482499286
649575.0 0.4700830755959085
486135.0 0.7715119917739809
649575.0 0.4458464939284842
684765.0 0.27895692788996485
531174.0 0.6498119878753144
660189.0 0.3975996187841357
672240.0 0.34038091819505184
507891.0 0.7102344601610859
507282.0 0.7109167585045946
672240.0 0.32229255875654306
680457.0 0.28495357620792483
670314.0 0.3700831948588447
674241.0 0.3188480296209741
514008.0 0.7085314485876295
676875.0 0.2986677395682307
685122.0 0.2511923604879106
531414.0 0.6442664603893201
660189.0 0.4014115986363897
680445.0 0.28790638455264667
676875.0 0.31190438578969115
672240.0 0.3489401688661799
660189.0 0.41518790232859726
514008.0 0.7070959157317959
726759.0 0.1713981183163027
676875.0 0.3113972671651395
486588.0 0.7709296926965927
649575.0 0.48063546335543866
486942.0 0.7518797728368715
672240.0 0.35948343256315907
486747.0 0.7612470577113082
714183.0 0.18108085388142037
680445.0 0.29232533311027564
672240.0 0.34471939500835574
676875.0 0.3163473028673865
685122.0 0.27163826927085705
670314.0 0.37283346287486935
660189.0 0.41640063485797346
672240.0 0.3442092859618804
685122.0 0.25683796513773643
726759.0 0.17050077129473165
649575.0 0.4765289733568645
649575.0 0.45879453079716664
672240.0 0.3643958848158807
649575.0 0.46634212589580515
685122.0 0.2757168214696661
685122.0 0.26515093724674094
726759.0 0.17232966781899053
649575.0 0.4715031307640694
486942.0 0.756522538900718
649575.0 0.4500282176054954
685122.0 0.251440913801278
649575.0 0.45747122706002086
685122.0 0.2611621378939429
676875.0 0.31601205587919645
649575.0 0.45369393784839696
649575.0 0.45206751918863697
685122.0 0.26181923166225557
685122.0 0.2645263741891677
680445.0 0.2870681062908084
660189.0 0.39862844325077335
672240.0 0.36191142774493723
486756.0 0.7575768531178665
660189.0 0.39926672763881144
486756.0 0.760358508903772
685122.0 0.25053175770702935
726759.0 0.17268064786243795
714183.0 0.18605844237581234
672240.0 0.36010567503037055
486756.0 0.7593607922931457
672240.0 0.3615075156274435
514008.0 0.708914911904597
649575.0 0.4535114993915843
514008.0 0.7074884071507067
649575.0 0.46651987665428696
649575.0 0.46773524514195136
660189.0 0.4159789241783102
486756.0 0.7593869900104936
726759.0 0.17169758702082172
726759.0 0.17209553246922085
685122.0 0.2513386523492323
649575.0 0.45368994953269565
726759.0 0.17473616181667076
478338.0 0.8315272461432593
726759.0 0.17488718240064058
649872.0 0.47312886390581593
599439.0 0.5786906551136864
577152.0 0.5879852467372643
639861.0 0.5278896025540926
552546.0 0.6248626578313432
538974.0 0.6322038049093166
527973.0 0.6556942963086084
520698.0 0.6785088622221105
610284.0 0.5553636174229862
653298.0 0.44731123782889953
565632.0 0.6247523381475604
533469.0 0.645219303972059
606027.0 0.5768007004417604
622275.0 0.5550568132490552
488784.0 0.7528645451603699
660189.0 0.44060935406955704
491316.0 0.7360715461692228
503958.0 0.7258636835295686
484749.0 0.7935747210308544
572559.0 0.62370001665831
703854.0 0.19908730798352434
680115.0 0.30234924157361365
637197.0 0.5395304299677707
714687.0 0.18190164969291683
718911.0 0.17771876553210766
478680.0 0.8155662546632159
694527.0 0.22119970396969507
700863.0 0.21275640192261178
660261.0 0.41986442658248363
484668.0 0.8126177096132123
576132.0 0.6205220246740011
666462.0 0.3912317118006756
519084.0 0.6980374116755961
632115.0 0.5407664469482645
709875.0 0.18985429900396247
670314.0 0.37562123679578685
518241.0 0.7099027738752531
623931.0 0.5539103867075934
495588.0 0.73594924684588
629988.0 0.550999707140968
505470.0 0.7248608513727975
726759.0 0.17668076668646662
510447.0 0.7201670961787983
676875.0 0.32127589442316273
702411.0 0.20873926249215988
577143.0 0.6069515266063363
688956.0 0.23212368470022907
709350.0 0.19521700839596495
495588.0 0.7335430586911128
482730.0 0.815048064846429
638658.0 0.5287373326703729
673704.0 0.3614287463321658
688956.0 0.2452148611882944
576786.0 0.6081100063588488
629994.0 0.5467193983723907
672240.0 0.3723315606944792
691278.0 0.22172561601150242
717501.0 0.1809962128969245
486651.0 0.7836555278203085
514008.0 0.7170546540252241
486942.0 0.7602520488976352
518268.0 0.6984134776326962
688956.0 0.24994314796516343
688479.0 0.27935411769588253
685122.0 0.28451344428991365
688956.0 0.2626952855880626
666462.0 0.38406792421606795
700863.0 0.2194893718052791
676875.0 0.33221183985537484
660189.0 0.42993781026382905
674241.0 0.3520478349937129
676875.0 0.3281891646878976
511818.0 0.719205852444667
681951.0 0.28985365884640135
674241.0 0.33473988330485643
685122.0 0.28068149153978866
688956.0 0.22620706472620425
681951.0 0.2887768720779637
674241.0 0.34583085503788413
660261.0 0.4158095411015673
688956.0 0.26421966050666984
660261.0 0.4267340079915561
514008.0 0.7129077893308422
672240.0 0.3732684772500638
688479.0 0.27475584747158976
666462.0 0.3835460780841784
674241.0 0.34005480489227724
674241.0 0.3574381360319532
681951.0 0.2957588748331668
660261.0 0.4104883463806834
660261.0 0.4020183310865117
660261.0 0.40481738329627875
709803.0 0.19465055603974066
660261.0 0.39782845955052143
680457.0 0.2975295136079829
674241.0 0.34378585906092457
660261.0 0.40876945528732805
688956.0 0.26707884983409924
688956.0 0.2718300324409732
666462.0 0.3877975464250972
676875.0 0.3241550074225747
688956.0 0.2221341414477307
674241.0 0.3359360117495953
660261.0 0.3978916579563623
514008.0 0.7145974596638727
676875.0 0.3261193531915843
674241.0 0.35975018295708483
666462.0 0.3861344641710638
486756.0 0.7700378538651218
681951.0 0.2871280460019826
688956.0 0.2486254650809109
660189.0 0.42865274299648554
680445.0 0.299359306024836
514008.0 0.7118981766789917
688956.0 0.2723773174115053
685122.0 0.2820572356542974
688956.0 0.2664220051213699
486756.0 0.7621799714589728
676875.0 0.3300290533795146
486756.0 0.7660129396385521
486756.0 0.7724328469264035
486756.0 0.764508953134202
676875.0 0.3310061357809057
680445.0 0.3012727215305967
680445.0 0.30018756430205584
486756.0 0.7773491240853413
680457.0 0.2978699259084113
726759.0 0.17513463284742803
486756.0 0.7796780438828708
514008.0 0.7182453589315148
681951.0 0.2880737825228462
486756.0 0.7751166767654499
486756.0 0.7759192875778681
486756.0 0.7688185642545229
486756.0 0.7741200417992505
495588.0 0.7347804006809464
486756.0 0.7784581040835508
685122.0 0.27972148311910777
688956.0 0.24876385533106327
486756.0 0.7671493000017464
486756.0 0.781136165811776
688956.0 0.2630085495240793
495588.0 0.7345881383304805
486756.0 0.767785484437118
674241.0 0.335457647503994
685122.0 0.2816449945281561
681951.0 0.2894154064240325
726759.0 0.1771009669797216
486756.0 0.7684462666445054
486756.0 0.7818735628904878
486756.0 0.7635825315064798
486756.0 0.763104678667128
685122.0 0.28093463525986034
514008.0 0.7187046610536111
486756.0 0.7757495041267886
486756.0 0.7802284510746459
486756.0 0.783100087868593
486756.0 0.7783186473007708
486756.0 0.7805883137831726
486756.0 0.7829823073711256
486756.0 0.7729602945783481
486756.0 0.767316290665662
486756.0 0.7824531261038082
486756.0 0.7735334437313971
486756.0 0.7735812276773056
486756.0 0.7777973090109287
666462.0 0.3835866760815877
514008.0 0.7190589429823683
674241.0 0.33586329074266796
486756.0 0.7820363426611036
486756.0 0.7777905081122567
486756.0 0.7634957175950536
486756.0 0.7823553434316952
486756.0 0.7631565857078824
486756.0 0.7833857434965656
486756.0 0.7804790262827714
688956.0 0.26297804799599084
486756.0 0.7832709609063384
486756.0 0.7727006966497054
486756.0 0.7836354515571383
486756.0 0.7726109762412795
486756.0 0.7728927383061441
486756.0 0.7818896067903187
486756.0 0.783100087868593
486756.0 0.777791627104787
478680.0 0.8323009272076721
478680.0 0.8357247287760554
748602.0 0.17572463117865236
589635.0 0.5888850365256573
618990.0 0.5735289723774222
650733.0 0.5020958269418954
643335.0 0.5309812371976929
577068.0 0.6200047839262416
543030.0 0.633808560606178
726759.0 0.17904439461605665
534834.0 0.6457042913424862
628416.0 0.5569642147353695
552546.0 0.6333324483455278
641016.0 0.552996189080144
651498.0 0.4829452612872745
482976.0 0.817366556349386
559659.0 0.6300599601546399
659925.0 0.48235090494658545
586710.0 0.6088257168576335
490782.0 0.7600984920258875
568437.0 0.6252253444349811
662967.0 0.4275212510648525
528570.0 0.6584080084900432
623616.0 0.5572670385828603
527004.0 0.680748372486094
697299.0 0.2234530600319805
666045.0 0.41109550072282813
531816.0 0.6583135618130725
641823.0 0.5465769389766968
621291.0 0.5721222856726605
722031.0 0.17913407417775873
587058.0 0.6077332322122033
490266.0 0.7775925102421667
714051.0 0.19041658702281172
522882.0 0.690920060072804
564744.0 0.6253352394761038
659946.0 0.46615318196698874
705741.0 0.20297415055156998
701469.0 0.21354924049911062
690882.0 0.2483244368718429
507456.0 0.7258396631208344
521898.0 0.6993479608394153
503958.0 0.7359831585942133
493398.0 0.7495621889830273
499863.0 0.7379204021343716
688479.0 0.27972796488403384
519168.0 0.705578317576174
705399.0 0.2086504725692563
666462.0 0.39828027892018564
690882.0 0.22636853253622763
525282.0 0.6810813660755126
700863.0 0.22239688443386887
660261.0 0.4342193353388651
712215.0 0.20018129913757932
676875.0 0.33802875417875117
484788.0 0.8074667428818258
505944.0 0.7292185391835508
514008.0 0.7251302161877303
679977.0 0.3299853116366761
660261.0 0.45130082804272226
717804.0 0.1844395693490301
690882.0 0.24382375395252007
690171.0 0.27004688888837997
484920.0 0.80321510025418
717306.0 0.18526542183030795
489120.0 0.7830637459644363
726759.0 0.1780934556472452
670314.0 0.3905990425418651
712308.0 0.1997005372088398
688479.0 0.2823676483925193
514770.0 0.7159986833539574
676743.0 0.3517805345683534
486588.0 0.7962698180628368
676875.0 0.34151195026327613
660261.0 0.43120750740030545
684765.0 0.29661147173874464
681951.0 0.3027575554054156
518199.0 0.7158580657393652
519150.0 0.7140138788838666
670314.0 0.38626716453337895
495588.0 0.7478237474765355
660189.0 0.45685814545691394
684765.0 0.2938160700164911
684765.0 0.28979326358422247
674241.0 0.37160106520073544
486660.0 0.7940354999024402
680391.0 0.32222193185799086
676743.0 0.35860982720678014
676875.0 0.3510592971326255
674241.0 0.3675808902458606
486696.0 0.7852492023314148
690882.0 0.25666323918049444
674241.0 0.36190375083370924
690882.0 0.2652337249459681
671892.0 0.3834018329326075
666462.0 0.4020802907901225
680391.0 0.3281074152054398
690882.0 0.25563639610878053
674241.0 0.3728360172754152
495588.0 0.7439578852966041
672240.0 0.3788291768022017
486756.0 0.7844029629621717
684765.0 0.30049586072685136
680445.0 0.3114193781999575
660189.0 0.4541384793045495
666462.0 0.4080118360173259
514008.0 0.7197158030246558
680457.0 0.30375892056581333
680445.0 0.3180284236974925
674241.0 0.37440125025250826
690882.0 0.24677643354213907
672240.0 0.37760119602886477
680445.0 0.3089043833605846
672240.0 0.3808772486475552
670314.0 0.3877794178511303
514008.0 0.7233051835533778
666462.0 0.4052843039058451
495588.0 0.741573850192339
680445.0 0.31452855618078696
495588.0 0.7393226738635841
690882.0 0.26752890161958826
690882.0 0.2438591671347929
672240.0 0.3790371534268205
670314.0 0.38455231979673693
660189.0 0.45202385256201927
680445.0 0.3043539436864824
680445.0 0.30656219381605404
690882.0 0.2560842408420239
666462.0 0.40586777137338853
680445.0 0.31724602043278455
684765.0 0.294655661594755
680445.0 0.3153751558471031
680445.0 0.3071587405455887
690882.0 0.2653544834640254
495588.0 0.7459756410236589
495588.0 0.7457843613348701
684765.0 0.2964453950434119
514008.0 0.7212173188123168
690882.0 0.26862291759006385
514008.0 0.7216252757473859
690882.0 0.26916899517570686
495588.0 0.7382129453845655
514008.0 0.7226999538823937
495588.0 0.7428709930576082
495588.0 0.7486303580297244
486756.0 0.7837799662131569
680457.0 0.3029414919175652
495588.0 0.7438807068059831
495588.0 0.74293864638002
726759.0 0.17880499952917794
680445.0 0.3148840167086851
495588.0 0.7483347191765952
486756.0 0.7842785573010121
514008.0 0.7229977560671437
495588.0 0.7479764877478018
486756.0 0.7848857404584735
486756.0 0.7847337764484887
486756.0 0.7847471529677019
486756.0 0.7848319738423375
486756.0 0.7847744196157752
478758.0 0.876427460479222
726831.0 0.17895307646718045
590190.0 0.5942986557441516
619230.0 0.578992233093283
623682.0 0.5585104843088078
576333.0 0.6313502609378246
642825.0 0.5476269089267013
480864.0 0.8381509012999774
561609.0 0.6328791264170327
651288.0 0.5290250550088124
484920.0 0.808357217087346
541125.0 0.6595124955078717
550974.0 0.6338546697957659
570000.0 0.6316427202995877
643728.0 0.5468267443362983
655008.0 0.5085961459038058
519696.0 0.7098325016856625
526446.0 0.6861978171811128
528828.0 0.661973544418495
657045.0 0.4882563448252348
522405.0 0.7020274880466789
543414.0 0.6446989295110581
546621.0 0.6397656284603951
515496.0 0.7209018229115446
531414.0 0.6601228457509697
662034.0 0.44987225212740534
501810.0 0.7386432048035956
507660.0 0.7317232660395934
514008.0 0.7258980417477997
478908.0 0.8531947913795095
526098.0 0.6916596544604112
721359.0 0.18503593848872882
668901.0 0.40936581533958627
507711.0 0.7266582882382902
478908.0 0.8599088092691085
660258.0 0.48680256089676377
670314.0 0.400574857158365
660261.0 0.4677869453922072
701952.0 0.22351608928594766
692649.0 0.23334341076229334
494790.0 0.7574795685344028
666462.0 0.4391320457417311
691278.0 0.23845360998878248
666462.0 0.41564801497648257
702411.0 0.21856072927885067
691278.0 0.2557148546274332
676875.0 0.3644930476677447
697191.0 0.2327608498386668
652929.0 0.5192646813609011
486660.0 0.8051594819166475
705675.0 0.21450943063652111
491031.0 0.7725265280847107
660261.0 0.45581339346346306
697527.0 0.22515508601384113
705807.0 0.210025850736822
491520.0 0.7645343866653583
653853.0 0.5175814652764111
498588.0 0.7482327787734382
666462.0 0.4298153276850225
709734.0 0.205432811097538
680457.0 0.32248389027763696
709311.0 0.20753613676170585
726759.0 0.1826789104029496
660261.0 0.47416446800585904
686622.0 0.2923326189302523
714183.0 0.19094556743656885
718560.0 0.18846160552821586
488784.0 0.7851987216417768
676875.0 0.3546597046209486
499842.0 0.745512686634118
684765.0 0.30436965595441784
690882.0 0.27061224277452356
501564.0 0.7437451522204146
688479.0 0.29037186908185736
495588.0 0.7517449815983327
671157.0 0.39450398092158373
672240.0 0.39160298374897706
684825.0 0.2988739978408836
690882.0 0.27411989589054797
675687.0 0.37168225751915684
717027.0 0.190748387247548
674241.0 0.3812088065941204
486696.0 0.7947405564148969
666462.0 0.44267878691483425
490716.0 0.7806555541908546
688956.0 0.286573597815436
490716.0 0.7821084448534301
674241.0 0.3786889617653829
691278.0 0.2613426145711141
491502.0 0.7649266251614244
530430.0 0.6602381689377689
679977.0 0.34535986805612134
714183.0 0.20513880368689874
697527.0 0.2283304776796793
666462.0 0.42302555036507233
675687.0 0.37271189627045226
672240.0 0.38682623064265365
679977.0 0.34667643954592353
679977.0 0.3520668122709029
690882.0 0.2801352474166221
675687.0 0.36471233140778364
691278.0 0.2574404293078409
680445.0 0.3351883202746125
684825.0 0.2953202108782536
717963.0 0.19028691633295391
672240.0 0.38409727207469585
679977.0 0.34057959136952537
680457.0 0.31535332826053253
660261.0 0.47144366797168136
675687.0 0.3753575942708942
671892.0 0.3930592494239211
486756.0 0.7932491319596251
680457.0 0.31010837347495757
679977.0 0.338643696040659
680457.0 0.3057719306402135
691278.0 0.23616708168805758
684825.0 0.3018966140196952
679977.0 0.3452211047527972
495588.0 0.7546238032097734
495588.0 0.7507979186476293
680457.0 0.31839429024762467
680457.0 0.32067293226134624
680457.0 0.3096450556968144
680445.0 0.3318512542999949
714183.0 0.19329896944998443
691278.0 0.2608062865831004
680457.0 0.3244696391515727
688956.0 0.2838416085049013
688956.0 0.28335256520168445
690882.0 0.27397881771498717
680445.0 0.32932622091489394
680457.0 0.32601754218750256
666462.0 0.41970864728595375
691278.0 0.25873718432492415
666462.0 0.4218164039690378
666462.0 0.41844853783319363
688956.0 0.28032278262373644
680457.0 0.31652682809228616
495588.0 0.7562150537017157
666462.0 0.4164108383177234
680445.0 0.3279423891287886
688956.0 0.28556452052138637
684765.0 0.30377103023527413
495588.0 0.7497599097674641
680445.0 0.33142403786274854
679977.0 0.3540686397663859
714183.0 0.1957969574223877
680445.0 0.3278960213594841
714183.0 0.19470315951673284
714183.0 0.1971600536267757
680457.0 0.30443780072640064
714183.0 0.20257947308103239
486756.0 0.7863029598902795
714183.0 0.19792561553390225
679977.0 0.34594276622667064
486756.0 0.7854193673857085
714183.0 0.19519870303039874
714183.0 0.19990138221051043
714183.0 0.19893347432533773
726759.0 0.17976752554509318
714183.0 0.20002599880927407
714183.0 0.20084763609412365
714183.0 0.20177892553294438
726759.0 0.18158676426817477
726759.0 0.18395705966747997
714183.0 0.20466470001405948
714183.0 0.19867605909991232
714183.0 0.20093637219394264
486756.0 0.7888433334768793
486756.0 0.7893635520094746
714183.0 0.20163396763723673
726759.0 0.18031922936162814
726759.0 0.18451548964502984
486756.0 0.7881929672414903
726759.0 0.18063504626579147
714183.0 0.2031687092011128
726759.0 0.18103374415439785
714183.0 0.19743260371163754
679977.0 0.3543450085101393
486756.0 0.7902470128845914
679977.0 0.3454604624736681
486756.0 0.7920963477758576
726759.0 0.17994748952627226
486756.0 0.7872842225866798
486756.0 0.7909034630170709
726759.0 0.1846210612386873
486756.0 0.7914376178931238
726759.0 0.18206511860759422
714183.0 0.20379730021537135
486756.0 0.7913804229816724
714183.0 0.2033556782197283
486756.0 0.7868088087263991
486756.0 0.7918962784409371
486756.0 0.7941760925803645
680457.0 0.3097370625249764
486756.0 0.7924721308372837
486756.0 0.7879582172405123
726759.0 0.18323782440190284
486756.0 0.7886216504193072
714183.0 0.204308561453365
486756.0 0.7866719831002975
486756.0 0.7899436312469578
726759.0 0.1809795289030326
486756.0 0.7944372982989155
486756.0 0.7929115999144927
726759.0 0.18174978591595237
486756.0 0.7925589201170858
486756.0 0.793210209301502
486756.0 0.790529839279424
486756.0 0.7937622802314211
486756.0 0.7935815667194105
486756.0 0.7873877589906768
486756.0 0.7928150132978331
726759.0 0.1829527416317593
486756.0 0.7876526844414148
726759.0 0.18297285461597926
726759.0 0.18342700291625919
486756.0 0.7877358614682859
726759.0 0.18368229497034955
714183.0 0.19732605508792506
486756.0 0.7939700298290234
486756.0 0.7895827965111472
486756.0 0.7907868675725322
486756.0 0.7905771335450846
714183.0 0.20409847033710385
726759.0 0.18248375361182106
726759.0 0.18232596426391992
486756.0 0.7886216504193072
486756.0 0.7897961248149354
486756.0 0.7896243922583929
714183.0 0.20390106970184896
486756.0 0.7905949202142223
486756.0 0.7939053178745987
486756.0 0.7919123029313173
486756.0 0.7934226191364723
714183.0 0.1987144477711384
726759.0 0.18224107224015398
486756.0 0.7945446062843583
714183.0 0.1988730482935196
714183.0 0.20331873991844382
726759.0 0.1835703522359806
486756.0 0.7934472048569766
714183.0 0.20319557104497052
486756.0 0.7898456611366466
714183.0 0.20167348538519056
726759.0 0.1835222005275018
726759.0 0.181675769786731
726759.0 0.18255927492393248
714183.0 0.20424749972257272
486756.0 0.7908526914419077
714183.0 0.20418811278838767
726759.0 0.18368229497034955
486756.0 0.7945446062843583
486756.0 0.7928535970292384
486756.0 0.7867608050339882
714183.0 0.20413122709349277
714183.0 0.20384211352021261
486756.0 0.7867129273855724
726759.0 0.1822616179243062
486756.0 0.7876800537514596
726759.0 0.18255264208886354
726759.0 0.1817149115359983
714183.0 0.19890431284869448
714183.0 0.20388633634364073
486756.0 0.7913832137334244
486756.0 0.7873413957472424
486756.0 0.7868088087263991
486756.0 0.7873413957472424
486756.0 0.7873413957472424
486756.0 0.7868088087263991
483714.0 0.854301584725002
733647.0 0.1797734513639623
617019.0 0.5947101299441404
581733.0 0.6327756875077415
638511.0 0.5680593396373755
599808.0 0.59924665939813
650562.0 0.5536096200655798
624186.0 0.572991036901909
657720.0 0.52264295785323
591957.0 0.6266025873729453
552546.0 0.6380553509293335
486198.0 0.8424668563629648
666462.0 0.45626314586240463
651642.0 0.539434618805512
660609.0 0.4728760246481582
566316.0 0.637149476217183
568890.0 0.6353791863980696
630969.0 0.5694521515610919
539235.0 0.6646407562204217
486720.0 0.807928018376676
510048.0 0.7343545557608686
660261.0 0.5006721501163784
660261.0 0.4888981981550603
547554.0 0.6424397757121184
592215.0 0.6015779896483289
502842.0 0.739993789403473
519084.0 0.7226445425956224
545904.0 0.654491984839592
543822.0 0.6629002247286031
688956.0 0.29375787416062404
667923.0 0.441135304804984
527046.0 0.6871899383279595
525978.0 0.7069597941895173
498666.0 0.7508262296245126
528933.0 0.675923122007237
681846.0 0.3138667585972312
717306.0 0.19717723298002907
531174.0 0.6704348325457776
703458.0 0.2215887712567046
514110.0 0.7265329881796759
594576.0 0.6004394936479189
526248.0 0.6957656225548491
502578.0 0.7469725817952866
681342.0 0.3315708154671689
522084.0 0.7099231643337438
520134.0 0.7120887941314759
692649.0 0.25636746884694367
697299.0 0.2333942585670265
667923.0 0.43157948092667414
692649.0 0.26757700325029216
511920.0 0.7266615424918077
726759.0 0.18521484501267366
484668.0 0.8539573253364425
718383.0 0.19198968250033022
668901.0 0.4253057743544214
685122.0 0.29890350220484774
697863.0 0.2277039431829662
693507.0 0.23601773587316346
681951.0 0.30839301198562397
710832.0 0.20649093042312264
706335.0 0.2156300741382002
495636.0 0.7534997888204858
722379.0 0.1854897790233291
489384.0 0.7888532647781878
678678.0 0.36186927212659303
492840.0 0.7725787158413333
690171.0 0.28496400876344874
721608.0 0.190489315083646
676875.0 0.37190233486301233
679977.0 0.3597756230838376
684765.0 0.30543884615726763
495234.0 0.7677551533580804
488916.0 0.7923508555667214
709350.0 0.21227187279707024
674241.0 0.38594784494085327
672240.0 0.40227045703694964
672240.0 0.3941151744384458
726759.0 0.1852534538747772
692649.0 0.2469929275788843
670314.0 0.4093942095420195
531174.0 0.6694721755776685
491565.0 0.7792215111874489
700863.0 0.22584413946979015
490722.0 0.7823064253930964
493599.0 0.7703807893172636
701196.0 0.22537450432209594
680391.0 0.35056664220240297
706335.0 0.21410423451372942
710340.0 0.2121742370076521
680457.0 0.3323488491093768
673704.0 0.38879934335919747
670314.0 0.42060324382918346
671157.0 0.40607945968465486
692649.0 0.27566725176831275
714183.0 0.20617120541516598
714183.0 0.20615147687104846
670314.0 0.41412424852703067
714183.0 0.20543929765156116
675687.0 0.3814424829701011
692649.0 0.24325213168048349
675687.0 0.38073201830485653
676875.0 0.36771089292569964
680391.0 0.33900998867237697
721899.0 0.18744392465453036
495480.0 0.7618839625356961
486756.0 0.8044007786998194
691278.0 0.284583664872902
670314.0 0.4180750865693738
680391.0 0.3442402883852902
691278.0 0.28187904074004344
692649.0 0.23741368576563696
671157.0 0.4028228729812093
676875.0 0.36713108162160535
692649.0 0.23853072614705428
685122.0 0.30327187928891397
676875.0 0.3766648449500768
495588.0 0.7578338128818528
726759.0 0.18507655664054742
692649.0 0.2792512330844167
685122.0 0.3006422001420528
680391.0 0.34770955311500756
491565.0 0.7809582919894001
676875.0 0.377323169258345
680391.0 0.3412999416061603
692649.0 0.244480072113744
490728.0 0.781168679470744
692649.0 0.27674033342843257
673704.0 0.39294239774052303
690882.0 0.2847865885217714
673704.0 0.39160654528616484
531174.0 0.6733624201426668
679977.0 0.3607934218697235
680391.0 0.3485502247320056
486756.0 0.794986184285536
486720.0 0.8055389181074157
680391.0 0.3404396118258641
531174.0 0.6724788977942636
495588.0 0.7598223432943244
495588.0 0.7588420955620113
680391.0 0.33981540397342913
673704.0 0.3921478590613358
486756.0 0.8028843010410748
486756.0 0.8018771036448185
495588.0 0.7608294721614165
495588.0 0.7615533236971417
680457.0 0.3317624674227823
531174.0 0.672606551663622
486756.0 0.8041410106422857
486756.0 0.8049209877219269
495588.0 0.7605651956186777
714183.0 0.20577601586752692
486756.0 0.8035340890436659
486756.0 0.7997132109422316
486756.0 0.79851744514465
486756.0 0.8052364416393175
486756.0 0.8031146614958701
486756.0 0.8004262883892479
486756.0 0.8008372161666293
486756.0 0.7966480038722499
486756.0 0.7981225407016368
486756.0 0.7962171769553813
486756.0 0.7958702513034226
486756.0 0.7967468864729659
486756.0 0.797172241141435
486756.0 0.7955038610174773
486756.0 0.798940787558418
486756.0 0.8034961991877733
486756.0 0.7992915386131075
486756.0 0.7993673033073425
486756.0 0.7951270819646116
486756.0 0.7978440633398757
486756.0 0.7975089425241888
495588.0 0.7618323234869664
486756.0 0.79539160392527
486756.0 0.7999968437374148
486756.0 0.8053635998600134
486756.0 0.7959663142136114
714183.0 0.20641391314214083
486756.0 0.8001865118304162
495588.0 0.7606484303367338
486756.0 0.8009249598500823
714183.0 0.20622588173579073
486756.0 0.8003312848234356
486756.0 0.7973278339079984
486756.0 0.8029764346204535
486756.0 0.8014617435336705
486756.0 0.7987208752277152
486756.0 0.7961464283650703
486756.0 0.7975077423472049
486756.0 0.7980383441529184
486756.0 0.7988306985366666
486756.0 0.8016196413665606
486756.0 0.8010807779025421
486756.0 0.8000668403804996
726759.0 0.18533526819450202
486756.0 0.7950442173469997
726759.0 0.18508318331105728
486756.0 0.80180116131957
486756.0 0.8016782123847221
486756.0 0.8011030162523252
486756.0 0.7954522123922305
486756.0 0.7989000790660307
486756.0 0.7987274583899078
486756.0 0.8012218730157763
486756.0 0.7967107822605161
486756.0 0.801199947532042
486756.0 0.7979472567163404
486756.0 0.7978858147884127
726759.0 0.1854797673539262
726759.0 0.18540215711881092
486756.0 0.8013904112956104
486756.0 0.801300651779098
486756.0 0.8013022585094983
486756.0 0.8013777923066926
486756.0 0.7972703163427918
486756.0 0.7961716422275213
486756.0 0.8017475194577027
726759.0 0.1853955969777353
486756.0 0.7993522434636032
486756.0 0.7979472567163404
486756.0 0.7993047067668512
486756.0 0.8016246424590473
486756.0 0.8017475194577027
486756.0 0.7972158435511247
486756.0 0.7971764385710675
486756.0 0.7978589396987942
486756.0 0.8035016937134828
486756.0 0.8000382362352617
486756.0 0.7972561091748175
486756.0 0.7972466828400487
486756.0 0.8010807779025421
486756.0 0.801199947532042
486756.0 0.800031439799737
486756.0 0.8000168969529535
486756.0 0.7972158435511247
486756.0 0.7972332176662877
486756.0 0.8000168969529535
486756.0 0.7972332176662877
486756.0 0.8013777923066926
486756.0 0.7978464428976847
486756.0 0.8016196413665606
486756.0 0.7971764385710675
486756.0 0.7978464428976847
486756.0 0.801300651779098
486756.0 0.7971764385710675
486756.0 0.7971764385710675
486756.0 0.7971764385710675
486756.0 0.7971764385710675
486756.0 0.7971764385710675
486756.0 0.7971764385710675
486756.0 0.7972332176662877
486756.0 0.7971764385710675
486756.0 0.7971764385710675
486756.0 0.7971764385710675
486756.0 0.7971764385710675
486756.0 0.7978464428976847
486756.0 0.7971764385710675
486756.0 0.7971764385710675
486756.0 0.7971764385710675
486756.0 0.7978464428976847
486756.0 0.7971764385710675
486756.0 0.7971764385710675
486756.0 0.7971764385710675
486756.0 0.7971764385710675
486756.0 0.7972332176662877
486756.0 0.7971764385710675
486756.0 0.7971764385710675
486756.0 0.7978464428976847
486756.0 0.7971764385710675
486756.0 0.8016196413665606
486756.0 0.7978464428976847
486756.0 0.8000168969529535
486756.0 0.7972332176662877
486756.0 0.7972332176662877
486756.0 0.7971764385710675
486756.0 0.7971764385710675
486756.0 0.7971764385710675
486756.0 0.7971764385710675
486756.0 0.7971764385710675
486756.0 0.7972332176662877
486756.0 0.7979472567163404
486756.0 0.7971764385710675
486756.0 0.7971764385710675
486756.0 0.7972332176662877
486756.0 0.7971764385710675
486756.0 0.7971764385710675
486756.0 0.7971764385710675
486756.0 0.7971764385710675
486756.0 0.7971764385710675
486756.0 0.7978464428976847
486756.0 0.7971764385710675
486756.0 0.7971764385710675
486756.0 0.7971764385710675
486756.0 0.7971764385710675
486756.0 0.7971764385710675
486756.0 0.7971764385710675
486756.0 0.7971764385710675
486756.0 0.7971764385710675
486756.0 0.7971764385710675
486756.0 0.7971764385710675
486756.0 0.7971764385710675
486756.0 0.7971764385710675
486756.0 0.7971764385710675
486756.0 0.7972332176662877
486756.0 0.7971764385710675
486756.0 0.8000168969529535
486756.0 0.7971764385710675
486756.0 0.7972332176662877
486756.0 0.7971764385710675
486756.0 0.7971764385710675
