714183.0 0.2033556782197283
495588.0 0.7974865441114136
527094.0 0.6197390392868968
618372.0 0.4784701533913346
555666.0 0.604572433957296
671157.0 0.34476966424029887
572274.0 0.5665730424679624
639363.0 0.45963019508105235
601437.0 0.5443701735317124
605790.0 0.524736194479236
688956.0 0.2630085495240793
560220.0 0.5870019586589957
668901.0 0.40936581533958627
659748.0 0.4260195545167274
684765.0 0.2964453950434119
649407.0 0.44356883825892657
701475.0 0.24757644346334146
501564.0 0.7594228018539779
676875.0 0.3163473028673865
514008.0 0.669981244787588
572274.0 0.5473710120108082
644196.0 0.4499142273589173
666045.0 0.41109550072282813
680445.0 0.3071587405455887
514008.0 0.7187046610536111
705999.0 0.23393049039912536
710928.0 0.22350168954100777
510024.0 0.7404976167443522
501564.0 0.757483396541931
602331.0 0.5316992192628827
714183.0 0.22324670688180998
510048.0 0.7343545557608686
511818.0 0.719205852444667
705579.0 0.24225427501053412
514008.0 0.6761793223530128
572274.0 0.564317529929349
501564.0 0.7437451522204146
514008.0 0.6896209756500589
514008.0 0.6915029670556309
514008.0 0.7020875133096741
514008.0 0.7145974596638727
514008.0 0.7070959157317959
514008.0 0.7027270675275692
514008.0 0.7118981766789917
514008.0 0.7170546540252241
514008.0 0.708914911904597
514008.0 0.7129077893308422
514008.0 0.7182453589315148
514008.0 0.7074884071507067
514008.0 0.7085314485876295
514008.0 0.7023930417363752
514008.0 0.7190589429823683
728265.0 0.2062686133421894
502935.0 0.7625475871199847
690882.0 0.29120079447737834
569958.0 0.6055522838872517
622848.0 0.5434395926333369
641811.0 0.4879668788987903
653298.0 0.44731123782889953
604464.0 0.5454460241229582
705807.0 0.2495782597932318
633282.0 0.5122524705883794
649872.0 0.47312886390581593
551673.0 0.6211788098900205
674241.0 0.3812088065941204
662967.0 0.4275212510648525
588861.0 0.5644216209356214
670314.0 0.41412424852703067
631707.0 0.5325090836946238
690882.0 0.26862291759006385
684765.0 0.3322308004677934
541446.0 0.629346742346938
581250.0 0.5866711879221268
674241.0 0.3574381360319532
514152.0 0.6937359030299307
680457.0 0.3439482056441374
719703.0 0.21748645754771764
576132.0 0.587911697493493
522744.0 0.6719897277980534
593298.0 0.5561030482499286
527202.0 0.654329292148443
518490.0 0.6783410167538354
531438.0 0.6320954225526938
511908.0 0.7480026357426383
708033.0 0.23417960428874837
551094.0 0.6255598731640425
668901.0 0.4253057743544214
506010.0 0.7512551268917239
514008.0 0.7197158030246558
511920.0 0.7266615424918077
714891.0 0.22098564458557174
684663.0 0.33239849282850376
593298.0 0.5480386245186731
531174.0 0.6498119878753144
505248.0 0.7601769549888087
531414.0 0.6442664603893201
714183.0 0.2329815516201436
714288.0 0.22841814910167996
514008.0 0.7229977560671437
714183.0 0.23111948455132358
514008.0 0.7251302161877303
514008.0 0.7233051835533778
714183.0 0.231844865315709
514008.0 0.7212173188123168
514008.0 0.7216252757473859
514008.0 0.7258980417477997
514008.0 0.7226999538823937
503601.0 0.8002027636187582
733245.0 0.20701480962506186
503601.0 0.8448528694246236
675687.0 0.40183883067972015
599439.0 0.5786906551136864
577152.0 0.5879852467372643
552546.0 0.6248626578313432
650733.0 0.5020958269418954
538974.0 0.6322038049093166
610284.0 0.5553636174229862
692649.0 0.3018018940636694
639861.0 0.5278896025540926
565632.0 0.6247523381475604
693720.0 0.2744651099631701
667923.0 0.43157948092667414
606027.0 0.5768007004417604
679971.0 0.3683623316258075
691113.0 0.32791357983943514
662034.0 0.44987225212740534
533469.0 0.645219303972059
651498.0 0.4829452612872745
659925.0 0.48235090494658545
667923.0 0.441135304804984
622275.0 0.5550568132490552
701475.0 0.26999982301459274
659946.0 0.46615318196698874
690171.0 0.34232105439022364
528933.0 0.675923122007237
522882.0 0.690920060072804
572559.0 0.62370001665831
505248.0 0.7904360826294209
705579.0 0.2689666707533333
706335.0 0.25035165032992684
525282.0 0.6810813660755126
684765.0 0.3580401056340536
684825.0 0.3458900853885807
637197.0 0.5395304299677707
722151.0 0.2219334687895058
508176.0 0.7585550400659202
576132.0 0.6205220246740011
632115.0 0.5407664469482645
719703.0 0.23142548354355327
623931.0 0.5539103867075934
505248.0 0.7715764396674845
629988.0 0.550999707140968
514770.0 0.7159986833539574
729750.0 0.22072594830303874
530430.0 0.6602381689377689
679971.0 0.36393080041854875
505836.0 0.7675778885765404
577143.0 0.6069515266063363
531816.0 0.6583135618130725
519084.0 0.6980374116755961
714480.0 0.23303839100564885
710241.0 0.24904612260594958
638658.0 0.5287373326703729
518241.0 0.7099027738752531
576786.0 0.6081100063588488
721305.0 0.22570329899281133
629994.0 0.5467193983723907
518199.0 0.7158580657393652
512034.0 0.7572915251040957
518268.0 0.6984134776326962
514008.0 0.7275693946990659
710928.0 0.24306665272968872
512640.0 0.7448493552730304
712221.0 0.24295553693039598
513900.0 0.7403687569962997
731775.0 0.21383488333005385
731775.0 0.21495082181422737
513900.0 0.7370317746113801
731775.0 0.20702981505715956
512172.0 0.7501708555451321
729807.0 0.22020853850408417
512040.0 0.7536421106901237
714183.0 0.24099521255608136
531414.0 0.6601228457509697
512172.0 0.746151136174855
731775.0 0.2198150800828292
714183.0 0.2388855856002482
512040.0 0.7515390530737742
714183.0 0.23625249908205978
714183.0 0.23623074902708893
514008.0 0.7366257191497287
514008.0 0.733770093649634
514008.0 0.7321652994315971
514008.0 0.7290643689987177
731775.0 0.21683236368998424
714183.0 0.24038217655367008
731775.0 0.217640507919888
514008.0 0.7314086735785549
514008.0 0.730341196142969
731775.0 0.21583255061919698
731775.0 0.21858710910910875
731775.0 0.21925284472548784
514008.0 0.7364120864826686
714183.0 0.2413072824290736
514008.0 0.7355584593628519
731775.0 0.21565267155650777
714183.0 0.2419314022522232
514008.0 0.7343176384430111
514008.0 0.7319008954908018
514008.0 0.7351999969161405
731775.0 0.21874373970998037
514008.0 0.7346264131043502
714183.0 0.24260849352930272
514008.0 0.7294253176173685
514008.0 0.7367606264020566
514008.0 0.729685357753651
714183.0 0.24224966524731542
514008.0 0.7302221631168195
714183.0 0.24279997972679704
514008.0 0.7353634901933158
714183.0 0.24073694776628118
514008.0 0.7345343432168902
714183.0 0.2420971966841265
714183.0 0.24065323829521965
514008.0 0.7299491515685497
514008.0 0.7299686276074497
514008.0 0.7295515505577942
514008.0 0.7364963126932306
514008.0 0.7355270095913954
714183.0 0.2422302938552495
714183.0 0.240670949206601
731847.0 0.21315182281769837
505155.0 0.838772490455292
589635.0 0.5888850365256573
618990.0 0.5735289723774222
693720.0 0.343982400158581
568437.0 0.6252253444349811
586710.0 0.6088257168576335
534834.0 0.6457042913424862
671067.0 0.45870134299952353
693831.0 0.2882158904199537
543030.0 0.633808560606178
660609.0 0.4728760246481582
505176.0 0.8179250247773555
628416.0 0.5569642147353695
677043.0 0.4293474040759135
552546.0 0.6333324483455278
679026.0 0.40472325392837494
641016.0 0.552996189080144
671892.0 0.4373159039776717
643335.0 0.5309812371976929
681846.0 0.3830295049191909
684897.0 0.3586672022856294
559659.0 0.6300599601546399
697191.0 0.2870741629848433
723315.0 0.22790059054368259
685167.0 0.34912759331057575
705675.0 0.28061656014029807
651288.0 0.5290250550088124
655008.0 0.5085961459038058
505422.0 0.7835403385172878
657045.0 0.4882563448252348
715809.0 0.23854976242691045
522405.0 0.7020274880466789
508812.0 0.7666952860420939
531174.0 0.6694721755776685
623616.0 0.5572670385828603
680391.0 0.3893077258654055
564744.0 0.6253352394761038
621291.0 0.5721222856726605
706755.0 0.25895012354181407
641823.0 0.5465769389766968
710928.0 0.2574016644838052
587058.0 0.6077332322122033
526098.0 0.6916596544604112
506160.0 0.783287972313928
660258.0 0.48680256089676377
705675.0 0.2717707837788342
725091.0 0.2248841310282622
729750.0 0.22230708133493002
519696.0 0.7098325016856625
529086.0 0.6844596659952882
516372.0 0.7266880557868212
519084.0 0.7226445425956224
511920.0 0.7621963354950108
652929.0 0.5192646813609011
712221.0 0.24577678328220692
514770.0 0.7310901199093831
530583.0 0.6767080923976964
653853.0 0.5175814652764111
512169.0 0.752113368010538
526446.0 0.6861978171811128
519150.0 0.7140138788838666
513780.0 0.7513988758236305
714063.0 0.2436331652142488
714195.0 0.2385932186767635
513984.0 0.7436568350790639
731820.0 0.2197508609500464
712491.0 0.24468647589327389
731775.0 0.22084904444012785
514008.0 0.7370535120871451
511920.0 0.7638549167719185
531174.0 0.6733624201426668
514008.0 0.7389470015104516
531174.0 0.6704348325457776
531174.0 0.672606551663622
531174.0 0.6724788977942636
514008.0 0.7374602439236474
731775.0 0.22108103813619506
514008.0 0.7408785119589291
514008.0 0.7415443441328523
514008.0 0.7399491449032756
514008.0 0.7404127077383302
514008.0 0.7424367635423562
514008.0 0.7395350004215239
514008.0 0.7431720606269909
514008.0 0.7406990907798731
514008.0 0.7435265203819412
514008.0 0.7393067474159616
514008.0 0.7427698489103332
514008.0 0.7371728186810268
514008.0 0.7416194192721632
514008.0 0.7423029525233689
514008.0 0.743101368485836
514008.0 0.7418666459746587
514008.0 0.742868579277654
514008.0 0.7404795850728548
514008.0 0.7391484041015826
514008.0 0.7397450592812405
514008.0 0.7421120101191632
514008.0 0.7418191150231047
514008.0 0.7397978958857054
514008.0 0.7390403341331386
514008.0 0.7421151715484375
514008.0 0.7435594538504386
514008.0 0.7371015941170463
514008.0 0.7428123916882577
738021.0 0.2167054749791337
505836.0 0.8034260036102524
590190.0 0.5942986557441516
619230.0 0.578992233093283
680910.0 0.40124250884160445
623682.0 0.5585104843088078
576333.0 0.6313502609378246
672426.0 0.4818265718712422
660261.0 0.4888981981550603
685377.0 0.36038118836792843
657720.0 0.52264295785323
550974.0 0.6338546697957659
570000.0 0.6316427202995877
642825.0 0.5476269089267013
651642.0 0.539434618805512
539235.0 0.6646407562204217
679971.0 0.4378745826798793
725439.0 0.22707501910699937
673380.0 0.4432771189846755
697017.0 0.33526474022510266
715743.0 0.23880535725237922
543414.0 0.6446989295110581
505836.0 0.783563842553923
520134.0 0.7120887941314759
697023.0 0.3117107797132369
697299.0 0.28709880359230755
705807.0 0.283208535422412
531480.0 0.6709233965245543
525978.0 0.7069597941895173
691233.0 0.3538416920624759
643728.0 0.5468267443362983
518268.0 0.729425035004756
509892.0 0.7705460942344751
546621.0 0.6397656284603951
710022.0 0.260501725740087
713256.0 0.24525885044347873
694503.0 0.35034105177118174
697023.0 0.29693180165350785
527046.0 0.6871899383279595
526248.0 0.6957656225548491
515820.0 0.731441790707945
675174.0 0.44303814869103547
706335.0 0.27500052624875426
709029.0 0.27132290068349774
514710.0 0.742659790909853
530832.0 0.683306321251106
731775.0 0.22481437738881968
731775.0 0.22449409769864337
511920.0 0.7689250501455225
513840.0 0.7663861964863147
709599.0 0.2638439543241013
714411.0 0.24394144355321343
694503.0 0.3525013327195049
531174.0 0.6782145578500414
513840.0 0.7602216205114902
731775.0 0.22254495965098123
513900.0 0.758374180902022
714183.0 0.24514015399336284
513984.0 0.7548056145795415
531174.0 0.6809507603531633
531174.0 0.6792867977002979
514008.0 0.7471795642303355
513864.0 0.759386352409486
531174.0 0.6806655963117125
514008.0 0.7437769332795174
531174.0 0.6783330646313536
514008.0 0.7489696325329922
514008.0 0.7458278118572883
514008.0 0.7477374728596479
514008.0 0.7509782428833952
514008.0 0.7496006492575881
731775.0 0.223590656361984
514008.0 0.751243714155311
514008.0 0.7516646490996886
731775.0 0.22300972298974675
514008.0 0.7542096224557309
514008.0 0.7535934130972262
514008.0 0.7463909602885033
514008.0 0.7504829119619607
514008.0 0.7533353847982018
731775.0 0.22512814644370016
514008.0 0.752924498852487
514008.0 0.7473594787311201
731775.0 0.22406398939226108
514008.0 0.7445235966916453
514008.0 0.7448685288486442
731775.0 0.22370362019030274
731775.0 0.22293227691771594
514008.0 0.7545886716645605
514008.0 0.7485629595916352
731775.0 0.22608904956452744
514008.0 0.7525398128889779
514008.0 0.7519050711505763
514008.0 0.7482845280518153
514008.0 0.7481230206010107
731775.0 0.22547896877788806
514008.0 0.7528194032809292
514008.0 0.744076718180975
514008.0 0.7443673204714887
731775.0 0.2266911262431296
731775.0 0.22685239113905697
731775.0 0.2253401891045297
514008.0 0.7543591241922112
731775.0 0.2257392318201576
514008.0 0.7450036879824796
514008.0 0.7502459696640679
731775.0 0.2264900835261875
731775.0 0.2245581906539624
731775.0 0.22420485224264053
514008.0 0.7454177539081671
514008.0 0.7469445920295835
514008.0 0.7441525366254762
514008.0 0.7500724398113383
731775.0 0.22633340085378392
514008.0 0.7520968693819472
731775.0 0.22438257316317908
514008.0 0.7452026412374121
514008.0 0.7456241180255182
514008.0 0.7464305501964716
514008.0 0.7534641660920804
514008.0 0.7487438643210889
514008.0 0.7504004488293621
514008.0 0.749729245482467
514008.0 0.7499635480578722
514008.0 0.7498370983526155
731775.0 0.2270490458117694
514008.0 0.7466424375946153
514008.0 0.7452578088532427
514008.0 0.7523861990577041
514008.0 0.7455737086203346
514008.0 0.7547500319091576
731775.0 0.22589892657560576
514008.0 0.7487314395650738
514008.0 0.747230321649542
514008.0 0.7468751687239854
514008.0 0.7523257079821111
514008.0 0.7481489013087044
731775.0 0.2258219257978906
731775.0 0.22636558684430105
514008.0 0.7542408820342441
514008.0 0.7535844620546354
514008.0 0.7467661169954245
514008.0 0.7522175604478224
514008.0 0.7521810847838507
731775.0 0.22446834325582618
514008.0 0.7466748152280469
514008.0 0.7467551181151778
731775.0 0.2258964135905602
514008.0 0.7547855569678595
514008.0 0.7522107687301354
514008.0 0.7466529363112744
731775.0 0.22448795919775247
508812.0 0.7994390515860745
739650.0 0.22211983474608657
617019.0 0.5947101299441404
662955.0 0.49008560485558417
686115.0 0.3721304750779221
681846.0 0.42245963903314443
691440.0 0.35596588893678816
581733.0 0.6327756875077415
697452.0 0.3097834962738323
638511.0 0.5680593396373755
599808.0 0.59924665939813
624186.0 0.572991036901909
674199.0 0.4645326887555039
591957.0 0.6266025873729453
650562.0 0.5536096200655798
661383.0 0.5098517003159228
552546.0 0.6380553509293335
566316.0 0.637149476217183
568890.0 0.6353791863980696
539610.0 0.6671271706105847
630969.0 0.5694521515610919
532530.0 0.6771854191504751
659856.0 0.535267675612577
547554.0 0.6424397757121184
592215.0 0.6015779896483289
545904.0 0.654491984839592
543822.0 0.6629002247286031
510039.0 0.7822008737670768
699711.0 0.2902941133610899
526311.0 0.7168306212275913
654615.0 0.5413894315455374
726063.0 0.23355806146895403
526452.0 0.6973025266829712
515232.0 0.7486726723811944
654150.0 0.5499305477358073
690669.0 0.37202670355945705
674253.0 0.4598261745411408
720579.0 0.2392428381027327
594576.0 0.6004394936479189
677043.0 0.4498299265403091
708030.0 0.2785488023684479
719544.0 0.24090026891693608
659364.0 0.5387902429296901
681420.0 0.43054186972812875
510204.0 0.7754200599581613
709710.0 0.2767851227057076
705675.0 0.2876540002910416
690777.0 0.3616287458440184
735213.0 0.22402063020266885
527187.0 0.6877337610587194
704508.0 0.28830860784943635
709827.0 0.2643158972244089
517518.0 0.7399232096188546
681342.0 0.44016055460799136
681063.0 0.4468747932791881
729807.0 0.22818676877898644
712860.0 0.2622396481911196
726375.0 0.22964955271050896
714183.0 0.25407319066819034
522732.0 0.7270993758474211
678003.0 0.4481348900211634
513840.0 0.7728417148180935
525768.0 0.7238874814382407
531174.0 0.6842636508505803
518772.0 0.7296990499632353
733965.0 0.22572809760923343
698037.0 0.29957871984988305
713751.0 0.2545840837006343
698037.0 0.3015802248790203
697863.0 0.30565965475436024
711639.0 0.26408687905517503
531414.0 0.6819593714030485
521856.0 0.7290685339382295
514152.0 0.7543800889448744
526248.0 0.7237403360614917
527148.0 0.6942970713587489
518226.0 0.7354177291215938
518712.0 0.7329594374473642
731775.0 0.2271644485916094
518124.0 0.738634686966428
731775.0 0.22788424394131254
714183.0 0.2456622962529123
527124.0 0.6956207646670894
719898.0 0.23973027731080246
522024.0 0.7282283323450475
714183.0 0.24619292352670227
714183.0 0.24833800411359522
531174.0 0.6862291942719476
714183.0 0.2516271430565744
531174.0 0.6867295834695422
531174.0 0.6834456984247336
714183.0 0.249880627628992
714183.0 0.2538324653015187
714183.0 0.2487526521116461
714183.0 0.25251261108493644
714183.0 0.2524583431574548
514008.0 0.7548969584334725
714183.0 0.2510875914522026
514008.0 0.7709763070647675
514008.0 0.769398778273354
714183.0 0.25039997654881063
514008.0 0.7689516834712705
514008.0 0.7560072937215457
531174.0 0.6837513721671449
514008.0 0.7563599417222486
514008.0 0.759535703427212
514008.0 0.7639883530328794
514008.0 0.7569833238318234
514008.0 0.7700373236691556
731775.0 0.22749956384226197
514008.0 0.7717033772944519
714183.0 0.25119411028764066
514008.0 0.7628062177950589
714183.0 0.25035065208077617
514008.0 0.764834278608738
531174.0 0.684079997528741
514008.0 0.768136306495112
514008.0 0.7552410339599005
514008.0 0.7686881081641356
514008.0 0.7713478767091819
714183.0 0.25423674008146696
514008.0 0.7722278309547657
514008.0 0.766751415939197
514008.0 0.764219455521375
514008.0 0.7636368146337194
514008.0 0.7705578884065365
514008.0 0.7557223751941863
514008.0 0.7624435425628092
514008.0 0.75662708837686
514008.0 0.7644243900582841
514008.0 0.7591393508241362
514008.0 0.7671490565839197
514008.0 0.7684644290570951
514008.0 0.7588192713848269
514008.0 0.7697100241594974
514008.0 0.7573384130202944
514008.0 0.7678063895709739
514008.0 0.7704008449651131
514008.0 0.7583567929950145
514008.0 0.7644243900582841
514008.0 0.7651434209792266
731775.0 0.22773387908790754
514008.0 0.7632077078118962
514008.0 0.7714465811038373
514008.0 0.7719964425207105
514008.0 0.7602350296630506
514008.0 0.7661691227824864
514008.0 0.7580433623791889
514008.0 0.7674479716672905
514008.0 0.7621320726210506
731775.0 0.22717907493480113
514008.0 0.7683041379285119
514008.0 0.7725023376050159
514008.0 0.7655362675885922
714183.0 0.2545237451890178
514008.0 0.7649400391156321
514008.0 0.7664538369763563
514008.0 0.7555891577338413
514008.0 0.7571630149765484
514008.0 0.7614384856746135
514008.0 0.7660260989271241
514008.0 0.7635677350259273
514008.0 0.7600736330175453
514008.0 0.760530950227383
514008.0 0.7658736757403661
514008.0 0.7677649990320554
514008.0 0.7607636666389855
514008.0 0.7590011132006976
514008.0 0.7586188572481366
514008.0 0.7623205959934528
514008.0 0.7599779935426724
514008.0 0.7675607795137794
514008.0 0.7606992275495348
514008.0 0.772056296887657
514008.0 0.759750672366176
514008.0 0.772704268090161
514008.0 0.7604216992966866
514008.0 0.7698448628068302
514008.0 0.761908938408576
514008.0 0.757541955679934
514008.0 0.7597306441945424
514008.0 0.765662576721432
514008.0 0.7663731176575974
514008.0 0.7653463872909323
514008.0 0.7630139149739791
514008.0 0.7644243900582841
514008.0 0.7612394263271053
514008.0 0.7617547210539756
514008.0 0.7633843222561807
514008.0 0.7629796133677589
514008.0 0.7609402727594515
514008.0 0.7576516528534175
514008.0 0.7567724214601961
514008.0 0.7616410961582636
514008.0 0.7579279404858804
514008.0 0.7553946321891865
514008.0 0.758581019165951
514008.0 0.7633699317205352
514008.0 0.7584378283764208
514008.0 0.7652971889263861
514008.0 0.7568824432886445
514008.0 0.7554268887824139
514008.0 0.7619843933910749
514008.0 0.7704335612339477
514008.0 0.7577445139925088
514008.0 0.765910512379369
514008.0 0.7609587288691135
731775.0 0.22785648851759316
514008.0 0.7612341635732511
514008.0 0.7726151553978652
514008.0 0.761091148659202
514008.0 0.7668920812895267
514008.0 0.7570523286143411
514008.0 0.7590587171754233
514008.0 0.7615223235904229
514008.0 0.761091148659202
514008.0 0.765662576721432
514008.0 0.7705578884065365
514008.0 0.7578108493057429
514008.0 0.7617105274176478
514008.0 0.7697791149071547
514008.0 0.7568186733430382
514008.0 0.7575498464934184
514008.0 0.7604503553884495
514008.0 0.7599859839973288
514008.0 0.7579966303009549
514008.0 0.7670619205646739
514008.0 0.7615036451769748
514008.0 0.7591393508241362
514008.0 0.7725612343277792
514008.0 0.7570230570375168
514008.0 0.7674856426376597
514008.0 0.7578043758190491
514008.0 0.76982231353456
514008.0 0.7619662542201184
514008.0 0.7623696623668841
714183.0 0.25455092572078286
514008.0 0.7725443254041751
514008.0 0.7623900550929432
514008.0 0.7669839341448159
514008.0 0.7669290580458676
514008.0 0.7669839341448159
514008.0 0.7670367512110868
514008.0 0.7584056217665286
514008.0 0.7580158288236251
514008.0 0.7675153784909139
514008.0 0.7675314444710297
514008.0 0.7664233232891853
514008.0 0.7668920812895267
514008.0 0.7669290580458676
514008.0 0.7630026900150132
514008.0 0.766409826386268
514008.0 0.7704008449651131
514008.0 0.7554251183343276
514008.0 0.7584091756664765
514008.0 0.7653268310529447
514008.0 0.7663902080302127
514008.0 0.7664512474828704
514008.0 0.7653145287759704
514008.0 0.7670619205646739
514008.0 0.7670367512110868
514008.0 0.7623852515757047
514008.0 0.7597470226125644
514008.0 0.7619737347711417
514008.0 0.7663791750653182
514008.0 0.7584056217665286
514008.0 0.7644243900582841
514008.0 0.7644243900582841
514008.0 0.765662576721432
514008.0 0.761091148659202
514008.0 0.7644243900582841
514008.0 0.7644243900582841
514008.0 0.7644243900582841
514008.0 0.7644243900582841
514008.0 0.7670619205646739
514008.0 0.7644243900582841
514008.0 0.7644243900582841
514008.0 0.7669839341448159
514008.0 0.7644243900582841
514008.0 0.7644243900582841
514008.0 0.7644243900582841
514008.0 0.7644243900582841
514008.0 0.7644243900582841
514008.0 0.7644243900582841
514008.0 0.7644243900582841
514008.0 0.7644243900582841
514008.0 0.7644243900582841
514008.0 0.7644243900582841
514008.0 0.7644243900582841
514008.0 0.7591393508241362
514008.0 0.7644243900582841
514008.0 0.7669839341448159
514008.0 0.7644243900582841
514008.0 0.7644243900582841
514008.0 0.7644243900582841
514008.0 0.7644243900582841
514008.0 0.7644243900582841
514008.0 0.7644243900582841
514008.0 0.7644243900582841
514008.0 0.7644243900582841
514008.0 0.7644243900582841
514008.0 0.7644243900582841
514008.0 0.7670619205646739
514008.0 0.7644243900582841
514008.0 0.7644243900582841
514008.0 0.7644243900582841
514008.0 0.7644243900582841
760068.0 0.22430974568582016
509607.0 0.8132838721533234
676572.0 0.46541756213176233
666351.0 0.49292714956492567
697911.0 0.34559184457205916
735933.0 0.2263482558006328
625500.0 0.5788350432192141
593754.0 0.6260390041448697
635871.0 0.5700251710317131
686598.0 0.4128186035523389
587316.0 0.6366376415786659
575079.0 0.6384719478748948
690306.0 0.3724993867379853
564402.0 0.6390881803883671
598539.0 0.6009520514218318
603105.0 0.5997935038879539
681420.0 0.44518995793314153
684249.0 0.4381218119210986
663252.0 0.5152180779558293
646896.0 0.5690076359078684
617151.0 0.5977003947853213
661887.0 0.5246164467961775
618468.0 0.5958426551655165
687393.0 0.38760694303393445
552810.0 0.6394842973903919
699651.0 0.30301977788737294
544512.0 0.6703874508401667
547350.0 0.6550997862190773
697995.0 0.32085130711967585
658407.0 0.5425751599026172
652449.0 0.5680842937433205
534816.0 0.6772440785362238
514320.0 0.7624984261638229
510006.0 0.8076548347589534
515910.0 0.7493842946100474
705375.0 0.2970067559868966
511908.0 0.7911674254364865
527010.0 0.6994641742616292
688254.0 0.378664652460407
723219.0 0.24264246273691867
698049.0 0.31445398820956943
654783.0 0.5577401875716701
549150.0 0.6476348245320508
526896.0 0.7143640643489393
532362.0 0.685337998344753
708153.0 0.2855220628637786
517650.0 0.7429051813655637
513858.0 0.7844771462718623
655041.0 0.5525100474665813
705399.0 0.29151085198290244
657492.0 0.545570027523736
539694.0 0.6739619972903874
522498.0 0.7291411839361508
551307.0 0.6437663357615686
726555.0 0.23741767339040912
539694.0 0.6709110404378015
727539.0 0.23023345445468818
526089.0 0.7243426785177505
731880.0 0.22722642158063028
717537.0 0.24633425797865222
710208.0 0.27264189758703206
513858.0 0.7731230656527207
712122.0 0.26868428857260873
720195.0 0.244345517891825
512034.0 0.7874041654888615
514008.0 0.7728780611924364
731667.0 0.22976867661209788
714783.0 0.24803948664836745
518550.0 0.7369320369153436
529062.0 0.6955580973293427
531174.0 0.6884166998668648
709029.0 0.28120998755279686
719865.0 0.24625632500521386
714891.0 0.24681978851230393
520959.0 0.7297618865317986
520464.0 0.7358647323933001
712122.0 0.26585680031092823
714183.0 0.2550440841281207
520581.0 0.7327000258237852
526752.0 0.7189969932746202
529200.0 0.6930571533792179
727539.0 0.23422287830230348
709959.0 0.2755175616112577
526374.0 0.7202168017850035
709803.0 0.27792455278008726
518706.0 0.736102622644966
727407.0 0.2368504775363876
714183.0 0.26268782414400854
709032.0 0.2791520195956226
526311.0 0.7241291808368452
531174.0 0.6928758764473657
529086.0 0.6951060827107022
731775.0 0.22942624047011023
714183.0 0.26315478849775864
531174.0 0.6911964352766997
531174.0 0.6909017677829445
531174.0 0.6891561570797565
531174.0 0.6899130711073488
531174.0 0.6922024740730608
714183.0 0.2647279026763478
714183.0 0.25820195318222755
714183.0 0.2590070571807845
714183.0 0.2613500563782371
714183.0 0.2564638435923869
714183.0 0.2553075099246346
714183.0 0.260763692715479
531174.0 0.6896824633317317
714183.0 0.2654301768166581
714183.0 0.2570412132714516
714183.0 0.26001537741961966
531174.0 0.6922152568099341
714183.0 0.2616484170537636
514008.0 0.7729518325077327
714183.0 0.2558629916567489
714183.0 0.2561949012140609
714183.0 0.2594822648622481
714183.0 0.2633559198151598
714183.0 0.26198572155526617
714183.0 0.2601587678237956
714183.0 0.2590988980672786
714183.0 0.2576893022279009
714183.0 0.2573176992720739
714183.0 0.2636790258257368
714183.0 0.2605157326355879
714183.0 0.2594730865951894
714183.0 0.2624288629042686
714183.0 0.2575663687949603
714183.0 0.26391666860024643
714183.0 0.25798841299418307
714183.0 0.25589896314606925
714183.0 0.2621643480415623
731775.0 0.22972742793383216
714183.0 0.2644470248339355
714183.0 0.25716621748790314
714183.0 0.26231533137401375
714183.0 0.26409067231480865
714183.0 0.2656040385689538
714183.0 0.26417471840348855
714183.0 0.26054573742857196
714183.0 0.2643414016119158
714183.0 0.2637505830532552
714183.0 0.2630189757349838
731775.0 0.2294848624619743
714183.0 0.25802762289742065
714183.0 0.26285675905852596
714183.0 0.2654533450026758
714183.0 0.26274507083552756
714183.0 0.2629285929158696
731775.0 0.22964409843763325
531174.0 0.6929396618365802
714183.0 0.26559958559194435
531174.0 0.6930341795184948
714183.0 0.26442229504961534
731775.0 0.22968804890806976
514008.0 0.7728837888957748
731775.0 0.22964656347516063
512034.0 0.813095455979873
739851.0 0.22651204500105443
698049.0 0.3215298343636621
616200.0 0.6029475009754335
601362.0 0.6049374513065132
598707.0 0.623347340172432
587058.0 0.6394958837683157
566472.0 0.6401641561274757
631200.0 0.5906936048415761
690777.0 0.3730486394784839
642363.0 0.5801202004533506
628179.0 0.6005115883441509
675942.0 0.4966780476841771
677028.0 0.46793459514667224
688197.0 0.411019459036184
590190.0 0.6389443666532847
654153.0 0.5704164003111345
659397.0 0.5526236910623418
562539.0 0.644015431073862
684327.0 0.45628561080615126
665853.0 0.5219065261317722
671175.0 0.5088955728535605
552546.0 0.6547961069572454
687072.0 0.4349984411922133
701331.0 0.31204793246851836
727554.0 0.23159666687688793
690777.0 0.3743994989326371
682569.0 0.4660100678401773
541704.0 0.672117318724614
686103.0 0.4389296576885432
723399.0 0.24298872141747546
662172.0 0.5380281539549943
688197.0 0.39371263406490503
690132.0 0.38710484724044486
663573.0 0.525158362531645
647754.0 0.5791588527367727
650061.0 0.5746505022517809
546393.0 0.6721138613501559
671211.0 0.5009454623910049
705081.0 0.30642011073134773
536862.0 0.6774830555771924
513816.0 0.7958704432523567
527034.0 0.7174787015228242
661971.0 0.5484641509339209
731775.0 0.23108980465674903
522288.0 0.7363218178215244
531318.0 0.6888912628386274
535122.0 0.6831795942825373
519084.0 0.7421298913660859
705675.0 0.2926127536652543
522444.0 0.7298975118203282
714615.0 0.2568410616704426
709302.0 0.28979585426931354
718788.0 0.24714401298648675
547554.0 0.6622197585900904
516048.0 0.7610627836052444
527046.0 0.7064620048718996
516048.0 0.7572951071971349
722259.0 0.24588028042548615
516426.0 0.750182590934013
712215.0 0.26724075896247285
705381.0 0.298263916513355
565212.0 0.6426967138740178
526482.0 0.7286282643620373
552546.0 0.6474127291776641
715500.0 0.25092974636080406
530430.0 0.7032227462712737
514008.0 0.7734995191188693
526830.0 0.7280687435511881
716223.0 0.24816979330058397
551673.0 0.6563539454665815
731775.0 0.2315009719994843
530802.0 0.6944527505662317
714399.0 0.26629229196569787
712158.0 0.2771108645435051
535536.0 0.6801863883231519
548574.0 0.6581893999882749
709923.0 0.2795029259489791
709350.0 0.28400440584832093
518292.0 0.7470883039500301
712095.0 0.27743297064712835
529065.0 0.7058063999939983
547950.0 0.6589244958380656
518817.0 0.7466534479103182
714087.0 0.26662856785256867
531174.0 0.6931918458651865
514008.0 0.7824926077720898
529257.0 0.703285769917417
709710.0 0.2816322977812881
548574.0 0.656733882013816
731775.0 0.22978056065622277
529086.0 0.7039429393857821
709908.0 0.28128961181386963
518586.0 0.7468454939781466
514008.0 0.7830774771418023
514008.0 0.7902196404196117
514008.0 0.7852476781952299
514008.0 0.7841763674436687
552546.0 0.6556881636336367
514008.0 0.7918055457143831
514008.0 0.7898264316358015
531174.0 0.6939343560069048
514008.0 0.7927460441566553
514008.0 0.7914286592947833
514008.0 0.7887405973180117
514008.0 0.7930403113666666
514008.0 0.7862555247871555
514008.0 0.7846595276806764
514008.0 0.7946053400149157
514008.0 0.7939076210899579
514008.0 0.795122325153118
514008.0 0.7863453352253019
514008.0 0.787989597146963
514008.0 0.7886073958465882
531174.0 0.6934387498756543
514008.0 0.7742040359455444
514008.0 0.78706977862455
714183.0 0.2665555270360196
514008.0 0.7737954084203864
514008.0 0.7825719136078437
514008.0 0.7940884580021967
514008.0 0.7797136234685954
514008.0 0.7792643080901711
731775.0 0.23047812282507593
731775.0 0.23016403098866656
531174.0 0.6943591030389273
514008.0 0.7773539132204708
514008.0 0.7765371431569066
514008.0 0.7955445638874072
514008.0 0.7769327662241133
514008.0 0.7784162581195129
514008.0 0.7788577979988347
514008.0 0.7814979956048123
514008.0 0.7755689712758023
514008.0 0.7770233231035479
514008.0 0.7810047734862102
731775.0 0.2315009719994843
514008.0 0.7745365332892028
514008.0 0.7872251892325587
731775.0 0.22995248058497225
514008.0 0.7801184822801384
514008.0 0.7759309431048742
514008.0 0.7821036663194042
514008.0 0.7874667274219597
514008.0 0.7803158133368627
714183.0 0.266391149321188
514008.0 0.7817377497390461
514008.0 0.782218905286176
514008.0 0.7778158068732335
514008.0 0.7878398889116741
514008.0 0.7804874249504093
514008.0 0.7748652883323597
514008.0 0.7812018545285271
514008.0 0.7813025534160642
514008.0 0.7775374998011987
514008.0 0.7791785321693668
514008.0 0.7761923798716565
514008.0 0.7751121981016168
514008.0 0.7759478677001979
514008.0 0.7956873411072825
514008.0 0.7789794031807158
731775.0 0.23069532121911498
514008.0 0.7746131596355933
514008.0 0.7818488771064062
514008.0 0.7807904089417824
514008.0 0.7781246136231068
514008.0 0.7753175164958106
514008.0 0.7876718532531867
514008.0 0.7824533302332809
514008.0 0.7778844244192835
514008.0 0.7916829265547212
514008.0 0.7799329912222206
514008.0 0.7763479835012272
731775.0 0.23089036794769616
514008.0 0.7875947357545835
731775.0 0.23094135907793312
731775.0 0.23073606343242337
514008.0 0.7750468996692326
514008.0 0.7764428084022714
514008.0 0.7775236010035689
514008.0 0.7749210714251242
514008.0 0.7940542065858835
514008.0 0.7806273807435041
514008.0 0.7782726947041952
714183.0 0.26647241957766654
514008.0 0.7762274786373896
514008.0 0.7870800338349515
514008.0 0.7915663387936486
514008.0 0.7956096557177793
514008.0 0.778141860499692
514008.0 0.7753955232306733
514008.0 0.7806665082097068
514008.0 0.7807528006330878
514008.0 0.7783187576659136
514008.0 0.7818488771064062
514008.0 0.775494462856109
514008.0 0.7914481729897209
514008.0 0.7798144687114904
714183.0 0.26636071379150245
514008.0 0.7783953684417518
731775.0 0.23152178575188367
514008.0 0.7915319782394215
514008.0 0.7824926077720898
514008.0 0.7753599114607527
514008.0 0.7746091054238414
514008.0 0.775504939595267
514008.0 0.7778844244192835
514008.0 0.778872566956159
514008.0 0.7798876349515029
514008.0 0.7789193808781157
514008.0 0.7798392911225625
514008.0 0.7798722817118566
514008.0 0.7789193808781157
514008.0 0.7824633928195414
514008.0 0.7915319782394215
514008.0 0.7824926077720898
514008.0 0.7798224889503307
731775.0 0.2315041880001413
514008.0 0.778133378154376
514008.0 0.7798144687114904
731775.0 0.2315009719994843
514008.0 0.7789193808781157
731775.0 0.2315009719994843
731775.0 0.2315009719994843
731775.0 0.2315009719994843
731775.0 0.2315009719994843
731775.0 0.2315009719994843
731775.0 0.2315009719994843
731775.0 0.2315009719994843
731775.0 0.2315009719994843
514008.0 0.7824926077720898
731775.0 0.2315009719994843
514008.0 0.7798144687114904
731775.0 0.2315009719994843
731775.0 0.2315009719994843
731775.0 0.2315009719994843
731775.0 0.2315009719994843
731775.0 0.2315009719994843
731775.0 0.2315009719994843
731775.0 0.2315009719994843
731775.0 0.2315009719994843
514008.0 0.7824926077720898
