726759.0 0.16642449943215343
726759.0 0.14764604739473416
461163.0 0.7650170970234138
618372.0 0.4784701533913346
535269.0 0.5764843080703614
572274.0 0.5473710120108082
490680.0 0.6888445325914826
506784.0 0.6382898635652576
605790.0 0.524736194479236
639363.0 0.45963019508105235
491565.0 0.6432133129410981
601437.0 0.5443701735317124
520500.0 0.6121789360207542
572274.0 0.5665730424679624
520500.0 0.5885761572127695
714051.0 0.1720808730962938
681951.0 0.22880343872600123
697698.0 0.19256012623906973
470013.0 0.7447903786199122
694527.0 0.19988341050401057
474312.0 0.7092847214301097
661791.0 0.35459118522665506
644196.0 0.4499142273589173
671157.0 0.3374684870158249
671157.0 0.3300132802362286
680391.0 0.28524804675826965
602331.0 0.5316992192628827
681951.0 0.201957850684131
649575.0 0.43144399460955213
649407.0 0.44356883825892657
697698.0 0.1832726878597089
660189.0 0.39023400371168154
474045.0 0.7312471487713131
720609.0 0.1706644781838636
649575.0 0.4145413860926667
661791.0 0.3707531590529208
649575.0 0.39687886353825347
474303.0 0.7131336595872749
572274.0 0.564317529929349
660189.0 0.3851459925363636
671157.0 0.2993273038479797
474312.0 0.703703491549958
472305.0 0.7433381046960181
472344.0 0.7339297700639826
681951.0 0.23358388498169488
660189.0 0.3726911870549171
671157.0 0.291434524040199
681951.0 0.2540485720857182
681951.0 0.2438823417840357
649575.0 0.4338547969857109
671157.0 0.3201229330750119
681951.0 0.2601164699013196
671157.0 0.3093620960365735
722823.0 0.1694730733887167
681951.0 0.24638936078608992
680445.0 0.2826318831426306
671157.0 0.30855178951373113
671157.0 0.34814472015188125
649575.0 0.427840276403585
724803.0 0.16945378834770825
649575.0 0.42067513705294607
726759.0 0.1550124793064905
681951.0 0.26567658408101313
726759.0 0.15180989986462953
671157.0 0.3436515837424085
681951.0 0.2746562082732407
649575.0 0.41940036060524954
681951.0 0.2697165616419731
726759.0 0.169244813980032
474312.0 0.7053204162512529
671157.0 0.32559150279786636
726759.0 0.15987376867154066
660189.0 0.3900442430796381
681951.0 0.27346277459061835
649575.0 0.3946661896009772
671157.0 0.32122983229265634
671157.0 0.34476966424029887
671157.0 0.32621368288030655
681951.0 0.27870983896762996
681951.0 0.2677199169571809
660189.0 0.3900896122341839
474312.0 0.7125803243827586
649575.0 0.42995828873883735
660189.0 0.3919641994722009
681951.0 0.2779718552689486
726759.0 0.16371585542621916
726759.0 0.1684082113831111
726759.0 0.16639742729155352
726759.0 0.16156949259510753
726759.0 0.16642599271640068
660189.0 0.3910780979300759
726759.0 0.159958919257208
726759.0 0.16294679022694167
726759.0 0.16227364202170175
681951.0 0.2746432108383927
671157.0 0.3210756973484293
681951.0 0.27835525615592593
681951.0 0.2782101492786332
726759.0 0.16945012017048466
732474.0 0.15919236025178177
461412.0 0.8104123077084623
516003.0 0.6491296895149838
499098.0 0.6667477569034245
581250.0 0.5866711879221268
527094.0 0.6197390392868968
535269.0 0.608223614492243
622848.0 0.5434395926333369
604464.0 0.5454460241229582
641811.0 0.4879668788987903
633282.0 0.5122524705883794
560220.0 0.5870019586589957
555666.0 0.604572433957296
588861.0 0.5644216209356214
631707.0 0.5325090836946238
659748.0 0.4260195545167274
486168.0 0.7079651114066282
472122.0 0.7570369255329528
495012.0 0.6906505494679159
469512.0 0.76971207132316
685122.0 0.2191466785370306
701532.0 0.18686878800587917
593298.0 0.5561030482499286
491649.0 0.6962676957605612
691278.0 0.20987048569853906
478338.0 0.7123438870700973
468420.0 0.7953393338651416
701532.0 0.20690775263553582
649575.0 0.4765289733568645
666462.0 0.3674921143782328
466464.0 0.7971990220957609
685122.0 0.24894843345991982
474096.0 0.7327370910427565
559830.0 0.6014498702611119
714987.0 0.17632318911151185
660261.0 0.3762066640275635
683733.0 0.26999515884555453
649575.0 0.4500282176054954
728952.0 0.16185124606214268
691278.0 0.21879176653840274
649575.0 0.4458464939284842
660189.0 0.3975996187841357
714183.0 0.18473068553569663
722451.0 0.17448155373048752
672240.0 0.32229255875654306
672240.0 0.34038091819505184
706083.0 0.18485299435352973
593298.0 0.5480386245186731
676875.0 0.3113972671651395
671157.0 0.363305479302273
683733.0 0.28262569828745776
672525.0 0.31744647840472723
660189.0 0.4014115986363897
676875.0 0.2986677395682307
680115.0 0.2956130819294826
676875.0 0.31601205587919645
672240.0 0.3489401688661799
660189.0 0.41518790232859726
661791.0 0.37507748275336245
685122.0 0.25683796513773643
726759.0 0.1695375841474142
706083.0 0.18669237473636935
474312.0 0.7310708800268318
680457.0 0.28495357620792483
649575.0 0.48063546335543866
661791.0 0.37272941407229787
672240.0 0.35948343256315907
724803.0 0.1704190118397501
714183.0 0.18108085388142037
660189.0 0.41640063485797346
649575.0 0.45879453079716664
680445.0 0.29232533311027564
649575.0 0.46634212589580515
672240.0 0.34471939500835574
474312.0 0.7282927002919418
722571.0 0.17118239893158285
649575.0 0.4715031307640694
474312.0 0.7240848857001918
726759.0 0.1701060647578973
680445.0 0.28790638455264667
474312.0 0.7149747430363773
685122.0 0.251440913801278
685122.0 0.26515093724674094
649575.0 0.45747122706002086
685122.0 0.2611621378939429
474312.0 0.721866059673113
676875.0 0.31190438578969115
672240.0 0.3442092859618804
474312.0 0.7181554351774173
649575.0 0.45369393784839696
649575.0 0.4700830755959085
474312.0 0.7191924764328582
722538.0 0.17150887920815802
649575.0 0.45206751918863697
685122.0 0.26181923166225557
685122.0 0.2645263741891677
680445.0 0.2870681062908084
660189.0 0.39926672763881144
672240.0 0.36191142774493723
649575.0 0.4677679467483925
685122.0 0.25053175770702935
672240.0 0.36010567503037055
672240.0 0.3615075156274435
660189.0 0.39862844325077335
474312.0 0.7317731245683395
649575.0 0.4535114993915843
676875.0 0.3163473028673865
649575.0 0.46651987665428696
649575.0 0.46773524514195136
660189.0 0.4159789241783102
661791.0 0.3751555198392176
685122.0 0.2511923604879106
474312.0 0.7313832152026511
474312.0 0.7315950077313293
685122.0 0.2513386523492323
649575.0 0.45368994953269565
465366.0 0.8609159138623024
740670.0 0.16833679341372554
649872.0 0.47312886390581593
470079.0 0.7769023618428
576132.0 0.587911697493493
528846.0 0.6212722509827636
599439.0 0.5786906551136864
551673.0 0.6211788098900205
639861.0 0.5278896025540926
527202.0 0.654329292148443
503010.0 0.680473528619452
478164.0 0.7187147718699556
610284.0 0.5553636174229862
653298.0 0.44731123782889953
566376.0 0.6011930167485312
491277.0 0.7121828282886299
606027.0 0.5768007004417604
516162.0 0.6633677705635631
495096.0 0.6962736596181188
514008.0 0.6761793223530128
730713.0 0.16954215395886252
559830.0 0.6141528263123138
622275.0 0.5550568132490552
660189.0 0.44060935406955704
559830.0 0.6050881362651837
688956.0 0.23212368470022907
637197.0 0.5395304299677707
472344.0 0.764572776555774
674241.0 0.33473988330485643
493821.0 0.7008169503092373
632115.0 0.5407664469482645
722598.0 0.1739727801286696
623931.0 0.5539103867075934
629988.0 0.550999707140968
666462.0 0.37487838300173054
718911.0 0.17771876553210766
678678.0 0.3156468446517366
684765.0 0.27895692788996485
674241.0 0.3188480296209741
638658.0 0.5287373326703729
514008.0 0.669981244787588
706083.0 0.1970125054653112
474093.0 0.7586956190194257
685122.0 0.2757168214696661
688956.0 0.2452148611882944
681951.0 0.2871280460019826
661791.0 0.3935182894145666
474168.0 0.7518878500501558
709875.0 0.18985429900396247
629994.0 0.5467193983723907
474312.0 0.7336222319891418
691278.0 0.22172561601150242
717501.0 0.1809962128969245
660261.0 0.41986442658248363
474210.0 0.7431100900749281
714096.0 0.18967244461797259
670314.0 0.37283346287486935
688956.0 0.24994314796516343
661791.0 0.38403810016405204
702411.0 0.20873926249215988
714687.0 0.18190164969291683
670314.0 0.3700831948588447
703458.0 0.20351337669632097
672240.0 0.3643958848158807
703854.0 0.19908730798352434
688956.0 0.2626952855880626
697698.0 0.21455177303099696
680115.0 0.3071061751061945
726150.0 0.17226526317431035
666462.0 0.3835866760815877
680115.0 0.31404114825589563
700863.0 0.21275640192261178
697698.0 0.21764527050246665
660189.0 0.42993781026382905
694527.0 0.21855169082559678
709350.0 0.19521700839596495
672477.0 0.3569937111402043
694527.0 0.22119970396969507
726759.0 0.17209553246922085
674241.0 0.34378585906092457
681951.0 0.28985365884640135
688956.0 0.22620706472620425
474312.0 0.7358383204607005
685122.0 0.27163826927085705
661791.0 0.39343845055877624
660261.0 0.4158095411015673
714183.0 0.18605844237581234
688956.0 0.26421966050666984
660261.0 0.4267340079915561
666462.0 0.3835460780841784
674241.0 0.34583085503788413
701532.0 0.2121563482771658
674241.0 0.34005480489227724
681951.0 0.2957588748331668
674241.0 0.3520478349937129
672477.0 0.3623340942091434
660261.0 0.4104883463806834
660261.0 0.4020183310865117
660261.0 0.40481738329627875
709803.0 0.19465055603974066
474210.0 0.7374047648362775
680457.0 0.2975295136079829
680115.0 0.30234924157361365
660261.0 0.40876945528732805
688956.0 0.26707884983409924
688956.0 0.2221341414477307
660261.0 0.39782845955052143
672477.0 0.3552151800461803
674241.0 0.3359360117495953
660261.0 0.3978916579563623
688956.0 0.2486254650809109
660189.0 0.42865274299648554
672477.0 0.353305849089298
680445.0 0.3012727215305967
688956.0 0.2664220051213699
726759.0 0.17109286556504036
680445.0 0.299359306024836
680445.0 0.30018756430205584
680457.0 0.2978699259084113
681951.0 0.2880737825228462
726759.0 0.17050077129473165
681951.0 0.2887768720779637
688956.0 0.24876385533106327
688956.0 0.2630085495240793
474312.0 0.7368789384694818
674241.0 0.335457647503994
681951.0 0.2894154064240325
474312.0 0.7348588685543374
474312.0 0.7361733513141806
726759.0 0.17169758702082172
474312.0 0.7344013583369163
474312.0 0.735228766397234
726759.0 0.1713981183163027
474312.0 0.7357597173703359
474312.0 0.7339669582227288
474312.0 0.7352620990672502
674241.0 0.33586329074266796
474312.0 0.7341835514703556
688956.0 0.26297804799599084
474312.0 0.7359569743941682
474312.0 0.7360611342646073
746115.0 0.16899178466284723
470532.0 0.7888451492288624
577152.0 0.5879852467372643
618990.0 0.5735289723774222
650733.0 0.5020958269418954
643335.0 0.5309812371976929
569958.0 0.6055522838872517
565632.0 0.6247523381475604
505671.0 0.6871781605815279
516330.0 0.6770168491716492
541446.0 0.629346742346938
689451.0 0.23208145632128319
522744.0 0.6719897277980534
741765.0 0.16985041396237302
628416.0 0.5569642147353695
474204.0 0.7564353971282158
688956.0 0.2718300324409732
527973.0 0.6556942963086084
641016.0 0.552996189080144
651498.0 0.4829452612872745
531438.0 0.6320954225526938
484584.0 0.7277325584987426
659925.0 0.48235090494658545
726759.0 0.1770880728424888
478938.0 0.7374816201708194
486921.0 0.7189344536307851
552546.0 0.6248626578313432
504162.0 0.7054503983404897
623616.0 0.5572670385828603
705225.0 0.2008679324040644
551094.0 0.6255598731640425
641823.0 0.5465769389766968
500154.0 0.7080361728843715
621291.0 0.5721222856726605
659946.0 0.46615318196698874
493062.0 0.7132098462074954
670314.0 0.37562123679578685
712215.0 0.20018129913757932
661791.0 0.410610363776683
495096.0 0.712161206610302
660261.0 0.4342193353388651
531174.0 0.6498119878753144
690882.0 0.22636853253622763
531414.0 0.6442664603893201
660261.0 0.45130082804272226
694527.0 0.2248081287275842
722031.0 0.17913407417775873
661791.0 0.41269497556996937
717804.0 0.1844395693490301
676875.0 0.33802875417875117
661791.0 0.42874276172744014
703458.0 0.21003542126736321
666462.0 0.3877975464250972
700863.0 0.2194893718052791
688479.0 0.27475584747158976
683733.0 0.3017130598674884
683733.0 0.2924426706722853
712260.0 0.1941913939120232
676875.0 0.34151195026327613
722451.0 0.17785177933755383
660189.0 0.45685814545691394
701469.0 0.21354924049911062
666462.0 0.3861344641710638
676743.0 0.3517805345683534
716817.0 0.18766762975606668
697299.0 0.2234530600319805
684765.0 0.28979326358422247
661791.0 0.40039722346884804
474312.0 0.7492273646073719
666462.0 0.38406792421606795
666462.0 0.3912317118006756
676875.0 0.3510592971326255
726759.0 0.17513463284742803
680115.0 0.31915358079745326
674241.0 0.35975018295708483
674241.0 0.3574381360319532
714363.0 0.1903422738330061
660261.0 0.43120750740030545
685122.0 0.27972148311910777
666462.0 0.39828027892018564
681951.0 0.3027575554054156
714051.0 0.19041658702281172
672240.0 0.3723315606944792
697698.0 0.21990634742450232
703458.0 0.21292863614793106
685122.0 0.28451344428991365
676875.0 0.33221183985537484
673704.0 0.3614287463321658
672525.0 0.3627408412579665
672525.0 0.3680403359158065
688479.0 0.27935411769588253
680445.0 0.3114193781999575
661791.0 0.3998961081498753
717306.0 0.18526542183030795
660189.0 0.4541384793045495
676875.0 0.3241550074225747
680457.0 0.30375892056581333
697698.0 0.22042023867740326
680445.0 0.3089043833605846
672477.0 0.3691626391257885
688956.0 0.2723773174115053
676875.0 0.3261193531915843
676875.0 0.3281891646878976
672240.0 0.3732684772500638
672525.0 0.36884504690879966
685122.0 0.2820572356542974
680445.0 0.31452855618078696
676875.0 0.32127589442316273
680115.0 0.3209311751699451
660189.0 0.45202385256201927
726759.0 0.17232966781899053
676875.0 0.3300290533795146
680445.0 0.30656219381605404
680445.0 0.3043539436864824
680445.0 0.31724602043278455
661791.0 0.42876260055280146
680445.0 0.3153751558471031
680445.0 0.3071587405455887
474312.0 0.7456163749677712
676875.0 0.3310061357809057
680445.0 0.3180284236974925
661791.0 0.41197086539591976
474312.0 0.7472171272718793
474312.0 0.7507993879450106
726759.0 0.17366220778358407
474312.0 0.7389543438950938
474312.0 0.7523807550642043
474312.0 0.7405416362227215
474312.0 0.7401851163266916
474312.0 0.7431199998685716
726759.0 0.17580560235922332
474312.0 0.7417879009815221
474312.0 0.738371563849093
474312.0 0.7420441633475109
726759.0 0.17668076668646662
474312.0 0.7437970463181153
726759.0 0.17473616181667076
474312.0 0.7504420556119163
474312.0 0.7492573777883117
685122.0 0.28068149153978866
474312.0 0.7448511182591546
680115.0 0.3185902713151923
685122.0 0.2816449945281561
680457.0 0.3029414919175652
474312.0 0.7559474624629889
726759.0 0.1729222315793236
685122.0 0.28093463525986034
474312.0 0.7476983693129761
474312.0 0.7486005917479257
474312.0 0.7481803820572654
680445.0 0.3148840167086851
474312.0 0.7551941891630215
474312.0 0.7449830303247601
474312.0 0.7545967035625697
726759.0 0.17720207064464427
474312.0 0.7529291445086695
726759.0 0.17515727433380845
474312.0 0.7490853049346566
726759.0 0.17268064786243795
474312.0 0.7554366145105393
474312.0 0.753349541188169
474312.0 0.7435695315747199
474312.0 0.7527798017404803
474312.0 0.7535696626168223
474312.0 0.7539262100189109
474312.0 0.75243209889973
726759.0 0.17488718240064058
474312.0 0.750473577377468
474312.0 0.754232022737819
474312.0 0.7539779171949496
474312.0 0.7435994648443253
474312.0 0.7534816998581999
474312.0 0.7543105712849602
474312.0 0.7553724962605104
474312.0 0.7544400274955476
474312.0 0.7528864727882344
474312.0 0.7544353868220732
726759.0 0.17711466806002285
474312.0 0.755379974995994
726759.0 0.1771009669797216
728808.0 0.17336502199710715
472077.0 0.8373455974515176
589635.0 0.5888850365256573
619230.0 0.578992233093283
623682.0 0.5585104843088078
538974.0 0.6322038049093166
559659.0 0.6300599601546399
518490.0 0.6783410167538354
642825.0 0.5476269089267013
503010.0 0.7095655782305937
528570.0 0.6584080084900432
577143.0 0.6069515266063363
651288.0 0.5290250550088124
511362.0 0.6992235745341792
472077.0 0.8087680790980002
533469.0 0.645219303972059
478308.0 0.7442034889302461
643728.0 0.5468267443362983
495096.0 0.7147808212049587
655008.0 0.5085961459038058
657045.0 0.4882563448252348
662967.0 0.4275212510648525
474252.0 0.7870603554304797
666045.0 0.41109550072282813
489129.0 0.728344457693017
485025.0 0.7404627153420292
564744.0 0.6253352394761038
472476.0 0.7934722131032683
576132.0 0.6205220246740011
531816.0 0.6583135618130725
572559.0 0.62370001665831
722598.0 0.17792977795492432
474336.0 0.755592541376164
670314.0 0.3905990425418651
486615.0 0.7376095117086653
660258.0 0.48680256089676377
474303.0 0.7652563150084776
568437.0 0.6252253444349811
712308.0 0.1997005372088398
514008.0 0.6915029670556309
706557.0 0.20097010321479403
514008.0 0.6896209756500589
652929.0 0.5192646813609011
721359.0 0.18503593848872882
661791.0 0.4499462606567209
688479.0 0.27972796488403384
690171.0 0.27004688888837997
491277.0 0.7192972213778284
661791.0 0.43974310151541535
576786.0 0.6081100063588488
653853.0 0.5175814652764111
660261.0 0.4677869453922072
700863.0 0.22239688443386887
660261.0 0.47416446800585904
697527.0 0.2283304776796793
490680.0 0.7200444236035014
688479.0 0.29037186908185736
676743.0 0.35860982720678014
718317.0 0.18788350589351632
660261.0 0.45581339346346306
666462.0 0.4052843039058451
697527.0 0.22515508601384113
703458.0 0.21505413765556616
674241.0 0.36190375083370924
684765.0 0.2964453950434119
686622.0 0.2923326189302523
705399.0 0.2086504725692563
674241.0 0.37160106520073544
680457.0 0.3097370625249764
670314.0 0.400574857158365
703854.0 0.21025883667759956
692649.0 0.23334341076229334
705741.0 0.20297415055156998
688479.0 0.2823676483925193
679977.0 0.338643696040659
717027.0 0.190748387247548
676875.0 0.3546597046209486
660261.0 0.47144366797168136
722379.0 0.18088448020070788
701532.0 0.21777237958404255
674241.0 0.3675808902458606
661791.0 0.4340426800665124
690882.0 0.25666323918049444
679977.0 0.3299853116366761
714183.0 0.1971600536267757
690882.0 0.2483244368718429
694527.0 0.2324343863294801
690882.0 0.2652337249459681
691278.0 0.23845360998878248
684765.0 0.30377103023527413
671892.0 0.3834018329326075
691278.0 0.23616708168805758
678678.0 0.3532054094261202
690882.0 0.25563639610878053
690882.0 0.24382375395252007
684765.0 0.30049586072685136
670314.0 0.38455231979673693
714183.0 0.19470315951673284
672525.0 0.3742722627887355
679977.0 0.34057959136952537
680457.0 0.31535332826053253
701532.0 0.22013701422827223
678678.0 0.35095053210281185
717963.0 0.19028691633295391
661791.0 0.45391028030371355
694527.0 0.23277283937494153
680457.0 0.31010837347495757
690882.0 0.24677643354213907
666462.0 0.4080118360173259
680457.0 0.3057719306402135
672240.0 0.3808772486475552
679977.0 0.3452211047527972
666462.0 0.4020802907901225
678678.0 0.35030266667702564
678678.0 0.34631853137097407
670314.0 0.3877794178511303
680457.0 0.31839429024762467
694527.0 0.23177296025459218
684765.0 0.29661147173874464
680457.0 0.3096450556968144
679977.0 0.3454604624736681
680457.0 0.32067293226134624
666462.0 0.40586777137338853
714183.0 0.19329896944998443
672240.0 0.37760119602886477
672525.0 0.37281383332495077
661791.0 0.43710265582370866
672525.0 0.37509154310239506
690882.0 0.26752890161958826
670314.0 0.38626716453337895
680457.0 0.31652682809228616
690882.0 0.2438591671347929
680391.0 0.32222193185799086
661791.0 0.43742405896211445
684765.0 0.294655661594755
714183.0 0.19094556743656885
672240.0 0.3788291768022017
680115.0 0.3240963977133613
684765.0 0.2938160700164911
690882.0 0.2653544834640254
680115.0 0.3250054242080316
672240.0 0.3790371534268205
680115.0 0.3290996292681988
680115.0 0.3284353374899908
714183.0 0.1957969574223877
680115.0 0.3226763637961655
680115.0 0.3263778764795345
690882.0 0.26862291759006385
680115.0 0.3271286482100884
690882.0 0.26916899517570686
680457.0 0.30443780072640064
474312.0 0.7568965236191876
714183.0 0.19792561553390225
680115.0 0.3297366510361
474312.0 0.758049702972172
714183.0 0.19519870303039874
474312.0 0.7591340057116095
690882.0 0.2560842408420239
474312.0 0.7626504001205435
474312.0 0.7634976967610464
679977.0 0.34594276622667064
474312.0 0.7573667632404606
474312.0 0.7648331267857557
474312.0 0.7640577430573269
714183.0 0.19893347432533773
714183.0 0.19867605909991232
680115.0 0.3268421580417979
474312.0 0.7610560365118552
474312.0 0.7599110781139738
684765.0 0.30436965595441784
714183.0 0.19743260371163754
694527.0 0.23329428549009204
474312.0 0.7605657235601045
474312.0 0.7578513080081182
474312.0 0.7594460562316906
474312.0 0.7621738332588586
474312.0 0.7569943058482613
474312.0 0.7617701836271801
474312.0 0.7637217657999318
474312.0 0.7601567324041902
474312.0 0.7602614731841869
474312.0 0.7640351701844603
474312.0 0.7605047163537113
474312.0 0.7614880192243594
474312.0 0.7617087671793624
714183.0 0.19732605508792506
474312.0 0.7651321772348911
474312.0 0.7625642053640639
474312.0 0.7649857991029182
474312.0 0.7613110994382254
680115.0 0.329905473255326
679977.0 0.34535986805612134
474312.0 0.7592322468056454
474312.0 0.7593729933075326
474312.0 0.7623820130896469
714183.0 0.1987144477711384
474312.0 0.7579857714688427
714183.0 0.1988730482935196
474312.0 0.7635842163336979
474312.0 0.7648726340101327
474312.0 0.757916052190301
474312.0 0.7622733194980061
474312.0 0.761424584358627
474312.0 0.7613721491148441
474312.0 0.7591340057116095
474312.0 0.7623532621390432
474312.0 0.7635388051489882
474312.0 0.7613110994382254
474312.0 0.7622931621754515
714183.0 0.19890431284869448
474312.0 0.7591340057116095
732855.0 0.17491103553498902
473178.0 0.8985428714551211
624186.0 0.572991036901909
590190.0 0.5942986557441516
638511.0 0.5680593396373755
650562.0 0.5536096200655798
657720.0 0.52264295785323
543030.0 0.633808560606178
534834.0 0.6457042913424862
552546.0 0.6333324483455278
503586.0 0.71918886816343
577068.0 0.6200047839262416
651642.0 0.539434618805512
561609.0 0.6328791264170327
528828.0 0.661973544418495
630969.0 0.5694521515610919
570000.0 0.6316427202995877
473754.0 0.8625452307819208
520698.0 0.6785088622221105
660261.0 0.5006721501163784
586710.0 0.6088257168576335
514152.0 0.6937359030299307
491514.0 0.7196532272889961
520338.0 0.6796321724413378
576333.0 0.6313502609378246
489252.0 0.7305358313263011
660261.0 0.4888981981550603
531414.0 0.6601228457509697
662034.0 0.44987225212740534
587058.0 0.6077332322122033
660609.0 0.4728760246481582
479010.0 0.7493867839463539
668901.0 0.40936581533958627
514008.0 0.7070959157317959
507282.0 0.7109167585045946
507891.0 0.7102344601610859
730692.0 0.17701355685510542
473754.0 0.8564710620763807
486756.0 0.7404347608789873
483186.0 0.746853372916324
681846.0 0.3138667585972312
684825.0 0.3018966140196952
702411.0 0.21856072927885067
693507.0 0.23601773587316346
491238.0 0.7219366260637455
705225.0 0.2146749676485693
681951.0 0.30839301198562397
725871.0 0.1821435364930632
666462.0 0.4298153276850225
666462.0 0.41970864728595375
661791.0 0.4564411640430466
706083.0 0.20720349862625725
697191.0 0.2327608498386668
684765.0 0.30543884615726763
709734.0 0.205432811097538
688956.0 0.28556452052138637
718560.0 0.18846160552821586
721899.0 0.18744392465453036
473754.0 0.8449269094472391
722535.0 0.18523515107469002
697698.0 0.22923628330192733
714045.0 0.20120832865891647
666462.0 0.4391320457417311
671157.0 0.40607945968465486
709875.0 0.2018334895048109
690882.0 0.27061224277452356
476187.0 0.7620267150542602
671157.0 0.39450398092158373
680391.0 0.33900998867237697
478404.0 0.7590808055674048
671157.0 0.4028228729812093
691278.0 0.2557148546274332
478557.0 0.7569694521562703
726759.0 0.17904439461605665
692649.0 0.2469929275788843
680391.0 0.3281074152054398
676875.0 0.3644930476677447
700863.0 0.22584413946979015
666462.0 0.44267878691483425
680457.0 0.32248389027763696
674241.0 0.37440125025250826
717804.0 0.19223147695388015
675687.0 0.36471233140778364
666462.0 0.41844853783319363
691278.0 0.2613426145711141
714987.0 0.19252451854825126
714987.0 0.19407221755817808
514008.0 0.7020875133096741
530430.0 0.6602381689377689
688956.0 0.28335256520168445
690882.0 0.27397881771498717
688956.0 0.29375787416062404
701952.0 0.22351608928594766
476187.0 0.7647560788097356
486402.0 0.7438290141864535
714183.0 0.19990138221051043
688956.0 0.286573597815436
672240.0 0.38682623064265365
675687.0 0.37168225751915684
666462.0 0.42302555036507233
679977.0 0.3520668122709029
484761.0 0.745055748893227
679977.0 0.34667643954592353
661791.0 0.46227418024841316
678678.0 0.36186927212659303
690882.0 0.2801352474166221
680457.0 0.32601754218750256
672240.0 0.39160298374897706
666462.0 0.41564801497648257
674241.0 0.3786889617653829
661791.0 0.46922821592224423
474312.0 0.8218009091093208
684825.0 0.2988739978408836
679977.0 0.3597756230838376
691278.0 0.2608062865831004
692649.0 0.23741368576563696
705555.0 0.21026487748355083
484686.0 0.7466784831374176
690882.0 0.27411989589054797
692649.0 0.244480072113744
678678.0 0.3607950951436461
692649.0 0.24325213168048349
671892.0 0.3930592494239211
679977.0 0.3540686397663859
718026.0 0.1903711524393691
692649.0 0.23853072614705428
674241.0 0.3728360172754152
679977.0 0.3543450085101393
672525.0 0.381243279227374
661791.0 0.46677243719156464
684825.0 0.2953202108782536
675687.0 0.37271189627045226
672240.0 0.38409727207469585
514008.0 0.7027270675275692
705807.0 0.210025850736822
661791.0 0.4637977048609796
486552.0 0.7417514460563464
726753.0 0.1808446738033507
722379.0 0.1854897790233291
701532.0 0.2247794148617527
709767.0 0.20317988902533518
474312.0 0.8417484727433704
672477.0 0.3819573831039568
697698.0 0.23251594804374964
680457.0 0.3244696391515727
474312.0 0.8297802044693328
474312.0 0.8346399659169854
691278.0 0.25873718432492415
474312.0 0.8268028317346967
666462.0 0.4218164039690378
697698.0 0.2306200146885325
688956.0 0.28032278262373644
474312.0 0.8438028934084074
691278.0 0.2574404293078409
474312.0 0.8369943293878651
701196.0 0.22537450432209594
680115.0 0.3445444928432968
697698.0 0.22641964255178726
666462.0 0.4164108383177234
474312.0 0.8242074453051462
474312.0 0.8316597835487715
674241.0 0.3812088065941204
474312.0 0.8375742276472757
474312.0 0.8395025403587336
474312.0 0.8149593574166786
474312.0 0.8400396170054595
474312.0 0.8083844296717886
688956.0 0.2838416085049013
680391.0 0.33981540397342913
680115.0 0.3437785314394457
680445.0 0.3278960213594841
680115.0 0.34072407711083713
680115.0 0.34274203189937524
680115.0 0.341728032224896
474312.0 0.8165465033619841
474312.0 0.7837368132233536
474312.0 0.8099687258175848
474312.0 0.8209442476912552
474312.0 0.8281274958518263
514008.0 0.708914911904597
474312.0 0.8323422852359327
474312.0 0.8184908984183842
474312.0 0.8129612873905446
474312.0 0.7726507000122746
709767.0 0.20195168694050902
514008.0 0.7074884071507067
514008.0 0.7085314485876295
474312.0 0.8007752740652179
474312.0 0.8180013580773664
474312.0 0.823796849706114
474312.0 0.8119140087428909
474312.0 0.8225346287829153
474312.0 0.8196910144166938
474312.0 0.810951162170731
474312.0 0.8335999181187933
474312.0 0.8333502621553912
474312.0 0.827539040236294
474312.0 0.7906699401909683
726759.0 0.1780934556472452
474312.0 0.805116138205417
474312.0 0.8200481007271359
474312.0 0.7931416976808606
474312.0 0.8014317020302271
474312.0 0.8044410366957186
474312.0 0.8448111674776642
474312.0 0.8061571935099138
474312.0 0.772025166433821
474312.0 0.79930145500491
474312.0 0.8077418689374448
474312.0 0.7709828941608043
474312.0 0.786187493745648
474312.0 0.80683711831817
474312.0 0.8170884436511523
679977.0 0.3607934218697235
474312.0 0.7767913477527523
474312.0 0.8103389139972175
474312.0 0.7735778532211313
474312.0 0.8116312826939927
714183.0 0.20002599880927407
474312.0 0.7945765724293347
714183.0 0.20084763609412365
474312.0 0.7882002206416632
680391.0 0.3404396118258641
474312.0 0.7915392244818115
474312.0 0.803820890004464
474312.0 0.7661012814662416
474312.0 0.8141680246064928
474312.0 0.8026695876258475
474312.0 0.8000221096266943
474312.0 0.7938463036222451
474312.0 0.7985481937603125
474312.0 0.7744082016087461
474312.0 0.7962930009149638
474312.0 0.789190348702352
474312.0 0.7888726306309558
474312.0 0.7898013523029239
726759.0 0.17880499952917794
474312.0 0.8019770419143274
474312.0 0.766774242704526
714183.0 0.20093637219394264
474312.0 0.8224788904720588
474312.0 0.7750961255329671
474312.0 0.7972228826975518
474312.0 0.784496326862152
474312.0 0.7805052261094412
474312.0 0.7774559722398753
474312.0 0.8062353671871658
474312.0 0.7868010229982166
474312.0 0.8049508772799618
474312.0 0.7680585183328388
474312.0 0.7674463351561144
474312.0 0.7978536552860115
474312.0 0.7739588886818891
514008.0 0.7023930417363752
474312.0 0.7854533606820019
474312.0 0.7953173893161426
474312.0 0.7976122855054587
474312.0 0.81354961507099
474312.0 0.7950655122173893
474312.0 0.7873868660686425
474312.0 0.7810123356533741
474312.0 0.7795537237127795
474312.0 0.7700446849886824
474312.0 0.7813930650250727
474312.0 0.7917459959226266
474312.0 0.8141082678309352
474312.0 0.8280408906431594
474312.0 0.7652609577511857
697698.0 0.22637371019694968
474312.0 0.7694749086247319
726759.0 0.17826510971079548
474312.0 0.8135776983519295
474312.0 0.7721128301025701
474312.0 0.7850229937519102
474312.0 0.7779131566950653
474312.0 0.8019052798583518
474312.0 0.8169740260285941
474312.0 0.8035763410670438
474312.0 0.7841941059116425
474312.0 0.7829226793304855
474312.0 0.7823888355113461
474312.0 0.7833803401713714
726759.0 0.17944369193225088
474312.0 0.7857452715040567
474312.0 0.7685854199485166
474312.0 0.7849040795125054
474312.0 0.7941447218793798
474312.0 0.7870352200846946
474312.0 0.7958250201115148
474312.0 0.7823110656279199
474312.0 0.7789147806772027
474312.0 0.7921435177533096
474312.0 0.7818569182948087
474312.0 0.8072734744621138
474312.0 0.7689022404991143
474312.0 0.7968962990158547
474312.0 0.8073147146191075
474312.0 0.7803261218932042
474312.0 0.7679101375729172
474312.0 0.7927122880972938
474312.0 0.7793657711720852
474312.0 0.7818760055514481
474312.0 0.795919523689082
474312.0 0.7967219355064086
474312.0 0.7799696004313815
474312.0 0.7785275272511226
474312.0 0.7657679521505933
474312.0 0.7693275321316181
474312.0 0.7782845499842194
474312.0 0.7982619387564666
726759.0 0.17915787422161092
474312.0 0.7756728900870689
474312.0 0.7903067206046823
474312.0 0.8029793553431628
474312.0 0.8032834154092701
474312.0 0.7754224354474046
474312.0 0.7704929480327058
474312.0 0.7759910028948923
726759.0 0.18022202647354105
474312.0 0.7764594301268444
474312.0 0.8197868904903796
474312.0 0.7996186142483153
474312.0 0.773621338672244
474312.0 0.7654752520544965
474312.0 0.7659097500399102
726759.0 0.17994748952627226
474312.0 0.7742639113708688
474312.0 0.7800390072913453
726759.0 0.18063504626579147
474312.0 0.783204043317775
474312.0 0.788999198568883
474312.0 0.8028157784060294
474312.0 0.7707846992809584
474312.0 0.7790973806332833
474312.0 0.8031960673772613
474312.0 0.7839610074194746
474312.0 0.7997341629916865
474312.0 0.7876493596541407
474312.0 0.7856572655230047
474312.0 0.7999450215341204
726759.0 0.1796883342272715
474312.0 0.7830587814480885
474312.0 0.7878123735146094
474312.0 0.8239363649139406
474312.0 0.8240722818910725
474312.0 0.7777378007215938
474312.0 0.7762192610218244
474312.0 0.7923354244793729
474312.0 0.7776435263493658
474312.0 0.7951914065027503
680445.0 0.3279423891287886
474312.0 0.7879631217506011
474312.0 0.7899889160466622
474312.0 0.7868647922223371
726759.0 0.18031922936162814
474312.0 0.798361424306232
474312.0 0.7811147140295399
474312.0 0.7672431501672732
474312.0 0.7901935346398
474312.0 0.7700753122891784
474312.0 0.7939708672889744
474312.0 0.7702505150869116
726759.0 0.18045434904987925
474312.0 0.7926839634683518
474312.0 0.7915524281475359
474312.0 0.7922356326384132
474312.0 0.7925168048892172
474312.0 0.7984921055076166
474312.0 0.7709587400518706
474312.0 0.7924926018621138
474312.0 0.7668645975373046
726759.0 0.1805197388947536
726759.0 0.1798902108176634
726759.0 0.17976752554509318
474312.0 0.7758453073656455
474312.0 0.7671548145165
474312.0 0.7707987260228107
474312.0 0.7940500561809198
474312.0 0.7763239168314336
474312.0 0.7758123948114031
726759.0 0.17824320100749405
474312.0 0.7774853881237583
474312.0 0.7876808565462922
474312.0 0.7752946828827034
474312.0 0.7812642001167515
474312.0 0.7838093598201463
474312.0 0.7900413245118003
474312.0 0.7967538330549214
474312.0 0.7838947997358403
474312.0 0.7669551712816343
474312.0 0.7879596547362454
474312.0 0.7812342852227756
474312.0 0.7679155446501639
474312.0 0.7693964600027469
474312.0 0.7704077426798944
474312.0 0.7742883927215968
474312.0 0.7688532306236229
474312.0 0.7784749234722178
474312.0 0.7670517051452214
474312.0 0.7687139801018099
474312.0 0.7829226793304855
474312.0 0.7764269788546375
474312.0 0.7654326236838942
474312.0 0.7790227874487444
474312.0 0.7752616890352797
474312.0 0.7783860666482555
474312.0 0.7996468616953064
474312.0 0.770345882876616
474312.0 0.7762544913668832
474312.0 0.7982620660556862
474312.0 0.7670155005931685
474312.0 0.7653397901279031
474312.0 0.7958397517265373
474312.0 0.7672261661160343
474312.0 0.7720962118067868
474312.0 0.7751745811524122
474312.0 0.7902518521524194
726759.0 0.17972808240037755
474312.0 0.7653373677489483
474312.0 0.7751272681829436
474312.0 0.7694749086247319
474312.0 0.7823888355113461
474312.0 0.7783264926821981
474312.0 0.7800011574818196
474312.0 0.7693275321316181
474312.0 0.7702937910787556
474312.0 0.7790602282626112
474312.0 0.7783551029641941
474312.0 0.7686550292630623
474312.0 0.7687139801018099
474312.0 0.7900358056334471
474312.0 0.768856507164408
474312.0 0.7751745811524122
474312.0 0.773621338672244
474312.0 0.7686163513674203
474312.0 0.7686550292630623
474312.0 0.7790367811350751
474312.0 0.7902777939206722
474312.0 0.7967445848549376
474312.0 0.7685854199485166
474312.0 0.7686163513674203
474312.0 0.7774752693676553
474312.0 0.7902847733818776
474312.0 0.7702771181982162
474312.0 0.7702771181982162
474312.0 0.7958306413787708
474312.0 0.7915505577038146
474312.0 0.7679101375729172
474312.0 0.7686550292630623
474312.0 0.7702771181982162
474312.0 0.7702771181982162
474312.0 0.7679101375729172
474312.0 0.7694749086247319
474312.0 0.7694749086247319
474312.0 0.7694749086247319
474312.0 0.7694749086247319
474312.0 0.7694749086247319
474312.0 0.7694749086247319
474312.0 0.7694749086247319
474312.0 0.7693275321316181
474312.0 0.7694749086247319
474312.0 0.7694749086247319
474312.0 0.7694749086247319
474312.0 0.7694749086247319
474312.0 0.7694749086247319
474312.0 0.7694749086247319
474312.0 0.7694749086247319
474312.0 0.7694749086247319
474312.0 0.7694749086247319
474312.0 0.7694749086247319
474312.0 0.7694749086247319
474312.0 0.7694749086247319
474312.0 0.7694749086247319
474312.0 0.7694749086247319
474312.0 0.7694749086247319
474312.0 0.7686550292630623
474312.0 0.7694749086247319
474312.0 0.7679101375729172
474312.0 0.7694749086247319
474312.0 0.7694749086247319
474312.0 0.7694749086247319
474312.0 0.7823888355113461
474312.0 0.7686550292630623
474312.0 0.7686163513674203
474312.0 0.7702771181982162
474312.0 0.7679101375729172
474312.0 0.7694749086247319
474312.0 0.7694749086247319
474312.0 0.7679101375729172
474312.0 0.7694749086247319
474312.0 0.7702771181982162
474312.0 0.7694749086247319
474312.0 0.7679101375729172
474312.0 0.7694749086247319
474312.0 0.7694749086247319
474312.0 0.7694749086247319
474312.0 0.7686163513674203
474312.0 0.7694749086247319
474312.0 0.7694749086247319
474312.0 0.7694749086247319
474312.0 0.7694749086247319
474312.0 0.7694749086247319
474312.0 0.7694749086247319
474312.0 0.7694749086247319
474312.0 0.7694749086247319
474312.0 0.7694749086247319
474312.0 0.7679101375729172
474312.0 0.7686163513674203
474312.0 0.7694749086247319
474312.0 0.7694749086247319
474312.0 0.7694749086247319
474312.0 0.7694749086247319
474312.0 0.7694749086247319
