731775.0 0.22773387908790754
514008.0 0.7027270675275692
618372.0 0.4784701533913346
560220.0 0.5870019586589957
691113.0 0.32791357983943514
704508.0 0.28830860784943635
605790.0 0.524736194479236
715809.0 0.23854976242691045
639363.0 0.45963019508105235
593298.0 0.5480386245186731
706755.0 0.25895012354181407
666045.0 0.41109550072282813
680910.0 0.40124250884160445
659748.0 0.4260195545167274
522744.0 0.6719897277980534
653298.0 0.44731123782889953
593298.0 0.5561030482499286
555666.0 0.604572433957296
541446.0 0.629346742346938
690777.0 0.3616287458440184
531438.0 0.6320954225526938
644196.0 0.4499142273589173
527202.0 0.654329292148443
688197.0 0.39371263406490503
519084.0 0.6980374116755961
601437.0 0.5443701735317124
531174.0 0.6498119878753144
552546.0 0.6248626578313432
602331.0 0.5316992192628827
551094.0 0.6255598731640425
688254.0 0.378664652460407
518268.0 0.6984134776326962
690306.0 0.3724993867379853
690669.0 0.37202670355945705
516426.0 0.777900459573991
723219.0 0.24264246273691867
577152.0 0.5879852467372643
662967.0 0.4275212510648525
705081.0 0.30642011073134773
599439.0 0.5786906551136864
641811.0 0.4879668788987903
686598.0 0.4128186035523389
518241.0 0.7099027738752531
516426.0 0.750182590934013
697017.0 0.33526474022510266
633282.0 0.5122524705883794
649872.0 0.47312886390581593
569958.0 0.6055522838872517
610284.0 0.5553636174229862
543030.0 0.633808560606178
716196.0 0.27349141557976353
631707.0 0.5325090836946238
659946.0 0.46615318196698874
533469.0 0.645219303972059
709908.0 0.28128961181386963
606027.0 0.5768007004417604
565632.0 0.6247523381475604
522882.0 0.690920060072804
622848.0 0.5434395926333369
552546.0 0.6333324483455278
662034.0 0.44987225212740534
622275.0 0.5550568132490552
559659.0 0.6300599601546399
528933.0 0.675923122007237
690531.0 0.3910884157787346
525282.0 0.6810813660755126
691440.0 0.35596588893678816
689112.0 0.4018995090075699
530430.0 0.6602381689377689
713391.0 0.2760832446856184
694503.0 0.35034105177118174
531816.0 0.6583135618130725
690777.0 0.3743994989326371
690777.0 0.3730486394784839
688197.0 0.411019459036184
694503.0 0.3525013327195049
517626.0 0.832691648915453
730755.0 0.24818985057345758
730755.0 0.26159053675420296
589635.0 0.5888850365256573
697911.0 0.34559184457205916
518268.0 0.729425035004756
618990.0 0.5735289723774222
705096.0 0.30692736990138164
690669.0 0.3940527485057044
650733.0 0.5020958269418954
550974.0 0.6338546697957659
677043.0 0.4293474040759135
568437.0 0.6252253444349811
667923.0 0.441135304804984
660609.0 0.4728760246481582
639861.0 0.5278896025540926
539610.0 0.6671271706105847
577143.0 0.6069515266063363
710391.0 0.2813144488859854
689061.0 0.4178008710309469
543414.0 0.6446989295110581
651498.0 0.4829452612872745
723411.0 0.27313401247648106
572559.0 0.62370001665831
525978.0 0.7069597941895173
659925.0 0.48235090494658545
519150.0 0.7140138788838666
713655.0 0.27775396929512675
667923.0 0.43157948092667414
723519.0 0.26224077091585535
546621.0 0.6397656284603951
637197.0 0.5395304299677707
576786.0 0.6081100063588488
730755.0 0.2531488386638821
621291.0 0.5721222856726605
689472.0 0.4143547028944937
531174.0 0.6733624201426668
632115.0 0.5407664469482645
623616.0 0.5572670385828603
629988.0 0.550999707140968
623931.0 0.5539103867075934
529086.0 0.6844596659952882
638658.0 0.5287373326703729
519084.0 0.7226445425956224
530583.0 0.6767080923976964
629994.0 0.5467193983723907
527187.0 0.6877337610587194
527010.0 0.6994641742616292
713595.0 0.2793328833211468
527148.0 0.6942970713587489
527124.0 0.6956207646670894
531174.0 0.6704348325457776
730755.0 0.25746616207197065
531174.0 0.6694721755776685
730755.0 0.26094450377656897
730755.0 0.2590805387517302
531174.0 0.6724788977942636
730755.0 0.25864745343202283
730755.0 0.2576113549064305
531174.0 0.672606551663622
519084.0 0.7536236735538817
738447.0 0.25534913921779134
619230.0 0.578992233093283
590190.0 0.5942986557441516
671067.0 0.45870134299952353
576333.0 0.6313502609378246
660258.0 0.48680256089676377
687072.0 0.4349984411922133
673380.0 0.4432771189846755
697911.0 0.39515739493760693
707454.0 0.3084781691150796
586710.0 0.6088257168576335
552546.0 0.6380553509293335
628416.0 0.5569642147353695
623682.0 0.5585104843088078
641016.0 0.552996189080144
566316.0 0.637149476217183
643335.0 0.5309812371976929
705183.0 0.32598330292787325
700131.0 0.37374361795232897
655008.0 0.5085961459038058
539694.0 0.6709110404378015
692157.0 0.4133575726138288
710751.0 0.29034999244170556
705183.0 0.3421871376804226
657045.0 0.4882563448252348
651288.0 0.5290250550088124
547554.0 0.6424397757121184
703542.0 0.3568804268796621
543822.0 0.6629002247286031
545904.0 0.654491984839592
690531.0 0.4219515617818874
568890.0 0.6353791863980696
641823.0 0.5465769389766968
718215.0 0.27846244755113375
531480.0 0.6709233965245543
701775.0 0.36550200414432327
527148.0 0.7108081315491939
730899.0 0.25786852384470177
726537.0 0.2635507004072113
587058.0 0.6077332322122033
519084.0 0.7421298913660859
713655.0 0.287787629578165
522294.0 0.7387072753893345
529062.0 0.6955580973293427
726333.0 0.27788287310731935
715809.0 0.28099231721910906
652929.0 0.5192646813609011
653853.0 0.5175814652764111
526089.0 0.7243426785177505
726333.0 0.2770117673812418
522732.0 0.7270993758474211
522498.0 0.7291411839361508
691839.0 0.41702420640388776
526374.0 0.7202168017850035
730755.0 0.263370910071554
526896.0 0.7143640643489393
531174.0 0.6782145578500414
529200.0 0.6930571533792179
730800.0 0.2616772986480417
531174.0 0.684079997528741
531174.0 0.6792867977002979
529086.0 0.6951060827107022
531174.0 0.6834456984247336
531174.0 0.6809507603531633
531174.0 0.6862291942719476
531174.0 0.6884166998668648
531174.0 0.6867295834695422
531174.0 0.6842636508505803
531174.0 0.6806655963117125
531174.0 0.6911964352766997
531174.0 0.6909017677829445
531174.0 0.6891561570797565
531174.0 0.6899130711073488
531174.0 0.6783330646313536
531174.0 0.6922024740730608
531174.0 0.6896824633317317
531174.0 0.6928758764473657
531174.0 0.6922152568099341
531174.0 0.6837513721671449
531174.0 0.6929396618365802
531174.0 0.6930341795184948
520392.0 0.7800257371602384
743313.0 0.259589905934641
617019.0 0.5947101299441404
712047.0 0.2977895285242602
706575.0 0.3434539399658565
599808.0 0.59924665939813
624186.0 0.572991036901909
651642.0 0.539434618805512
591957.0 0.6266025873729453
662955.0 0.49008560485558417
564402.0 0.6390881803883671
700869.0 0.3845997133961724
657720.0 0.52264295785323
672426.0 0.4818265718712422
581733.0 0.6327756875077415
638511.0 0.5680593396373755
693447.0 0.4151277052699149
575079.0 0.6384719478748948
661383.0 0.5098517003159228
522342.0 0.7504683760892639
705861.0 0.36681442945565235
630969.0 0.5694521515610919
691686.0 0.4367218560285579
552810.0 0.6394842973903919
719493.0 0.2816648928607937
687504.0 0.43958872321280534
547350.0 0.6550997862190773
738831.0 0.26045685512506883
718683.0 0.29728850239531684
642825.0 0.5476269089267013
592215.0 0.6015779896483289
681063.0 0.4468747932791881
544512.0 0.6703874508401667
643728.0 0.5468267443362983
532530.0 0.6771854191504751
552546.0 0.6474127291776641
539694.0 0.6739619972903874
674199.0 0.4645326887555039
698406.0 0.4022381604246253
706575.0 0.3555258456815311
698406.0 0.4049605526443343
674253.0 0.4598261745411408
730755.0 0.27118349490374044
677043.0 0.4498299265403091
594576.0 0.6004394936479189
526482.0 0.7286282643620373
726594.0 0.2720670718847143
726333.0 0.28013321188753054
522414.0 0.7415299365108144
529065.0 0.7058063999939983
527187.0 0.7162271581374582
525186.0 0.7394973348921536
730755.0 0.2644660705259363
541704.0 0.672117318724614
532362.0 0.685337998344753
527034.0 0.7174787015228242
526338.0 0.7344348815906404
530430.0 0.7032227462712737
678003.0 0.4481348900211634
531318.0 0.6888912628386274
530802.0 0.6944527505662317
726405.0 0.2795581763894931
552546.0 0.6547961069572454
531174.0 0.6931918458651865
529257.0 0.703285769917417
529086.0 0.7039429393857821
730755.0 0.2698950683687325
730755.0 0.2663966755225111
730755.0 0.2679886260230408
730755.0 0.26563719273330777
730755.0 0.2688093223581585
531174.0 0.6939343560069048
730755.0 0.26851821849572954
531174.0 0.6934387498756543
531174.0 0.6943591030389273
522201.0 0.8036917231081291
743562.0 0.2603251452337938
666351.0 0.49292714956492567
713595.0 0.3023280390725564
676572.0 0.46541756213176233
522498.0 0.748643045849879
625500.0 0.5788350432192141
593754.0 0.6260390041448697
635871.0 0.5700251710317131
710928.0 0.35163179248051213
566472.0 0.6401641561274757
587058.0 0.6394958837683157
684327.0 0.45628561080615126
646896.0 0.5690076359078684
598539.0 0.6009520514218318
603105.0 0.5997935038879539
542610.0 0.6730793069842341
700869.0 0.41500736401362953
663252.0 0.5152180779558293
617151.0 0.5977003947853213
706401.0 0.3683633031441024
534816.0 0.6772440785362238
618468.0 0.5958426551655165
650562.0 0.5536096200655798
720285.0 0.29355297956399545
696102.0 0.4290677389343492
701595.0 0.39144864616798336
526500.0 0.7378507648716025
587316.0 0.6366376415786659
690213.0 0.44190474588194567
689355.0 0.44238386047906025
661887.0 0.5246164467961775
704421.0 0.3866757157461578
547554.0 0.6622197585900904
724752.0 0.2819447913049935
738021.0 0.26759693145415625
698445.0 0.42760988575767556
527058.0 0.7287669247828215
654615.0 0.5413894315455374
533202.0 0.6905759354169784
709350.0 0.3574572739454711
562539.0 0.644015431073862
722022.0 0.28690217023029546
731616.0 0.26798010208802975
654150.0 0.5499305477358073
530583.0 0.7037543806720176
741711.0 0.2668668266119154
659856.0 0.535267675612577
659364.0 0.5387902429296901
529206.0 0.7158801504503394
558729.0 0.649474325858856
528771.0 0.718162847117244
557355.0 0.6531437309450706
730755.0 0.2776274757258846
565212.0 0.6426967138740178
552546.0 0.6556881636336367
552546.0 0.6564054491975123
548574.0 0.6581893999882749
710373.0 0.35518377277793234
531480.0 0.6923251259876554
531030.0 0.6990373935718515
703335.0 0.3888460590506271
547950.0 0.6589244958380656
730755.0 0.2721193614986793
703335.0 0.38881588239542697
558309.0 0.6519435092238012
557976.0 0.6520944527725944
548574.0 0.656733882013816
730755.0 0.28082566855818547
531174.0 0.6944971648230145
730755.0 0.276122852929845
531174.0 0.6957230420361288
531174.0 0.6961674859991556
730755.0 0.2734130797449466
531174.0 0.694506189657933
730755.0 0.2812502651323925
730755.0 0.27566797559530687
730755.0 0.2748182204384972
730755.0 0.27908913787382694
730755.0 0.2782906787939572
531174.0 0.6982608616187639
730755.0 0.27961514403346
730755.0 0.27369562575885326
730755.0 0.2800064465292948
531174.0 0.6971596558548248
730755.0 0.2805602723134441
730755.0 0.27408456904340706
531174.0 0.6977869520558918
531174.0 0.6966233876341648
531174.0 0.6982483754477481
730755.0 0.2787381607756564
730755.0 0.27578125027833655
730755.0 0.27793314571667177
730755.0 0.2742659829195983
531174.0 0.6968858126092655
531174.0 0.6973843003477705
730755.0 0.27876450974775363
730755.0 0.27448848504089757
531174.0 0.6975152504003937
730755.0 0.2778862942857356
730755.0 0.2798275041728046
531174.0 0.6966588116344061
730755.0 0.27470999874465835
531174.0 0.6976916257669968
730755.0 0.28071020737784347
730755.0 0.2745819452626966
730755.0 0.27989643783009627
531174.0 0.6970507209910174
730755.0 0.2806039639767827
531174.0 0.6971359885229486
531174.0 0.6977454824007661
531174.0 0.6970615527609454
523098.0 0.7565262553563934
751434.0 0.2622041483850709
616200.0 0.6029475009754335
528828.0 0.7410353400172648
569946.0 0.6433106787282815
601362.0 0.6049374513065132
598707.0 0.623347340172432
713655.0 0.31484193903922914
631200.0 0.5906936048415761
587844.0 0.6397936650238685
642363.0 0.5801202004533506
713601.0 0.3485530535416885
701223.0 0.41755659315051324
675942.0 0.4966780476841771
677028.0 0.46793459514667224
628179.0 0.6005115883441509
745863.0 0.26960972719207343
590190.0 0.6389443666532847
699789.0 0.4367817123018277
718065.0 0.306354247529892
560430.0 0.65405681404764
530976.0 0.7124683955758059
665853.0 0.5219065261317722
671175.0 0.5088955728535605
735033.0 0.2706151235472958
563559.0 0.645758058400345
546558.0 0.6761609588931144
684612.0 0.4628126429221626
690171.0 0.45186796960291675
709836.0 0.36491758615289466
662172.0 0.5380281539549943
533577.0 0.6961172733997213
695394.0 0.4442647279880837
536862.0 0.6774830555771924
652449.0 0.5680842937433205
703086.0 0.3974538280702493
535536.0 0.6801863883231519
663573.0 0.525158362531645
671211.0 0.5009454623910049
647754.0 0.5791588527367727
552546.0 0.6567884759199842
548322.0 0.6630525677143072
682569.0 0.4660100678401773
650061.0 0.5746505022517809
654783.0 0.5577401875716701
721971.0 0.29468321828434574
708747.0 0.37260885621300005
721659.0 0.2971766428694078
725427.0 0.28427859822160856
693009.0 0.4506056525465118
707160.0 0.37972011486249796
706575.0 0.38680059776764464
655041.0 0.5525100474665813
658407.0 0.5425751599026172
657492.0 0.545570027523736
548103.0 0.6711341695421447
713601.0 0.3535056635076951
704730.0 0.39299286370730324
551559.0 0.65681816746074
732591.0 0.27243572718061576
730800.0 0.2760211517082995
726102.0 0.28366574952867035
730683.0 0.2835015821524853
703626.0 0.39598928751285484
730755.0 0.28228201000184994
531174.0 0.7115406547279822
531174.0 0.6992842590564261
531174.0 0.7046496014281824
531174.0 0.7062452532961067
531174.0 0.7032268792709107
531174.0 0.7023883886702864
531174.0 0.7043494807988768
531174.0 0.7039287145129456
531174.0 0.7096059635328009
531174.0 0.708448422680918
531174.0 0.7010611359205293
531174.0 0.7001593534910986
730755.0 0.28321799630782823
531174.0 0.7068088328349073
531174.0 0.7091139304804162
730755.0 0.28287634513827986
531174.0 0.701593281705065
730755.0 0.2826105253680167
531174.0 0.7007895128238563
531174.0 0.7075621213038739
531174.0 0.6996482421070562
531174.0 0.7087860899131072
531174.0 0.7072734008130566
531174.0 0.707966756615248
531174.0 0.702110842953582
531174.0 0.7100364691898114
531174.0 0.7104336430957997
531174.0 0.7099570345597082
531174.0 0.7118046349718938
531174.0 0.7041332562966353
531174.0 0.7079364345769528
531174.0 0.7004674969387705
531174.0 0.7018972492297059
531174.0 0.7110479484137757
531174.0 0.7063337653611669
531174.0 0.7107942352392912
531174.0 0.7121662394044137
531174.0 0.7089941299313721
531174.0 0.7004009721543517
531174.0 0.6994647216864021
531174.0 0.7066213104821352
730755.0 0.2834281548063239
531174.0 0.7073501369678193
531174.0 0.7017251000709895
531174.0 0.711618552039914
531174.0 0.7066213104821352
531174.0 0.7105131489352451
531174.0 0.7117368274499315
531174.0 0.6996057764790283
531174.0 0.6993081864020134
531174.0 0.7123356128733639
531174.0 0.710665399214791
531174.0 0.7113803190251404
531174.0 0.7113061979191108
531174.0 0.7122956097996929
531174.0 0.7121743531652207
531174.0 0.7106772113060155
531174.0 0.7111728080489841
531174.0 0.7112283961723953
531174.0 0.7114582311893829
531174.0 0.7016668092039903
531174.0 0.7114873085525891
531174.0 0.7073399344154042
531174.0 0.7016974103891395
531174.0 0.7111903478628242
531174.0 0.7104753465073247
531174.0 0.7104780016065957
531174.0 0.7123087216933649
531174.0 0.7111735137597277
531174.0 0.7123051393654848
531174.0 0.7106663800682324
523104.0 0.7793114687407932
773802.0 0.2650021392963076
735651.0 0.27195542930789773
601716.0 0.6082300004448402
626796.0 0.6050454734848887
576957.0 0.6443072060614204
654153.0 0.5704164003111345
602010.0 0.6075123108283864
539484.0 0.6781093385839372
529227.0 0.746186582968513
661971.0 0.5484641509339209
636552.0 0.6031370539760347
644028.0 0.5802158836647902
666438.0 0.5242648100689874
659397.0 0.5526236910623418
680304.0 0.4754150707228956
601716.0 0.6393984642468495
550458.0 0.6683650886319427
713727.0 0.3607644719068786
707628.0 0.40044157172469863
677604.0 0.4909511655614053
713727.0 0.33770627930034586
527202.0 0.7682569982782802
573375.0 0.6443787103917799
706278.0 0.41797061918812956
535983.0 0.6836932801885056
721989.0 0.2980708537683781
556038.0 0.6569776509459812
531030.0 0.7228339418030868
641175.0 0.5926307578939999
692754.0 0.46196361238351813
698730.0 0.4444616582307213
528921.0 0.76318145548227
710217.0 0.39441255241899115
703194.0 0.4191703144556592
564444.0 0.6491457998460938
685923.0 0.4672196490831299
564456.0 0.646591513060533
726495.0 0.2885596838912261
703104.0 0.43699989108367937
717768.0 0.31707064192045514
677073.0 0.4983157613217944
684498.0 0.4683860231598143
696465.0 0.45292590236168373
642510.0 0.5880835139057916
535734.0 0.6981846853952989
717627.0 0.3274232118943106
672321.0 0.5150257852886384
669756.0 0.5240125957937456
733104.0 0.2726618670857525
702192.0 0.43840895863225576
712899.0 0.3719626414099875
730890.0 0.2788421219209482
710292.0 0.38022492747282577
721812.0 0.30656402589595166
673782.0 0.50564642723579
672075.0 0.5190310059708116
674565.0 0.5053656352047204
533538.0 0.7060605917049845
710571.0 0.37978405784693847
718524.0 0.30841707711724914
713601.0 0.3698767546434568
550974.0 0.6661971504342084
716325.0 0.3318978043663819
531282.0 0.7097411687366071
714738.0 0.3336711037520146
551874.0 0.6587334418381201
693480.0 0.4557362113610748
694113.0 0.4541801442154778
728562.0 0.28604457763190166
719139.0 0.30659219483645583
552546.0 0.6573610655320284
564444.0 0.654204614886888
726786.0 0.2863973130019147
535068.0 0.7036364036733688
535347.0 0.7004356287429577
730755.0 0.28371214626868857
730755.0 0.28564622687620916
535086.0 0.7024909297768748
531174.0 0.7124980910473647
552546.0 0.6583167551886814
730755.0 0.285112578143271
730755.0 0.2855267293288345
531174.0 0.7192331766815203
531174.0 0.7216782930381087
730755.0 0.2843826188263267
531174.0 0.7212060986633704
531174.0 0.7132530827912792
531174.0 0.7183986557419704
531174.0 0.7188683648400293
531174.0 0.7141434230026222
531174.0 0.7153430374763224
531174.0 0.7170403281611689
531174.0 0.7185380529569857
730755.0 0.2837597470057845
531174.0 0.7159043797809572
730755.0 0.2857002106118141
730755.0 0.2840481361386371
531174.0 0.7174700434094692
531174.0 0.7138398025023952
531174.0 0.7151384711915358
531174.0 0.7217883676896633
531174.0 0.7155889439414642
730755.0 0.28487357676095887
531174.0 0.7197964808818657
531174.0 0.7179308369824524
531174.0 0.7188009026480237
531174.0 0.7147775108740516
531174.0 0.7180880297415626
531174.0 0.713669286577936
531174.0 0.7220827581060172
730755.0 0.2845594657549544
531174.0 0.7206606506173973
531174.0 0.7200381664660779
531174.0 0.720955826915247
531174.0 0.7126403086618613
531174.0 0.7128918489222711
531174.0 0.720093584269664
531174.0 0.7129679075475792
531174.0 0.7146400022739958
531174.0 0.7226399653588709
531174.0 0.7165683688546594
531174.0 0.7176599719959847
531174.0 0.7134245701358648
531174.0 0.7155651256593492
531174.0 0.7203131079002755
531174.0 0.7166951979688315
531174.0 0.7172905398839968
531174.0 0.7131914889424734
531174.0 0.7222354968359377
531174.0 0.7149576803071471
730755.0 0.2846892778096818
531174.0 0.7171231773263772
531174.0 0.7161722491065226
531174.0 0.7145086248173187
730755.0 0.2847736019449153
531174.0 0.7160145659346441
531174.0 0.7149927714806557
531174.0 0.7204743701951967
531174.0 0.7177555021511199
730755.0 0.283866002178455
531174.0 0.7142707392362964
531174.0 0.7164295345164214
531174.0 0.713366446809261
531174.0 0.7172324322548479
531174.0 0.7193995926267397
531174.0 0.721057299445029
531174.0 0.7224275490021613
531174.0 0.7180869907406412
531174.0 0.7162060443886973
531174.0 0.7220974591642658
531174.0 0.7163278050691761
531174.0 0.7193995926267397
531174.0 0.7195447861700079
531174.0 0.712600941988528
531174.0 0.7169231342328791
531174.0 0.7203928673734371
531174.0 0.7225656686517087
531174.0 0.719635182914848
730755.0 0.28393522298331714
531174.0 0.7197014714541928
531174.0 0.7169022946813586
730755.0 0.2839908105804216
531174.0 0.7168071229590813
531174.0 0.7159907725540671
531174.0 0.7217357842898442
531174.0 0.7223392813069344
531174.0 0.713735211839438
531174.0 0.71377474359911
531174.0 0.7223192994928279
531174.0 0.7205721317911737
531174.0 0.7211204587006951
531174.0 0.7144502182599557
531174.0 0.720955826915247
531174.0 0.7168071229590813
531174.0 0.7177241080508269
531174.0 0.7195447861700079
531174.0 0.7144058385720027
531174.0 0.7143602461596718
531174.0 0.7143162431424278
531174.0 0.7206531754030573
531174.0 0.7205775423652926
531174.0 0.7224992516609924
531174.0 0.7203367718575646
531174.0 0.7129203890526098
531174.0 0.7163977749738732
531174.0 0.7163575571727793
531174.0 0.7225078974463836
531174.0 0.719673007862257
531174.0 0.7131989399092798
531174.0 0.7134213128103282
730755.0 0.28374088180383483
531174.0 0.721160944168713
531174.0 0.7212052481265316
531174.0 0.7211604375477746
531174.0 0.7177542215516027
531174.0 0.7180869907406412
531174.0 0.7212052481265316
531174.0 0.7180869907406412
531174.0 0.7180869907406412
531174.0 0.7180869907406412
531174.0 0.7180869907406412
531174.0 0.7180869907406412
531174.0 0.7193995926267397
531174.0 0.7180869907406412
531174.0 0.7193995926267397
531174.0 0.7180869907406412
531174.0 0.7212052481265316
531174.0 0.7180869907406412
531174.0 0.7180869907406412
531174.0 0.7180869907406412
531174.0 0.7180869907406412
531174.0 0.7180869907406412
531174.0 0.7212052481265316
525906.0 0.8083537897086318
738453.0 0.2722181386273373
607647.0 0.609654612720581
645612.0 0.5974751335741327
666924.0 0.5257355829153951
674538.0 0.5211705627887836
657570.0 0.5720560048177142
584523.0 0.6482672495503211
568926.0 0.6482870884862669
527598.0 0.7983149731657516
703872.0 0.4303993056587821
709098.0 0.4053968085292461
681051.0 0.4804196891093201
536145.0 0.6838640777240196
588759.0 0.6449253187328968
685752.0 0.4685217048778181
646992.0 0.5808519889126409
599808.0 0.6446666751253631
700026.0 0.45208643104994667
529788.0 0.7658914581625627
531072.0 0.7615695784560023
543996.0 0.678667895441983
679236.0 0.49918220331591
662814.0 0.5498060378747088
551094.0 0.6662820582791547
560250.0 0.6570090521029274
719493.0 0.3255333420830236
703815.0 0.4430250853355426
717201.0 0.3385365064983916
692655.0 0.4676309404233257
535380.0 0.7048852426045172
531072.0 0.7323497725558281
659727.0 0.5564603311598153
716295.0 0.3476927425027853
716295.0 0.36436128048024524
734586.0 0.2751535107443464
713283.0 0.3800740921337364
543477.0 0.6823272125012584
679569.0 0.4989414107817791
714435.0 0.3709116873730243
711222.0 0.390277446108696
695568.0 0.4610678449603933
533076.0 0.7177711711025413
552546.0 0.6612029605477243
604320.0 0.6359908957837419
719961.0 0.3134093399959771
602616.0 0.6409870943927226
726537.0 0.2970020677327092
535296.0 0.7116713916390967
604320.0 0.624404823363858
565338.0 0.6527875187710309
720285.0 0.3067951303775554
565086.0 0.6566789001631377
604320.0 0.6138875461749694
645753.0 0.5928850707800061
722013.0 0.2989994466990144
645777.0 0.5819589255402539
661872.0 0.5536763878690595
695073.0 0.4618566097364999
710283.0 0.39813391638210727
731418.0 0.2823751207038824
722013.0 0.3014648423808714
731418.0 0.2858254732891644
728694.0 0.29667525592944954
604320.0 0.6178444318280077
710403.0 0.39549813356131197
730413.0 0.29099106956982695
728787.0 0.2911861211623605
730749.0 0.2860548910436115
529947.0 0.7655451971634177
662748.0 0.5500419619748825
531174.0 0.722852904535894
531174.0 0.7235836016231967
552546.0 0.6615254230779519
552546.0 0.663455650574675
552546.0 0.6657009245860309
552546.0 0.658905392883526
552546.0 0.6596957132701041
552546.0 0.6622083816556474
531174.0 0.7319578196918546
531174.0 0.7276009868856115
531174.0 0.7312517998512449
552546.0 0.661694254695902
531174.0 0.729232784580728
531174.0 0.7297979785017159
531174.0 0.7301263962803048
531174.0 0.727780733560254
531174.0 0.7285515646774977
531174.0 0.7289117676314011
531174.0 0.7272715265243382
531174.0 0.7264298294539385
531174.0 0.725510358264395
531174.0 0.7271362643100752
531174.0 0.7305294768910613
531174.0 0.7268560399836529
531174.0 0.7242317128532204
531174.0 0.7239845998945001
531174.0 0.7256513704926764
531174.0 0.7251940520751278
531174.0 0.7307800630092726
531174.0 0.7281164602861941
531174.0 0.7246327425583702
531174.0 0.7259861086431999
531174.0 0.7231539613521175
531174.0 0.7311439218450495
531174.0 0.7266889580193312
531174.0 0.7298274818439262
531174.0 0.7284004684802704
531174.0 0.7290512291482485
531174.0 0.7309319445478303
531174.0 0.7303590148458152
531174.0 0.7238599007069789
531174.0 0.7251418508785128
531174.0 0.7244451091979157
531174.0 0.7249548811065388
531174.0 0.7262594033561247
531174.0 0.7237370319193013
531174.0 0.7247918724317312
531174.0 0.7233320842364038
531174.0 0.7291833289651473
531174.0 0.7267348856412426
531174.0 0.7230069274014951
531174.0 0.7243821150555871
531174.0 0.7261415774864532
531174.0 0.7259861086431999
531174.0 0.7303753172361233
531174.0 0.7236476484646119
531174.0 0.7308853229972345
531174.0 0.7281290086679396
531174.0 0.7256155585243641
531174.0 0.7234862017708084
531174.0 0.7282682081783143
531174.0 0.722989307223294
531174.0 0.7282797044025271
531174.0 0.7262016995999817
531174.0 0.724906079307268
531174.0 0.7235410312472805
531174.0 0.7312401163121858
531174.0 0.7234014683698561
531174.0 0.7235836016231967
531174.0 0.7243954846641324
531174.0 0.7233810786157219
531174.0 0.7248306181173644
531174.0 0.7248506010030308
531174.0 0.726150976984142
531174.0 0.7233415893602503
531174.0 0.7298274818439262
531174.0 0.7234014683698561
531174.0 0.7248506010030308
531174.0 0.722989307223294
531174.0 0.7303753172361233
531174.0 0.7312408355271056
531174.0 0.7282682081783143
531174.0 0.7261479131240539
531174.0 0.7282682081783143
531174.0 0.7259861086431999
531174.0 0.7259861086431999
529650.0 0.8148397809869216
739770.0 0.27261282878550297
612795.0 0.6103935769611949
645891.0 0.6039597596498011
531093.0 0.7656237496257565
607173.0 0.6148509641177312
585816.0 0.6483767756153164
597294.0 0.6464033723767366
667707.0 0.5371274976625591
698949.0 0.4679060115907631
647646.0 0.5811239150234371
570495.0 0.648899638137214
673377.0 0.5259460048850708
679989.0 0.5068516251382313
687273.0 0.4729712554978239
662136.0 0.5557424760494688
710571.0 0.40204107641947073
658146.0 0.5741565276641455
700965.0 0.45218384994418886
679587.0 0.5235251334589363
546654.0 0.6809977968625623
710043.0 0.4180509983604612
531138.0 0.7426048523990567
597036.0 0.6477687723487486
715974.0 0.37691874359272204
717201.0 0.36014240306378853
719985.0 0.3288346610039017
551874.0 0.6668218306427154
683589.0 0.48987501299014535
715317.0 0.393346336058275
718839.0 0.3489393599368407
646041.0 0.5945226079483098
561051.0 0.6586614713882739
706053.0 0.4495325033351035
660180.0 0.5566547293956258
659601.0 0.5737939975357403
709026.0 0.4315897996064605
556338.0 0.6604279950013476
565632.0 0.6573184108923319
537606.0 0.7022356198002826
685131.0 0.48516908963001293
706278.0 0.43987462973643293
734961.0 0.27556354698804814
715974.0 0.3883083634853818
686547.0 0.47563768009263646
721944.0 0.3267191449682949
734685.0 0.2827200912738843
717363.0 0.3496312635989277
707628.0 0.43409686132877645
535398.0 0.7175839678957479
568536.0 0.6564169351628643
537606.0 0.6911498709901394
721989.0 0.31634852167881916
541446.0 0.6844014046432002
569640.0 0.6531251858323468
537459.0 0.7080379776866331
724650.0 0.3002425713312262
724419.0 0.30632109499770893
553308.0 0.6607127298756377
532860.0 0.726396195940677
730755.0 0.29346884568989506
539022.0 0.6894289349165019
533448.0 0.7192570726256342
544254.0 0.6827476786131633
722022.0 0.3138250424698775
726558.0 0.29946877061210164
729603.0 0.2988338817528387
543588.0 0.6829333984881228
531138.0 0.7340025898067587
683781.0 0.48882409176172253
535440.0 0.7093249846903285
727689.0 0.29903618645443486
539640.0 0.6859248791775056
722379.0 0.3078566787287793
532860.0 0.7231559407941301
734913.0 0.2795071296159911
552990.0 0.6633211256191723
722793.0 0.3076806220660278
535440.0 0.7091916558559836
552546.0 0.66634825675839
531174.0 0.732392808049781
729918.0 0.2958655534941185
533403.0 0.722705225237584
531174.0 0.7324703726944412
730755.0 0.2861479337190995
539640.0 0.6857953127591961
730755.0 0.2937183313393203
730755.0 0.2867650111765741
730755.0 0.28761714848086906
730755.0 0.291047831182907
730755.0 0.2904316350622845
730755.0 0.28813923142506626
730755.0 0.28853240741392855
730755.0 0.29194527938432313
730755.0 0.2925148469354347
730755.0 0.2947938594363012
730755.0 0.28884988997396804
730755.0 0.28781100335570464
730755.0 0.29438246370420335
730755.0 0.2899715554572103
730755.0 0.2929486494383794
730755.0 0.29027458448689725
730755.0 0.2952712030530113
730755.0 0.2918183612077343
531174.0 0.7333276311538784
730755.0 0.2864014766226029
730755.0 0.2913498723705354
730755.0 0.29260930376445
730755.0 0.29409197922359404
730755.0 0.2932447965513135
531174.0 0.7328211173128637
730755.0 0.29151229783861915
730755.0 0.2865583218106994
531174.0 0.732650347264467
730755.0 0.29555894512105907
730755.0 0.2949884145727647
730755.0 0.29388876708740364
730755.0 0.28954826815634827
730755.0 0.289266748525038
730755.0 0.2930847227673532
730755.0 0.29427503386027515
730755.0 0.29542714911660933
531174.0 0.7331319820960079
730755.0 0.29576293050482294
531174.0 0.7335592280248648
730755.0 0.2937177385831714
730755.0 0.2890820456624297
730755.0 0.28957987197796287
730755.0 0.2897839689429419
531174.0 0.7330180954089339
730755.0 0.294936417942027
730755.0 0.28979735166572484
531174.0 0.7337315791283131
531174.0 0.7338077732633718
730755.0 0.2914506731956596
730755.0 0.2891970272375421
730755.0 0.29376284263957453
531174.0 0.7336020872925618
531174.0 0.7336350351021128
730755.0 0.28908721549334326
531174.0 0.7338991093187576
730755.0 0.2958254656401402
531174.0 0.7330543641676924
730755.0 0.2925558050852436
531174.0 0.7338991093187576
730755.0 0.2892471656737993
730755.0 0.29373433711579316
531174.0 0.7335842445317411
531174.0 0.7330310018993624
