714183.0 0.18473068553569663
486756.0 0.8554649509456379
527094.0 0.6197390392868968
618372.0 0.4784701533913346
555666.0 0.604572433957296
572274.0 0.5473710120108082
639363.0 0.45963019508105235
601437.0 0.5443701735317124
605790.0 0.524736194479236
514008.0 0.669981244787588
691278.0 0.20987048569853906
560220.0 0.5870019586589957
709734.0 0.205432811097538
649575.0 0.4145413860926667
688956.0 0.23212368470022907
487740.0 0.8077951899342473
572274.0 0.5665730424679624
666462.0 0.3674921143782328
486756.0 0.8358213808874515
644196.0 0.4499142273589173
493353.0 0.783074157195871
660189.0 0.3975996187841357
660189.0 0.3900896122341839
491562.0 0.7897265700975794
493398.0 0.7495621889830273
507891.0 0.7102344601610859
671157.0 0.3300132802362286
649407.0 0.44356883825892657
503586.0 0.71918886816343
666462.0 0.38406792421606795
602331.0 0.5316992192628827
649575.0 0.42995828873883735
680445.0 0.3071587405455887
671157.0 0.30855178951373113
499779.0 0.7293109647572974
681951.0 0.2746562082732407
671157.0 0.34814472015188125
681951.0 0.2438823417840357
500070.0 0.7199290321473819
712308.0 0.1997005372088398
514008.0 0.6761793223530128
514008.0 0.7074884071507067
681951.0 0.2601164699013196
572274.0 0.564317529929349
671157.0 0.32122983229265634
495588.0 0.7335430586911128
681951.0 0.2880737825228462
681951.0 0.2540485720857182
514008.0 0.6896209756500589
671157.0 0.3374684870158249
681951.0 0.27346277459061835
714183.0 0.1957969574223877
514008.0 0.6915029670556309
681951.0 0.2957588748331668
680445.0 0.30656219381605404
714183.0 0.19094556743656885
514008.0 0.7020875133096741
680445.0 0.30018756430205584
671157.0 0.34476966424029887
681951.0 0.27870983896762996
671157.0 0.32621368288030655
495588.0 0.7459756410236589
681951.0 0.27835525615592593
666462.0 0.3861344641710638
514008.0 0.7070959157317959
514008.0 0.7027270675275692
714183.0 0.1988730482935196
495588.0 0.741573850192339
495588.0 0.73594924684588
495588.0 0.7382129453845655
495588.0 0.7393226738635841
495588.0 0.7457843613348701
495588.0 0.7478237474765355
495588.0 0.7439578852966041
514008.0 0.708914911904597
514008.0 0.7085314485876295
495588.0 0.7428709930576082
495588.0 0.7347804006809464
495588.0 0.7345881383304805
495588.0 0.7486303580297244
495588.0 0.7438807068059831
495588.0 0.74293864638002
495588.0 0.7483347191765952
514008.0 0.7023930417363752
495588.0 0.7479764877478018
487002.0 0.8426653112292974
714183.0 0.20093637219394264
714183.0 0.20577601586752692
569958.0 0.6055522838872517
622848.0 0.5434395926333369
604464.0 0.5454460241229582
641811.0 0.4879668788987903
551673.0 0.6211788098900205
633282.0 0.5122524705883794
588861.0 0.5644216209356214
541446.0 0.629346742346938
631707.0 0.5325090836946238
581250.0 0.5866711879221268
499863.0 0.7379204021343716
659748.0 0.4260195545167274
492546.0 0.7967034852243592
576132.0 0.587911697493493
684765.0 0.27895692788996485
522744.0 0.6719897277980534
507711.0 0.7266582882382902
514152.0 0.6937359030299307
518490.0 0.6783410167538354
527202.0 0.654329292148443
649575.0 0.48063546335543866
697527.0 0.22515508601384113
649575.0 0.45747122706002086
531438.0 0.6320954225526938
493599.0 0.7703807893172636
705807.0 0.210025850736822
593298.0 0.5480386245186731
490788.0 0.8211967851318861
701952.0 0.22351608928594766
685122.0 0.25683796513773643
691278.0 0.23845360998878248
551094.0 0.6255598731640425
676875.0 0.34151195026327613
491616.0 0.8164912233596355
593298.0 0.5561030482499286
660261.0 0.4104883463806834
680457.0 0.30375892056581333
670314.0 0.400574857158365
676875.0 0.32127589442316273
712095.0 0.20919832268560737
666462.0 0.4052843039058451
649575.0 0.4458464939284842
674241.0 0.3574381360319532
649575.0 0.4715031307640694
680445.0 0.3114193781999575
531174.0 0.6498119878753144
674241.0 0.34378585906092457
670314.0 0.38626716453337895
676875.0 0.3163473028673865
514008.0 0.7118981766789917
510447.0 0.7201670961787983
531414.0 0.6442664603893201
660261.0 0.41986442658248363
688956.0 0.2452148611882944
684765.0 0.2938160700164911
666462.0 0.4020802907901225
495480.0 0.7618839625356961
495588.0 0.7507979186476293
672240.0 0.3723315606944792
670314.0 0.38455231979673693
690882.0 0.2438591671347929
495588.0 0.7497599097674641
670314.0 0.37283346287486935
688956.0 0.24876385533106327
649575.0 0.4500282176054954
511818.0 0.719205852444667
672240.0 0.3643958848158807
672240.0 0.36010567503037055
684765.0 0.2964453950434119
685122.0 0.251440913801278
514008.0 0.7129077893308422
714183.0 0.20413122709349277
660261.0 0.40876945528732805
495588.0 0.7546238032097734
672240.0 0.36191142774493723
514008.0 0.7145974596638727
495588.0 0.7517449815983327
514008.0 0.7170546540252241
684765.0 0.294655661594755
495588.0 0.7562150537017157
714183.0 0.2033556782197283
495588.0 0.7578338128818528
714183.0 0.20745443649856948
495588.0 0.7588420955620113
714183.0 0.208846335970767
495588.0 0.7598223432943244
714183.0 0.20641391314214083
514008.0 0.7182453589315148
714183.0 0.20543929765156116
714183.0 0.20424749972257272
495588.0 0.7615533236971417
514008.0 0.7190589429823683
495588.0 0.7608294721614165
495588.0 0.7605651956186777
514008.0 0.7187046610536111
714183.0 0.20379730021537135
495588.0 0.7606484303367338
495588.0 0.7618323234869664
487224.0 0.874762160632397
716115.0 0.206244541414431
649872.0 0.47312886390581593
599439.0 0.5786906551136864
577152.0 0.5879852467372643
639861.0 0.5278896025540926
552546.0 0.6248626578313432
538974.0 0.6322038049093166
527973.0 0.6556942963086084
610284.0 0.5553636174229862
520698.0 0.6785088622221105
653298.0 0.44731123782889953
565632.0 0.6247523381475604
533469.0 0.645219303972059
606027.0 0.5768007004417604
685122.0 0.2820572356542974
666045.0 0.41109550072282813
510048.0 0.7343545557608686
622275.0 0.5550568132490552
701196.0 0.22537450432209594
706335.0 0.21410423451372942
493398.0 0.8099826537659504
489696.0 0.8492281867128031
495687.0 0.755598783476246
676875.0 0.3546597046209486
572559.0 0.62370001665831
501564.0 0.7437451522204146
660261.0 0.4267340079915561
501810.0 0.7386432048035956
660189.0 0.42865274299648554
679977.0 0.338643696040659
487512.0 0.86383663888766
491355.0 0.8339063760915374
637197.0 0.5395304299677707
632115.0 0.5407664469482645
576132.0 0.6205220246740011
699711.0 0.23520832859594443
495480.0 0.7864882114476573
519084.0 0.6980374116755961
623931.0 0.5539103867075934
688956.0 0.2664220051213699
710340.0 0.2121742370076521
629988.0 0.550999707140968
680445.0 0.3279423891287886
676875.0 0.3644930476677447
696090.0 0.24916848496940044
495528.0 0.764043793398664
684825.0 0.2988739978408836
668901.0 0.40936581533958627
684765.0 0.30436965595441784
671157.0 0.4028228729812093
691278.0 0.2608062865831004
491355.0 0.8369885626808377
577143.0 0.6069515266063363
697299.0 0.24132285553094512
672240.0 0.38682623064265365
674241.0 0.37160106520073544
511920.0 0.7266615424918077
638658.0 0.5287373326703729
494931.0 0.7895265811092036
660189.0 0.44060935406955704
680445.0 0.31724602043278455
691278.0 0.2557148546274332
518241.0 0.7099027738752531
576786.0 0.6081100063588488
629994.0 0.5467193983723907
518199.0 0.7158580657393652
514770.0 0.7159986833539574
674241.0 0.3786889617653829
518268.0 0.6984134776326962
493599.0 0.8011567981141292
688956.0 0.26297804799599084
684765.0 0.30943964634393023
714183.0 0.2096820953790168
493599.0 0.800248924155926
671157.0 0.39450398092158373
697023.0 0.2483012750630317
671892.0 0.3930592494239211
679977.0 0.3299853116366761
672240.0 0.3788291768022017
714183.0 0.20940882592421833
495588.0 0.7628468312365779
514008.0 0.7226999538823937
514008.0 0.7197158030246558
514008.0 0.7212173188123168
688956.0 0.2630085495240793
680445.0 0.32932622091489394
514008.0 0.7251302161877303
514008.0 0.7233051835533778
514008.0 0.7258980417477997
514008.0 0.7216252757473859
714183.0 0.21075102693843678
714183.0 0.2112443279362254
514008.0 0.7229977560671437
714183.0 0.21092537542625167
714183.0 0.2111733336105088
491580.0 0.8651087072861507
491580.0 0.8756138822350904
728265.0 0.2062686133421894
589635.0 0.5888850365256573
618990.0 0.5735289723774222
568437.0 0.6252253444349811
650733.0 0.5020958269418954
586710.0 0.6088257168576335
643335.0 0.5309812371976929
543030.0 0.633808560606178
534834.0 0.6457042913424862
628416.0 0.5569642147353695
659946.0 0.46615318196698874
502842.0 0.739993789403473
552546.0 0.6333324483455278
641016.0 0.552996189080144
660261.0 0.43120750740030545
525282.0 0.6810813660755126
651498.0 0.4829452612872745
670314.0 0.41412424852703067
559659.0 0.6300599601546399
726759.0 0.2080476489890895
697527.0 0.2484222481691639
659925.0 0.48235090494658545
714846.0 0.2094886449151409
494931.0 0.8155377144583726
493395.0 0.8376302438452694
511968.0 0.7354190985434141
528828.0 0.661973544418495
623616.0 0.5572670385828603
702411.0 0.22654526061099134
672240.0 0.3941151744384458
666462.0 0.42302555036507233
709350.0 0.2172268641132855
692649.0 0.25636746884694367
688956.0 0.28335256520168445
493353.0 0.8606479053432783
501564.0 0.757483396541931
564744.0 0.6253352394761038
621291.0 0.5721222856726605
522882.0 0.690920060072804
675687.0 0.37168225751915684
641823.0 0.5465769389766968
587058.0 0.6077332322122033
522405.0 0.7020274880466789
684765.0 0.321636533479692
515496.0 0.7209018229115446
495480.0 0.7913667929764876
493488.0 0.8235749964972096
662967.0 0.4275212510648525
680457.0 0.3323488491093768
701469.0 0.24055494971255145
531816.0 0.6583135618130725
519150.0 0.7140138788838666
688956.0 0.30036702494727807
684825.0 0.31155186557265707
519696.0 0.7098325016856625
679971.0 0.3683623316258075
690882.0 0.27411989589054797
497724.0 0.7614385592846699
680391.0 0.35056664220240297
674241.0 0.3812088065941204
692649.0 0.26757700325029216
710205.0 0.21466914112675864
685122.0 0.3006422001420528
673704.0 0.38879934335919747
680391.0 0.3412999416061603
690882.0 0.26862291759006385
714183.0 0.21451567864409685
686622.0 0.30037971573757655
514110.0 0.7265329881796759
680457.0 0.32601754218750256
702111.0 0.2318779349648925
701835.0 0.2355554371761577
680391.0 0.36070991451358897
530430.0 0.6602381689377689
680457.0 0.33911112202190935
674241.0 0.38594784494085327
496350.0 0.7642936769808208
679971.0 0.36393080041854875
501564.0 0.7594228018539779
514008.0 0.7294253176173685
531414.0 0.6601228457509697
714183.0 0.2122072193221003
679977.0 0.3607934218697235
514008.0 0.7275693946990659
495588.0 0.7714708788908256
495588.0 0.7833847779211871
495588.0 0.7757607306707442
514008.0 0.733770093649634
495588.0 0.7772378372265853
495588.0 0.7728836695107417
495588.0 0.7650537563053916
514008.0 0.7321652994315971
514008.0 0.7290643689987177
495588.0 0.7896720559203398
495588.0 0.7667246962450306
714183.0 0.21270049818445494
514008.0 0.7314086735785549
495588.0 0.7673851414211955
495588.0 0.768282297642411
495588.0 0.7788336592029391
714183.0 0.21378672336103893
495588.0 0.7749779738625372
495588.0 0.7704525195544109
514008.0 0.730341196142969
495588.0 0.7886557043385115
495588.0 0.7862100397028583
495588.0 0.7798240430654813
495588.0 0.7783699800679176
495588.0 0.781438184406538
495588.0 0.7907923070188861
495588.0 0.787170459338468
495588.0 0.7833395939530953
495588.0 0.7694700935143249
495588.0 0.7854942687407741
495588.0 0.7903821701297584
495588.0 0.7878041177542895
495588.0 0.7825783790120248
495588.0 0.7699213835420512
514008.0 0.7343176384430111
514008.0 0.7319008954908018
514008.0 0.7351999969161405
495588.0 0.7807842041044112
495588.0 0.782309351420126
514008.0 0.7346264131043502
495588.0 0.7667398423106755
495588.0 0.7778270844585715
495588.0 0.7689167492529542
495588.0 0.7734884771366635
495588.0 0.7818125806969669
495588.0 0.7740302868317555
495588.0 0.7647876965554565
495588.0 0.7778932307859832
495588.0 0.7735342816708434
495588.0 0.7741171170440839
495588.0 0.770235559469862
495588.0 0.774566070042688
495588.0 0.7845844515644748
514008.0 0.7353634901933158
495588.0 0.7884947903935788
495588.0 0.7645034326256411
495588.0 0.7691259140995723
495588.0 0.7866454526159595
495588.0 0.7849723138307986
495588.0 0.7803630647292558
495588.0 0.7807203446162009
495588.0 0.7852333478554987
514008.0 0.729685357753651
714183.0 0.2141277264531028
495588.0 0.7816781190862254
514008.0 0.7302221631168195
495588.0 0.784046419888523
495588.0 0.7881559880682577
495588.0 0.7746391996771694
714183.0 0.21445335323855597
495588.0 0.7904992170473109
495588.0 0.7800685348720237
714183.0 0.21418002130996175
514008.0 0.7345343432168902
495588.0 0.7869717904287035
495588.0 0.7868631366691098
495588.0 0.7842678305156634
495588.0 0.7802974158338519
514008.0 0.7299491515685497
495588.0 0.7837853970704486
514008.0 0.7299686276074497
495588.0 0.7850128614422003
495588.0 0.7854202479404216
514008.0 0.7295515505577942
495588.0 0.782499346926771
495588.0 0.7799665493752398
495588.0 0.7866749870857873
495588.0 0.784460738624447
495588.0 0.768992059238248
495588.0 0.7879487397027228
495588.0 0.7836131177415959
495588.0 0.7835051833466447
495588.0 0.7839014078892375
495588.0 0.7880708528194021
495588.0 0.7843420685829735
495588.0 0.7879951659360067
495588.0 0.7843902551526281
495588.0 0.7904568623405681
495588.0 0.7838936840196167
495588.0 0.7835410136608932
495588.0 0.7881418073439272
495588.0 0.7825660227575624
495588.0 0.7689343922005557
495588.0 0.7746291071699665
495588.0 0.78360278016728
495588.0 0.7866498870876838
733245.0 0.20701480962506186
493614.0 0.838143863200883
590190.0 0.5942986557441516
619230.0 0.578992233093283
623682.0 0.5585104843088078
576333.0 0.6313502609378246
550974.0 0.6338546697957659
570000.0 0.6316427202995877
642825.0 0.5476269089267013
651288.0 0.5290250550088124
662034.0 0.44987225212740534
719982.0 0.21410350901219727
494949.0 0.8201289026903574
660609.0 0.4728760246481582
643728.0 0.5468267443362983
731775.0 0.21383488333005385
655008.0 0.5085961459038058
539235.0 0.6646407562204217
525978.0 0.7069597941895173
657045.0 0.4882563448252348
543414.0 0.6446989295110581
497322.0 0.779410081927559
520134.0 0.7120887941314759
667923.0 0.441135304804984
541125.0 0.6595124955078717
546621.0 0.6397656284603951
497952.0 0.7642263363668013
671157.0 0.41500481887496743
503463.0 0.7523477358180475
692649.0 0.27566725176831275
502344.0 0.7620917285530731
713967.0 0.21498749896246197
528933.0 0.675923122007237
495486.0 0.7966913450518243
668901.0 0.4253057743544214
660258.0 0.48680256089676377
519084.0 0.7226445425956224
531174.0 0.6704348325457776
507843.0 0.7440775926760802
526446.0 0.6861978171811128
684663.0 0.33239849282850376
709887.0 0.22211880758772426
526098.0 0.6916596544604112
706335.0 0.22706879809315744
674241.0 0.41235203551167077
684825.0 0.3230875500007019
680457.0 0.3454402551629842
690171.0 0.29895608256428624
680457.0 0.353491220190353
516372.0 0.7266880557868212
679977.0 0.37309310957570796
510024.0 0.7404976167443522
697023.0 0.25759352117317
667923.0 0.43157948092667414
675687.0 0.40183883067972015
693507.0 0.2600662364379338
652929.0 0.5192646813609011
712167.0 0.21951239047074123
699711.0 0.2571773611693141
690882.0 0.29120079447737834
676875.0 0.3815932897162456
702411.0 0.23888500802044657
653853.0 0.5175814652764111
675687.0 0.38802980176633955
514770.0 0.7310901199093831
688479.0 0.311367414321038
703713.0 0.22786094215702993
700863.0 0.25026467222291815
688479.0 0.31966723720502566
513900.0 0.7403687569962997
688479.0 0.32079333313598696
680457.0 0.3439482056441374
675687.0 0.40535035731256047
679977.0 0.3641911896845788
495588.0 0.7919538923765634
692649.0 0.2842015558904439
688479.0 0.30496168111204
693507.0 0.25966404984456326
531174.0 0.6694721755776685
691278.0 0.284583664872902
503463.0 0.7471116494455244
731775.0 0.20702981505715956
684765.0 0.3322308004677934
676875.0 0.38625243938012077
679977.0 0.3650543296957076
701475.0 0.24757644346334146
703713.0 0.22768728733686652
701853.0 0.2405700728892547
701853.0 0.24482240883799905
676875.0 0.377323169258345
495588.0 0.7934664069076961
514008.0 0.7355270095913954
676875.0 0.3766648449500768
513900.0 0.7370317746113801
675687.0 0.40260918051993577
531174.0 0.6733624201426668
514008.0 0.7355584593628519
701853.0 0.2392684859985911
531174.0 0.6724788977942636
495588.0 0.7959712874396491
495588.0 0.7953131919668759
495588.0 0.7944314084160999
514008.0 0.7364120864826686
531174.0 0.672606551663622
495588.0 0.796574929026919
495588.0 0.7937333548020844
495588.0 0.7943268863946532
495588.0 0.7953588398691843
514008.0 0.7364963126932306
495588.0 0.7931603502469793
495588.0 0.7928408714633769
514008.0 0.7367606264020566
495588.0 0.7923441389786232
495588.0 0.7926545964375402
495588.0 0.7936240483955077
514008.0 0.7366257191497287
495588.0 0.7933356190938133
495588.0 0.7921278316739846
495588.0 0.7927147677745003
495588.0 0.7919822410535182
495588.0 0.7922602952815121
495588.0 0.7921785900618004
495588.0 0.7933962435077253
495588.0 0.7934253589088613
495588.0 0.7934539410492916
495282.0 0.8205232925484655
731847.0 0.21315182281769837
617019.0 0.5947101299441404
660261.0 0.4888981981550603
666462.0 0.45626314586240463
657720.0 0.52264295785323
581733.0 0.6327756875077415
638511.0 0.5680593396373755
599808.0 0.59924665939813
650562.0 0.5536096200655798
624186.0 0.572991036901909
591957.0 0.6266025873729453
552546.0 0.6380553509293335
651642.0 0.539434618805512
676743.0 0.3918147508914952
726726.0 0.2149038460074501
566316.0 0.637149476217183
568890.0 0.6353791863980696
630969.0 0.5694521515610919
539610.0 0.6671271706105847
524670.0 0.7121253048670123
675687.0 0.41472970911870594
670314.0 0.4359688726782692
520362.0 0.7185711372817432
714183.0 0.21605649318170744
547554.0 0.6424397757121184
592215.0 0.6015779896483289
531480.0 0.6709233965245543
691278.0 0.30285396939324005
503859.0 0.7479538414384115
526248.0 0.6957656225548491
499872.0 0.7650336465905067
545904.0 0.654491984839592
684765.0 0.3580401056340536
543822.0 0.6629002247286031
497991.0 0.780098402993462
680211.0 0.3784019974905724
685167.0 0.32642968727568716
691278.0 0.29485319496798196
518268.0 0.729425035004756
684825.0 0.3458900853885807
691278.0 0.32335562844674653
511968.0 0.7469305372846458
497490.0 0.7874954903202851
594576.0 0.6004394936479189
693720.0 0.2744651099631701
530583.0 0.6767080923976964
529086.0 0.6844596659952882
680457.0 0.3644029430059019
527046.0 0.6871899383279595
704451.0 0.2406002165471252
502935.0 0.7625475871199847
503586.0 0.7574019857698497
697299.0 0.26289491757344463
693453.0 0.28326489012794215
495492.0 0.8056507033580792
704451.0 0.2318321550684193
699651.0 0.2592878590198606
701469.0 0.2509423613377671
515820.0 0.731441790707945
710928.0 0.22350168954100777
673704.0 0.42181876816299196
697299.0 0.26108076204011327
684825.0 0.33445094370809575
713931.0 0.21981641094011672
702111.0 0.24352377682094745
692649.0 0.2932533271609194
697299.0 0.2716272311752688
670314.0 0.4310153023887553
709959.0 0.22393676304540935
693453.0 0.28872405498396964
515490.0 0.7366429656453463
671892.0 0.4267136365664533
706839.0 0.22945487463359748
701469.0 0.2562964749437447
673704.0 0.42307087504097507
495588.0 0.7970714218983662
702111.0 0.2465144900284712
706839.0 0.22877172213747576
684897.0 0.33361597569514073
680391.0 0.37191141338065703
671892.0 0.4286297432355074
680391.0 0.365477544439996
709959.0 0.2265955219653189
680391.0 0.374303090171093
495588.0 0.804991325220475
512841.0 0.7436634550019768
512640.0 0.7448493552730304
514008.0 0.743101368485836
512172.0 0.746151136174855
513984.0 0.7436568350790639
704451.0 0.23092652007638773
514008.0 0.7374602439236474
514008.0 0.7389470015104516
495588.0 0.8023076668196673
495588.0 0.7987068541333668
714183.0 0.218706332074205
714183.0 0.2177258113318812
714183.0 0.2195256157696947
714183.0 0.2167651912453971
514008.0 0.7408785119589291
495588.0 0.8030768589418852
514008.0 0.7415443441328523
495588.0 0.8018120443590043
714183.0 0.2153950881452494
495588.0 0.7980235281307291
495588.0 0.7996557209625731
714183.0 0.21727367973318226
495588.0 0.8032932388668385
514008.0 0.7399491449032756
714183.0 0.21801172267448612
495588.0 0.8040935636961414
495588.0 0.8044975174682074
495588.0 0.7974865441114136
495588.0 0.799267359659604
495588.0 0.799080695614474
495588.0 0.8001386100506358
495588.0 0.7979906466225563
495588.0 0.8037932028543073
514008.0 0.7404127077383302
495588.0 0.8052726651731393
714183.0 0.21833958300669648
714183.0 0.21533760119953207
514008.0 0.7424367635423562
514008.0 0.7370535120871451
714183.0 0.2176443368466997
514008.0 0.7395350004215239
514008.0 0.7431720606269909
514008.0 0.7406990907798731
495588.0 0.8050323662995738
514008.0 0.7435265203819412
514008.0 0.7393067474159616
495588.0 0.8010554783825872
495588.0 0.8005042383803012
514008.0 0.7427698489103332
714183.0 0.21850421132566278
514008.0 0.7371728186810268
495588.0 0.8015673443897756
514008.0 0.7404795850728548
495588.0 0.7974043371759052
514008.0 0.7423029525233689
495588.0 0.7999391216024844
714183.0 0.21697762336558918
495588.0 0.8006961768725837
514008.0 0.7418666459746587
495588.0 0.8013404400654154
714183.0 0.21963936921203753
514008.0 0.742868579277654
514008.0 0.7416194192721632
495588.0 0.8046845887536664
495588.0 0.803886095646219
514008.0 0.7391484041015826
495588.0 0.8009336883511431
514008.0 0.7397450592812405
514008.0 0.7421120101191632
514008.0 0.7418191150231047
495588.0 0.8051344875492434
495588.0 0.8014543032460452
495588.0 0.804770562892895
714183.0 0.21696700567473862
495588.0 0.8031607744364985
514008.0 0.7397978958857054
514008.0 0.7390403341331386
495588.0 0.799962626149354
514008.0 0.7421151715484375
495588.0 0.8049010434766374
495588.0 0.8006282279677138
514008.0 0.7435594538504386
495588.0 0.800517215996419
514008.0 0.7371015941170463
495588.0 0.8013471134376225
514008.0 0.7428123916882577
495588.0 0.8009594210266389
495588.0 0.8038257234754786
495588.0 0.804955224311134
495588.0 0.8030843589106109
495588.0 0.7974068043282955
495588.0 0.8009593093189974
731775.0 0.21565267155650777
731775.0 0.21495082181422737
495360.0 0.8227561012411521
662955.0 0.49008560485558417
625500.0 0.5788350432192141
635871.0 0.5700251710317131
593754.0 0.6260390041448697
575079.0 0.6384719478748948
587316.0 0.6366376415786659
564402.0 0.6390881803883671
671067.0 0.45870134299952353
661383.0 0.5098517003159228
603105.0 0.5997935038879539
598539.0 0.6009520514218318
718479.0 0.21642387399105814
646896.0 0.5690076359078684
617151.0 0.5977003947853213
503664.0 0.7611183511449592
499068.0 0.7804515980726472
679026.0 0.40472325392837494
618468.0 0.5958426551655165
552810.0 0.6394842973903919
680457.0 0.36556194548827264
652449.0 0.5680842937433205
677043.0 0.4293474040759135
544512.0 0.6703874508401667
731775.0 0.21583255061919698
547350.0 0.6550997862190773
659856.0 0.535267675612577
654150.0 0.5499305477358073
499068.0 0.793737830427031
680391.0 0.3893077258654055
671892.0 0.4373159039776717
526311.0 0.7168306212275913
532530.0 0.6771854191504751
691113.0 0.32791357983943514
539694.0 0.6739619972903874
654615.0 0.5413894315455374
692649.0 0.30960822248198877
526452.0 0.6973025266829712
671892.0 0.45722635328540207
685377.0 0.33897302390105977
503868.0 0.7495256541924062
549150.0 0.6476348245320508
674241.0 0.4296622406143126
495732.0 0.7993037776518201
527187.0 0.6877337610587194
707538.0 0.2288915845433779
695139.0 0.28327231293788674
659364.0 0.5387902429296901
684897.0 0.36294663697804447
690171.0 0.3288773568545529
551307.0 0.6437663357615686
698256.0 0.2672985303749662
530832.0 0.683306321251106
710340.0 0.22464606444605092
705399.0 0.23797453997698542
539694.0 0.6709110404378015
700863.0 0.26189680545633237
701835.0 0.25172901303408096
702921.0 0.24397204673663908
695139.0 0.27585263345381383
698256.0 0.2712986727794473
714228.0 0.21733905620512928
522732.0 0.7270993758474211
507354.0 0.7490776554404738
514710.0 0.742659790909853
679977.0 0.39610069286519445
517518.0 0.7399232096188546
508410.0 0.7482513983128313
525768.0 0.7238874814382407
518772.0 0.7296990499632353
511908.0 0.7480026357426383
684897.0 0.3532549939192323
705999.0 0.23393049039912536
702411.0 0.24565773764718302
692649.0 0.3018018940636694
685122.0 0.3476144426210613
521856.0 0.7290685339382295
692649.0 0.2970109526666568
679977.0 0.3929130181862293
701475.0 0.25866431248410954
693801.0 0.29239993573724726
685377.0 0.3446400781095193
685377.0 0.33515889521317643
526248.0 0.7237403360614917
527148.0 0.6942970713587489
671892.0 0.4580281782776203
495588.0 0.805918550086825
693831.0 0.2882158904199537
692649.0 0.30443921568243626
518124.0 0.738634686966428
685377.0 0.331071156158952
518226.0 0.7354177291215938
684897.0 0.3583873941843378
712227.0 0.22458520136118468
712227.0 0.22389885633708123
692649.0 0.3030623943170774
705741.0 0.23487643373170183
512790.0 0.7458507930274908
714183.0 0.2235465587623547
695139.0 0.2877656625990845
701331.0 0.25950689747020694
527124.0 0.6956207646670894
531174.0 0.6782145578500414
518712.0 0.7329594374473642
684897.0 0.3586672022856294
512790.0 0.7479233972548676
693801.0 0.29092204465905963
522024.0 0.7282283323450475
518643.0 0.7339346446039635
531174.0 0.6809507603531633
514008.0 0.7441525366254762
714183.0 0.2199111800507476
531174.0 0.6792867977002979
514008.0 0.7448685288486442
531174.0 0.6806655963117125
514008.0 0.7437769332795174
495588.0 0.8168154757060841
495588.0 0.8111693181474908
495588.0 0.8205026522087324
531174.0 0.6783330646313536
495588.0 0.8215398360358033
495588.0 0.8152183053181253
495588.0 0.8118884900191488
495588.0 0.8137682753491622
495588.0 0.8146045011489605
495588.0 0.81913579020048
714183.0 0.2204639738318491
714183.0 0.22163405233286612
495588.0 0.81578976288646
495588.0 0.8123220991672129
495588.0 0.819967707771352
495588.0 0.8065029843712218
495588.0 0.8132549423456575
714183.0 0.22096282891740446
495588.0 0.8091807980772059
495588.0 0.8106283477990068
714183.0 0.22259156057474014
714183.0 0.22045414424761414
495588.0 0.8162803953425727
714183.0 0.22207270676255544
495588.0 0.8139789820633059
495588.0 0.8224455015802022
495588.0 0.819565734097128
495588.0 0.8143101692864239
714183.0 0.22115977001753728
514008.0 0.7445235966916453
714183.0 0.22324670688180998
495588.0 0.8179983821610897
495588.0 0.808908220200615
495588.0 0.8178511730970051
495588.0 0.8163734163335291
495588.0 0.8203695829062706
495588.0 0.8155125997606226
495588.0 0.8081781241697227
495588.0 0.8100029386092851
495588.0 0.8119312627908849
495588.0 0.8194463422898759
495588.0 0.8171484149157701
495588.0 0.8187629711434652
495588.0 0.8084765981738189
495588.0 0.8129455000522148
495588.0 0.809786985254425
495588.0 0.80744612204602
495588.0 0.8094720844089103
495588.0 0.8102332118554194
495588.0 0.8183384629428515
514008.0 0.744076718180975
495588.0 0.807958535096238
495588.0 0.8072209648284502
514008.0 0.7443673204714887
495588.0 0.8067730167024637
495588.0 0.8175200710034511
495588.0 0.8127068562958207
514008.0 0.7450036879824796
714183.0 0.22369497491428314
495588.0 0.822214881008882
495588.0 0.8076488171436442
495588.0 0.8172453558895569
514008.0 0.7454177539081671
495588.0 0.8095849899168391
714183.0 0.22276102060551295
495588.0 0.8184747793753219
714183.0 0.22348250421623195
495588.0 0.8103881222665031
495588.0 0.8144951864360112
495588.0 0.8125360774999598
495588.0 0.8156720028735698
495588.0 0.8065176905255793
495588.0 0.8174691242184613
495588.0 0.8216389640297831
714183.0 0.2229841091608267
495588.0 0.8218340455042312
514008.0 0.7452026412374121
514008.0 0.7456241180255182
495588.0 0.8221153234180636
495588.0 0.8131256600536223
495588.0 0.8186854302979346
514008.0 0.7458278118572883
714183.0 0.22194359573495187
495588.0 0.8086959588735793
495588.0 0.8080239297877566
514008.0 0.7452578088532427
495588.0 0.8201651943230353
514008.0 0.7455737086203346
495588.0 0.8076301284754003
714183.0 0.22294103452287245
714183.0 0.22177681162283525
495588.0 0.8203111368284906
495588.0 0.8105283403352584
495588.0 0.8219692618582521
495588.0 0.8069097170065199
495588.0 0.8126100211067862
714183.0 0.22263600096045813
714183.0 0.22182298371866402
714183.0 0.22104098322708385
495588.0 0.8070632278997419
495588.0 0.8070736976056254
714183.0 0.22356590082044164
495588.0 0.8201819038207288
495588.0 0.8068871044912408
495588.0 0.8183811265983284
495588.0 0.8204169368575519
495588.0 0.8131860287873667
714183.0 0.22204768802514577
495588.0 0.8086006283439056
714183.0 0.22112853795265786
495588.0 0.8218939591355003
495588.0 0.8163385485715399
495588.0 0.8086394379290038
495588.0 0.8105712562254103
495588.0 0.8219336291999872
495588.0 0.8215656338397498
495588.0 0.8187066560718604
495588.0 0.8086845063106317
495588.0 0.8175151192807578
495588.0 0.8086027577175129
714183.0 0.22295952423378873
495588.0 0.8106058430562229
495588.0 0.8215656338397498
714183.0 0.22297881252588794
495588.0 0.8106058430562229
495588.0 0.8187055338891266
495588.0 0.8215656338397498
