714183.0 0.18473068553569663
486756.0 0.8358213808874515
486756.0 0.8554649509456379
527094.0 0.6197390392868968
618372.0 0.4784701533913346
555666.0 0.604572433957296
572274.0 0.5473710120108082
639363.0 0.45963019508105235
601437.0 0.5443701735317124
605790.0 0.524736194479236
560220.0 0.5870019586589957
691278.0 0.22172561601150242
709311.0 0.20753613676170585
487740.0 0.8077951899342473
514008.0 0.669981244787588
572274.0 0.564317529929349
680391.0 0.28524804675826965
644196.0 0.4499142273589173
493353.0 0.783074157195871
649575.0 0.427840276403585
666462.0 0.3674921143782328
681951.0 0.23358388498169488
491562.0 0.7897265700975794
493398.0 0.7495621889830273
507891.0 0.7102344601610859
514008.0 0.708914911904597
671157.0 0.3210756973484293
660189.0 0.3900896122341839
660189.0 0.3726911870549171
690882.0 0.22636853253622763
514008.0 0.6896209756500589
503586.0 0.71918886816343
602331.0 0.5316992192628827
649407.0 0.44356883825892657
499779.0 0.7293109647572974
671157.0 0.3300132802362286
671157.0 0.30855178951373113
572274.0 0.5665730424679624
649575.0 0.4145413860926667
500070.0 0.7199290321473819
649575.0 0.39687886353825347
514008.0 0.6761793223530128
671157.0 0.363305479302273
671157.0 0.34814472015188125
660189.0 0.3851459925363636
714183.0 0.19329896944998443
709803.0 0.19465055603974066
691278.0 0.20987048569853906
671157.0 0.3374684870158249
709350.0 0.19521700839596495
649575.0 0.41940036060524954
681951.0 0.2540485720857182
649575.0 0.4338547969857109
495588.0 0.7345881383304805
681951.0 0.2438823417840357
671157.0 0.3093620960365735
514008.0 0.6915029670556309
681951.0 0.2601164699013196
680457.0 0.28495357620792483
514008.0 0.7020875133096741
671157.0 0.34476966424029887
681951.0 0.24638936078608992
681951.0 0.26567658408101313
681951.0 0.27346277459061835
714183.0 0.19094556743656885
495588.0 0.7439578852966041
681951.0 0.2697165616419731
681951.0 0.22880343872600123
681951.0 0.27870983896762996
649575.0 0.42995828873883735
495588.0 0.7335430586911128
671157.0 0.32559150279786636
649575.0 0.3946661896009772
514008.0 0.7070959157317959
514008.0 0.7027270675275692
671157.0 0.32122983229265634
671157.0 0.32621368288030655
660189.0 0.3919641994722009
681951.0 0.2779718552689486
495588.0 0.741573850192339
495588.0 0.73594924684588
495588.0 0.7382129453845655
495588.0 0.7393226738635841
681951.0 0.2746562082732407
495588.0 0.7459756410236589
495588.0 0.7457843613348701
495588.0 0.7478237474765355
660189.0 0.3910780979300759
514008.0 0.7074884071507067
514008.0 0.7085314485876295
495588.0 0.7428709930576082
495588.0 0.7347804006809464
495588.0 0.7486303580297244
681951.0 0.2746432108383927
495588.0 0.7438807068059831
495588.0 0.74293864638002
660189.0 0.39023400371168154
495588.0 0.7483347191765952
514008.0 0.7023930417363752
495588.0 0.7479764877478018
681951.0 0.27835525615592593
681951.0 0.2782101492786332
717306.0 0.18526542183030795
487002.0 0.8426653112292974
569958.0 0.6055522838872517
622848.0 0.5434395926333369
604464.0 0.5454460241229582
641811.0 0.4879668788987903
659748.0 0.4260195545167274
551673.0 0.6211788098900205
633282.0 0.5122524705883794
588861.0 0.5644216209356214
541446.0 0.629346742346938
631707.0 0.5325090836946238
581250.0 0.5866711879221268
499863.0 0.7379204021343716
492546.0 0.7967034852243592
576132.0 0.587911697493493
522744.0 0.6719897277980534
593298.0 0.5561030482499286
507711.0 0.7266582882382902
514152.0 0.6937359030299307
518490.0 0.6783410167538354
527202.0 0.654329292148443
688956.0 0.23212368470022907
697299.0 0.2234530600319805
531438.0 0.6320954225526938
493599.0 0.7703807893172636
660261.0 0.3762066640275635
490788.0 0.8211967851318861
551094.0 0.6255598731640425
649575.0 0.4535114993915843
666462.0 0.37487838300173054
705807.0 0.210025850736822
684765.0 0.27895692788996485
491616.0 0.8164912233596355
709734.0 0.205432811097538
685122.0 0.26515093724674094
660189.0 0.4014115986363897
701469.0 0.21354924049911062
649575.0 0.4677679467483925
514008.0 0.7118981766789917
660189.0 0.3975996187841357
649575.0 0.4458464939284842
593298.0 0.5480386245186731
531174.0 0.6498119878753144
700863.0 0.22239688443386887
681951.0 0.2871280460019826
676875.0 0.3163473028673865
672240.0 0.3489401688661799
670314.0 0.3700831948588447
712308.0 0.1997005372088398
510447.0 0.7201670961787983
674241.0 0.3188480296209741
531414.0 0.6442664603893201
674241.0 0.335457647503994
688956.0 0.2452148611882944
649575.0 0.48063546335543866
688956.0 0.2486254650809109
495480.0 0.7618839625356961
495588.0 0.7588420955620113
495588.0 0.7497599097674641
649575.0 0.4715031307640694
649575.0 0.45747122706002086
680445.0 0.299359306024836
680445.0 0.28790638455264667
680445.0 0.30018756430205584
674241.0 0.3359360117495953
511818.0 0.719205852444667
672240.0 0.35948343256315907
714183.0 0.19743260371163754
685122.0 0.25683796513773643
670314.0 0.37283346287486935
680445.0 0.3114193781999575
649575.0 0.46651987665428696
714183.0 0.19470315951673284
672240.0 0.36191142774493723
685122.0 0.26181923166225557
672240.0 0.3643958848158807
674241.0 0.34005480489227724
649575.0 0.4500282176054954
714183.0 0.19519870303039874
685122.0 0.251440913801278
674241.0 0.33586329074266796
680445.0 0.3043539436864824
672240.0 0.3442092859618804
495588.0 0.7546238032097734
680445.0 0.3089043833605846
680445.0 0.3012727215305967
674241.0 0.34378585906092457
514008.0 0.7145974596638727
660189.0 0.39926672763881144
649575.0 0.45369393784839696
680445.0 0.3148840167086851
495588.0 0.7517449815983327
514008.0 0.7170546540252241
685122.0 0.25053175770702935
495588.0 0.7562150537017157
680445.0 0.30656219381605404
514008.0 0.7129077893308422
495588.0 0.7578338128818528
680445.0 0.3071587405455887
495588.0 0.7507979186476293
714183.0 0.1988730482935196
514008.0 0.7182453589315148
672240.0 0.36010567503037055
714183.0 0.1957969574223877
672240.0 0.3615075156274435
685122.0 0.24894843345991982
495588.0 0.7598223432943244
714183.0 0.1971600536267757
680445.0 0.3153751558471031
649575.0 0.46773524514195136
495588.0 0.7615533236971417
495588.0 0.7608294721614165
495588.0 0.7605651956186777
514008.0 0.7187046610536111
514008.0 0.7190589429823683
495588.0 0.7618323234869664
688956.0 0.24876385533106327
714183.0 0.19732605508792506
495588.0 0.7606484303367338
726387.0 0.1870222422751363
487224.0 0.874762160632397
649872.0 0.47312886390581593
599439.0 0.5786906551136864
577152.0 0.5879852467372643
639861.0 0.5278896025540926
552546.0 0.6248626578313432
538974.0 0.6322038049093166
527973.0 0.6556942963086084
610284.0 0.5553636174229862
520698.0 0.6785088622221105
653298.0 0.44731123782889953
565632.0 0.6247523381475604
533469.0 0.645219303972059
606027.0 0.5768007004417604
717963.0 0.19028691633295391
510048.0 0.7343545557608686
622275.0 0.5550568132490552
493398.0 0.8099826537659504
489696.0 0.8492281867128031
697527.0 0.22515508601384113
495687.0 0.755598783476246
701952.0 0.22351608928594766
501564.0 0.7437451522204146
572559.0 0.62370001665831
501810.0 0.7386432048035956
660189.0 0.42865274299648554
491355.0 0.8339063760915374
487512.0 0.86383663888766
692649.0 0.23334341076229334
637197.0 0.5395304299677707
660261.0 0.39782845955052143
632115.0 0.5407664469482645
576132.0 0.6205220246740011
495480.0 0.7864882114476573
670314.0 0.37562123679578685
519084.0 0.6980374116755961
623931.0 0.5539103867075934
629988.0 0.550999707140968
495528.0 0.764043793398664
676875.0 0.34151195026327613
666462.0 0.3877975464250972
681951.0 0.2957588748331668
706335.0 0.2156300741382002
710340.0 0.2121742370076521
577143.0 0.6069515266063363
491355.0 0.8369885626808377
511920.0 0.7266615424918077
638658.0 0.5287373326703729
494931.0 0.7895265811092036
660189.0 0.44060935406955704
673704.0 0.3614287463321658
518241.0 0.7099027738752531
688479.0 0.27475584747158976
576786.0 0.6081100063588488
629994.0 0.5467193983723907
518199.0 0.7158580657393652
672240.0 0.3723315606944792
514770.0 0.7159986833539574
691278.0 0.23845360998878248
493599.0 0.800248924155926
685122.0 0.28451344428991365
680445.0 0.31724602043278455
706335.0 0.21410423451372942
676875.0 0.3241550074225747
685122.0 0.2820572356542974
518268.0 0.6984134776326962
712095.0 0.20919832268560737
666462.0 0.38406792421606795
714183.0 0.20177892553294438
690882.0 0.2483244368718429
674241.0 0.3520478349937129
674241.0 0.35975018295708483
660261.0 0.41986442658248363
660261.0 0.4020183310865117
680457.0 0.31535332826053253
714183.0 0.20084763609412365
681951.0 0.28985365884640135
674241.0 0.34583085503788413
676875.0 0.33221183985537484
493599.0 0.8011567981141292
690882.0 0.2438591671347929
666462.0 0.3912317118006756
660261.0 0.4158095411015673
674241.0 0.3574381360319532
688956.0 0.2723773174115053
688956.0 0.26421966050666984
495588.0 0.7628468312365779
672240.0 0.3732684772500638
660261.0 0.4267340079915561
660261.0 0.40876945528732805
666462.0 0.3835866760815877
690882.0 0.25563639610878053
690882.0 0.25666323918049444
514008.0 0.7226999538823937
714183.0 0.20513880368689874
681951.0 0.3027575554054156
660261.0 0.4104883463806834
676875.0 0.32127589442316273
676875.0 0.3281891646878976
688479.0 0.27935411769588253
688956.0 0.2626952855880626
688956.0 0.26707884983409924
680457.0 0.31010837347495757
690882.0 0.24382375395252007
514008.0 0.7197158030246558
680457.0 0.3057719306402135
681951.0 0.2880737825228462
514008.0 0.7212173188123168
676875.0 0.3310061357809057
680457.0 0.3096450556968144
666462.0 0.3861344641710638
688956.0 0.2664220051213699
685122.0 0.27972148311910777
514008.0 0.7251302161877303
514008.0 0.7233051835533778
680457.0 0.30443780072640064
680457.0 0.31652682809228616
681951.0 0.2894154064240325
514008.0 0.7258980417477997
680457.0 0.30375892056581333
514008.0 0.7216252757473859
714183.0 0.2031687092011128
688956.0 0.2630085495240793
714183.0 0.20424749972257272
680457.0 0.3029414919175652
714183.0 0.20837953955406593
714183.0 0.208846335970767
714183.0 0.20577601586752692
714183.0 0.20093637219394264
714183.0 0.20379730021537135
714183.0 0.20804622832805122
714183.0 0.20705601362128798
714183.0 0.20163396763723673
714183.0 0.20671101288043517
714183.0 0.20622588173579073
714183.0 0.20543929765156116
514008.0 0.7229977560671437
714183.0 0.2033556782197283
714183.0 0.20760689565393536
714183.0 0.20641391314214083
680457.0 0.3097370625249764
714183.0 0.20413122709349277
714183.0 0.20745443649856948
714183.0 0.20917675415968312
688956.0 0.26297804799599084
714183.0 0.20319557104497052
714183.0 0.20746994248602998
714183.0 0.20167348538519056
718617.0 0.20082087944811258
491580.0 0.8756138822350904
589635.0 0.5888850365256573
618990.0 0.5735289723774222
568437.0 0.6252253444349811
586710.0 0.6088257168576335
650733.0 0.5020958269418954
643335.0 0.5309812371976929
543030.0 0.633808560606178
534834.0 0.6457042913424862
628416.0 0.5569642147353695
552546.0 0.6333324483455278
502842.0 0.739993789403473
641016.0 0.552996189080144
651498.0 0.4829452612872745
525282.0 0.6810813660755126
559659.0 0.6300599601546399
659925.0 0.48235090494658545
494931.0 0.8155377144583726
511968.0 0.7354190985434141
493395.0 0.8376302438452694
662967.0 0.4275212510648525
623616.0 0.5572670385828603
528828.0 0.661973544418495
688479.0 0.2823676483925193
493353.0 0.8606479053432783
564744.0 0.6253352394761038
501564.0 0.757483396541931
621291.0 0.5721222856726605
666045.0 0.41109550072282813
522882.0 0.690920060072804
641823.0 0.5465769389766968
587058.0 0.6077332322122033
522405.0 0.7020274880466789
701196.0 0.22537450432209594
515496.0 0.7209018229115446
495480.0 0.7913667929764876
493488.0 0.8235749964972096
697299.0 0.23664013745900178
659946.0 0.46615318196698874
666462.0 0.39828027892018564
531816.0 0.6583135618130725
519150.0 0.7140138788838666
670314.0 0.3877794178511303
697863.0 0.2277039431829662
676743.0 0.3517805345683534
519696.0 0.7098325016856625
692649.0 0.23853072614705428
716115.0 0.206244541414431
706335.0 0.22469095272461084
675687.0 0.36471233140778364
497724.0 0.7614385592846699
690171.0 0.27004688888837997
491580.0 0.8651087072861507
679977.0 0.3299853116366761
660261.0 0.4342193353388651
660261.0 0.45130082804272226
681951.0 0.30839301198562397
707763.0 0.2235752034764145
709350.0 0.2172268641132855
676743.0 0.35860982720678014
684765.0 0.2938160700164911
710205.0 0.21466914112675864
692649.0 0.2469929275788843
660189.0 0.45685814545691394
660261.0 0.43120750740030545
681846.0 0.3138667585972312
674241.0 0.37160106520073544
684765.0 0.30543884615726763
713574.0 0.2144072080749761
674241.0 0.3728360172754152
679977.0 0.338643696040659
691278.0 0.2557148546274332
684765.0 0.28979326358422247
514110.0 0.7265329881796759
530430.0 0.6602381689377689
496350.0 0.7642936769808208
671892.0 0.3834018329326075
672240.0 0.3788291768022017
684765.0 0.30436965595441784
680391.0 0.32222193185799086
692649.0 0.244480072113744
680391.0 0.3281074152054398
680457.0 0.32067293226134624
684765.0 0.29661147173874464
501564.0 0.7594228018539779
670314.0 0.38455231979673693
690882.0 0.2652337249459681
691278.0 0.2574404293078409
672240.0 0.37760119602886477
666462.0 0.4020802907901225
680457.0 0.31839429024762467
679977.0 0.34057959136952537
666462.0 0.4080118360173259
679977.0 0.34594276622667064
514008.0 0.7353634901933158
714183.0 0.21270049818445494
531414.0 0.6601228457509697
660189.0 0.45202385256201927
690882.0 0.26862291759006385
679977.0 0.3452211047527972
672240.0 0.3808772486475552
691278.0 0.2613426145711141
666462.0 0.4052843039058451
690882.0 0.26916899517570686
691278.0 0.25873718432492415
670314.0 0.38626716453337895
714183.0 0.2092259911002062
714183.0 0.21181875979609072
666462.0 0.40586777137338853
684765.0 0.294655661594755
691278.0 0.2608062865831004
514008.0 0.7275693946990659
495588.0 0.7866749870857873
495588.0 0.7714708788908256
495588.0 0.7757607306707442
514008.0 0.733770093649634
495588.0 0.7772378372265853
495588.0 0.7728836695107417
684765.0 0.2964453950434119
495588.0 0.7650537563053916
514008.0 0.7321652994315971
514008.0 0.7290643689987177
495588.0 0.7896720559203398
495588.0 0.7667246962450306
514008.0 0.7314086735785549
495588.0 0.7673851414211955
495588.0 0.768282297642411
495588.0 0.7788336592029391
495588.0 0.7704525195544109
514008.0 0.730341196142969
495588.0 0.7886557043385115
495588.0 0.7862100397028583
495588.0 0.7798240430654813
495588.0 0.7749779738625372
714183.0 0.21075102693843678
714183.0 0.20982461618418013
495588.0 0.7689167492529542
495588.0 0.7783699800679176
495588.0 0.781438184406538
714183.0 0.2122072193221003
495588.0 0.7907923070188861
714183.0 0.21335851326848781
495588.0 0.787170459338468
495588.0 0.7833395939530953
495588.0 0.7694700935143249
495588.0 0.7854942687407741
495588.0 0.7903821701297584
495588.0 0.7878041177542895
495588.0 0.7825783790120248
495588.0 0.7699213835420512
514008.0 0.7343176384430111
514008.0 0.7319008954908018
514008.0 0.7351999969161405
679977.0 0.3454604624736681
495588.0 0.7807842041044112
514008.0 0.729685357753651
495588.0 0.782309351420126
514008.0 0.7346264131043502
495588.0 0.7667398423106755
714183.0 0.21272703950145092
495588.0 0.7778270844585715
495588.0 0.7734884771366635
495588.0 0.7818125806969669
714183.0 0.2112443279362254
495588.0 0.7740302868317555
495588.0 0.7647876965554565
495588.0 0.7778932307859832
495588.0 0.7735342816708434
495588.0 0.7741171170440839
495588.0 0.770235559469862
495588.0 0.774566070042688
495588.0 0.7845844515644748
495588.0 0.7884947903935788
495588.0 0.7645034326256411
514008.0 0.7294253176173685
495588.0 0.7691259140995723
714183.0 0.20940882592421833
495588.0 0.7866454526159595
495588.0 0.7849723138307986
495588.0 0.7803630647292558
714183.0 0.21092537542625167
495588.0 0.7807203446162009
714183.0 0.2096820953790168
495588.0 0.7852333478554987
714183.0 0.21378672336103893
495588.0 0.7816781190862254
514008.0 0.7302221631168195
495588.0 0.784046419888523
495588.0 0.7881559880682577
495588.0 0.7746391996771694
714183.0 0.21399645551915172
495588.0 0.7904992170473109
495588.0 0.7800685348720237
514008.0 0.7345343432168902
495588.0 0.7869717904287035
495588.0 0.7868631366691098
495588.0 0.7842678305156634
495588.0 0.7802974158338519
514008.0 0.7299491515685497
714183.0 0.2111733336105088
495588.0 0.7837853970704486
714183.0 0.21418002130996175
514008.0 0.7299686276074497
495588.0 0.7850128614422003
495588.0 0.7854202479404216
514008.0 0.7295515505577942
495588.0 0.782499346926771
495588.0 0.7799665493752398
714183.0 0.2135869885845862
714183.0 0.21359295006468915
495588.0 0.784460738624447
495588.0 0.768992059238248
495588.0 0.7879487397027228
714183.0 0.2141277264531028
495588.0 0.7836131177415959
495588.0 0.7833847779211871
495588.0 0.7835051833466447
495588.0 0.7839014078892375
495588.0 0.7880708528194021
495588.0 0.7843420685829735
495588.0 0.7879951659360067
495588.0 0.7843902551526281
495588.0 0.7904568623405681
495588.0 0.7838936840196167
495588.0 0.7835410136608932
495588.0 0.7881418073439272
495588.0 0.7825660227575624
495588.0 0.7689343922005557
495588.0 0.7746291071699665
495588.0 0.78360278016728
714183.0 0.21120853771616485
495588.0 0.7866498870876838
726726.0 0.20349234243496692
493614.0 0.838143863200883
590190.0 0.5942986557441516
619230.0 0.578992233093283
623682.0 0.5585104843088078
576333.0 0.6313502609378246
550974.0 0.6338546697957659
570000.0 0.6316427202995877
642825.0 0.5476269089267013
651288.0 0.5290250550088124
494949.0 0.8201289026903574
662034.0 0.44987225212740534
643728.0 0.5468267443362983
655008.0 0.5085961459038058
539235.0 0.6646407562204217
525978.0 0.7069597941895173
657045.0 0.4882563448252348
543414.0 0.6446989295110581
520134.0 0.7120887941314759
497322.0 0.779410081927559
666462.0 0.42302555036507233
546621.0 0.6397656284603951
541125.0 0.6595124955078717
497952.0 0.7642263363668013
698256.0 0.23037150211570945
668901.0 0.40936581533958627
709887.0 0.22211880758772426
702411.0 0.22654526061099134
503463.0 0.7523477358180475
502344.0 0.7620917285530731
666462.0 0.44267878691483425
718395.0 0.20659810192163777
722361.0 0.20415749514363496
528933.0 0.675923122007237
684765.0 0.30943964634393023
495486.0 0.7966913450518243
519084.0 0.7226445425956224
507843.0 0.7440775926760802
526446.0 0.6861978171811128
660258.0 0.48680256089676377
531174.0 0.672606551663622
526098.0 0.6916596544604112
660261.0 0.4677869453922072
676875.0 0.3644930476677447
670314.0 0.400574857158365
510024.0 0.7404976167443522
516372.0 0.7266880557868212
660261.0 0.47416446800585904
692649.0 0.25636746884694367
652929.0 0.5192646813609011
675687.0 0.37168225751915684
714846.0 0.2094886449151409
692649.0 0.26757700325029216
693507.0 0.2536110648234398
653853.0 0.5175814652764111
514770.0 0.7310901199093831
686622.0 0.2923326189302523
688479.0 0.29037186908185736
680457.0 0.3244696391515727
672240.0 0.38682623064265365
684825.0 0.2988739978408836
690882.0 0.27411989589054797
513900.0 0.7370317746113801
679977.0 0.3520668122709029
693507.0 0.24166376775927334
674241.0 0.3786889617653829
495588.0 0.7919538923765634
676875.0 0.3546597046209486
684765.0 0.3124637132411362
688956.0 0.2838416085049013
701520.0 0.23035960022525842
693507.0 0.25296149239339494
531174.0 0.6694721755776685
671157.0 0.39450398092158373
684825.0 0.2953202108782536
693507.0 0.239309358691452
503463.0 0.7471116494455244
688956.0 0.28335256520168445
674241.0 0.3812088065941204
671892.0 0.3930592494239211
684765.0 0.321636533479692
676875.0 0.36771089292569964
666462.0 0.41844853783319363
713967.0 0.21498749896246197
666462.0 0.4218164039690378
712167.0 0.21951239047074123
680391.0 0.33981540397342913
690882.0 0.27397881771498717
680445.0 0.3318512542999949
710247.0 0.2200444994650677
714201.0 0.21305873692446847
672240.0 0.38409727207469585
680391.0 0.3442402883852902
690882.0 0.27061224277452356
660261.0 0.47144366797168136
701520.0 0.22716306557594582
712050.0 0.21971881643106522
495588.0 0.7921785900618004
514008.0 0.7355270095913954
680391.0 0.3412999416061603
680391.0 0.34770955311500756
680391.0 0.3485502247320056
513900.0 0.7403687569962997
680391.0 0.35056664220240297
680445.0 0.32932622091489394
680457.0 0.32601754218750256
666462.0 0.41970864728595375
531174.0 0.6733624201426668
514008.0 0.7364120864826686
531174.0 0.6704348325457776
684765.0 0.32296684319818664
680445.0 0.33142403786274854
693507.0 0.23942833638434216
531174.0 0.6724788977942636
680445.0 0.3278960213594841
680445.0 0.3279423891287886
714183.0 0.21445335323855597
495588.0 0.7959712874396491
495588.0 0.7944314084160999
495588.0 0.7953131919668759
714183.0 0.2148862072594341
514008.0 0.7355584593628519
495588.0 0.796574929026919
495588.0 0.7937333548020844
495588.0 0.7943268863946532
495588.0 0.7953588398691843
495588.0 0.7933356190938133
514008.0 0.7364963126932306
495588.0 0.7931603502469793
495588.0 0.7928408714633769
514008.0 0.7367606264020566
495588.0 0.7923441389786232
495588.0 0.7926545964375402
714183.0 0.2146798711592482
495588.0 0.7936240483955077
514008.0 0.7366257191497287
495588.0 0.7921278316739846
495588.0 0.7927147677745003
495588.0 0.7919822410535182
495588.0 0.7934664069076961
495588.0 0.7922602952815121
714183.0 0.21460134263670413
714183.0 0.21451567864409685
495588.0 0.7933962435077253
714183.0 0.2144786411074155
495588.0 0.7934253589088613
495588.0 0.7934539410492916
495282.0 0.8205232925484655
726387.0 0.2060751126712335
617019.0 0.5947101299441404
581733.0 0.6327756875077415
638511.0 0.5680593396373755
599808.0 0.59924665939813
650562.0 0.5536096200655798
624186.0 0.572991036901909
657720.0 0.52264295785323
591957.0 0.6266025873729453
552546.0 0.6380553509293335
666462.0 0.45626314586240463
651642.0 0.539434618805512
660609.0 0.4728760246481582
566316.0 0.637149476217183
568890.0 0.6353791863980696
630969.0 0.5694521515610919
716223.0 0.21317377363467208
539610.0 0.6671271706105847
660261.0 0.5006721501163784
524670.0 0.7121253048670123
520362.0 0.7185711372817432
547554.0 0.6424397757121184
531480.0 0.6709233965245543
592215.0 0.6015779896483289
503859.0 0.7479538414384115
526248.0 0.6957656225548491
499872.0 0.7650336465905067
545904.0 0.654491984839592
543822.0 0.6629002247286031
497991.0 0.780098402993462
660261.0 0.4888981981550603
667923.0 0.441135304804984
518268.0 0.729425035004756
511968.0 0.7469305372846458
497490.0 0.7874954903202851
594576.0 0.6004394936479189
680445.0 0.3435160507472664
688956.0 0.29375787416062404
530583.0 0.6767080923976964
529086.0 0.6844596659952882
667923.0 0.43157948092667414
527046.0 0.6871899383279595
706335.0 0.22706879809315744
502935.0 0.7625475871199847
693801.0 0.25553935699376723
668901.0 0.4253057743544214
679977.0 0.3597756230838376
503586.0 0.7574019857698497
672240.0 0.3941151744384458
495492.0 0.8056507033580792
696090.0 0.24916848496940044
679971.0 0.36393080041854875
675687.0 0.38073201830485653
515820.0 0.731441790707945
693453.0 0.26420555825923286
671157.0 0.4028228729812093
684765.0 0.3274989154330047
690171.0 0.28496400876344874
684825.0 0.31155186557265707
702111.0 0.2318779349648925
674241.0 0.38594784494085327
685122.0 0.30327187928891397
681951.0 0.3297813170440689
679971.0 0.3683623316258075
709959.0 0.22393676304540935
670314.0 0.41412424852703067
676875.0 0.377323169258345
676875.0 0.3766648449500768
684825.0 0.3230875500007019
693453.0 0.2724975174786054
699711.0 0.23520832859594443
680457.0 0.33911112202190935
673704.0 0.38879934335919747
692649.0 0.2792512330844167
699711.0 0.24091358910163477
686622.0 0.30037971573757655
515490.0 0.7366429656453463
692649.0 0.27566725176831275
670314.0 0.4093942095420195
495588.0 0.7970714218983662
680457.0 0.3323488491093768
688956.0 0.30036702494727807
712215.0 0.21953501346778523
697299.0 0.24132285553094512
671157.0 0.40607945968465486
712215.0 0.22316418813128586
684825.0 0.30987015722379235
714063.0 0.2168514065433257
703587.0 0.22932723413221312
703713.0 0.22768728733686652
670314.0 0.42060324382918346
697299.0 0.24451496142948695
710928.0 0.22350168954100777
673704.0 0.39294239774052303
681342.0 0.3315708154671689
670314.0 0.4180750865693738
714183.0 0.21542139809167038
709959.0 0.2265955219653189
699711.0 0.23706944110319314
679977.0 0.3607934218697235
692649.0 0.2842015558904439
693507.0 0.2600662364379338
495588.0 0.8009336883511431
691278.0 0.284583664872902
512841.0 0.7436634550019768
693507.0 0.25966404984456326
697023.0 0.2483012750630317
684825.0 0.3233154624655224
512640.0 0.7448493552730304
514008.0 0.7428123916882577
512172.0 0.746151136174855
697299.0 0.24775035012238844
685122.0 0.3006422001420528
690882.0 0.2847865885217714
513984.0 0.7436568350790639
703587.0 0.23185759234374065
714183.0 0.21527030370564976
703713.0 0.22786094215702993
514008.0 0.7374602439236474
514008.0 0.7389470015104516
495588.0 0.8023076668196673
495588.0 0.7987068541333668
514008.0 0.7408785119589291
495588.0 0.799267359659604
495588.0 0.8030768589418852
514008.0 0.7415443441328523
495588.0 0.8018120443590043
495588.0 0.7980235281307291
495588.0 0.7996557209625731
495588.0 0.8032932388668385
514008.0 0.7399491449032756
495588.0 0.8040935636961414
495588.0 0.8044975174682074
495588.0 0.7974865441114136
495588.0 0.799080695614474
495588.0 0.8001386100506358
495588.0 0.7979906466225563
495588.0 0.8037932028543073
514008.0 0.7404127077383302
495588.0 0.8052726651731393
514008.0 0.7424367635423562
514008.0 0.7370535120871451
514008.0 0.7435265203819412
514008.0 0.7395350004215239
514008.0 0.7431720606269909
699711.0 0.24125516805397657
714183.0 0.2157642405157806
514008.0 0.7406990907798731
714183.0 0.21533760119953207
514008.0 0.7393067474159616
495588.0 0.8010554783825872
495588.0 0.8005042383803012
514008.0 0.7427698489103332
514008.0 0.7371728186810268
495588.0 0.8015673443897756
495588.0 0.7974043371759052
514008.0 0.7423029525233689
495588.0 0.7999391216024844
495588.0 0.8006961768725837
514008.0 0.743101368485836
714183.0 0.21642507467160155
514008.0 0.7418666459746587
495588.0 0.8013404400654154
514008.0 0.742868579277654
514008.0 0.7404795850728548
514008.0 0.7416194192721632
495588.0 0.8046845887536664
495588.0 0.803886095646219
514008.0 0.7391484041015826
514008.0 0.7397450592812405
714183.0 0.21630083304387784
714183.0 0.21660190720642336
514008.0 0.7421120101191632
514008.0 0.7418191150231047
495588.0 0.8051344875492434
495588.0 0.8014543032460452
495588.0 0.804770562892895
714183.0 0.21601998740212192
714183.0 0.216162615620008
495588.0 0.8031607744364985
514008.0 0.7397978958857054
514008.0 0.7390403341331386
495588.0 0.799962626149354
714183.0 0.2158410275573233
514008.0 0.7421151715484375
495588.0 0.8049010434766374
495588.0 0.8006282279677138
714183.0 0.2167651912453971
714183.0 0.21667552452916966
495588.0 0.8050323662995738
514008.0 0.7435594538504386
495588.0 0.800517215996419
514008.0 0.7371015941170463
495588.0 0.8013471134376225
714183.0 0.21608537957136037
495588.0 0.8009594210266389
495588.0 0.8038257234754786
495588.0 0.804955224311134
495588.0 0.8030843589106109
714183.0 0.2153950881452494
495588.0 0.7974068043282955
495588.0 0.804991325220475
714183.0 0.21582541224173538
714183.0 0.21532671163535483
714183.0 0.21605649318170744
495588.0 0.8009593093189974
728265.0 0.2062686133421894
495360.0 0.8227561012411521
625500.0 0.5788350432192141
635871.0 0.5700251710317131
593754.0 0.6260390041448697
575079.0 0.6384719478748948
587316.0 0.6366376415786659
564402.0 0.6390881803883671
662955.0 0.49008560485558417
661383.0 0.5098517003159228
603105.0 0.5997935038879539
598539.0 0.6009520514218318
646896.0 0.5690076359078684
617151.0 0.5977003947853213
503664.0 0.7611183511449592
499068.0 0.7804515980726472
618468.0 0.5958426551655165
670314.0 0.4773159591631255
552810.0 0.6394842973903919
652449.0 0.5680842937433205
544512.0 0.6703874508401667
670314.0 0.4288375479207551
670314.0 0.4498067478888023
547350.0 0.6550997862190773
659856.0 0.535267675612577
654150.0 0.5499305477358073
499068.0 0.793737830427031
726759.0 0.2080476489890895
719982.0 0.21410350901219727
526311.0 0.7168306212275913
532530.0 0.6771854191504751
654615.0 0.5413894315455374
526452.0 0.6973025266829712
684663.0 0.33239849282850376
539694.0 0.6709110404378015
503868.0 0.7495256541924062
549150.0 0.6476348245320508
495732.0 0.7993037776518201
690171.0 0.29895608256428624
687195.0 0.30282818395701266
527187.0 0.6877337610587194
659364.0 0.5387902429296901
539694.0 0.6739619972903874
673704.0 0.39704508687969875
680457.0 0.3583128130655359
698256.0 0.24339532226277255
551307.0 0.6437663357615686
671157.0 0.41500481887496743
530832.0 0.683306321251106
670314.0 0.4419995482593117
676875.0 0.3815932897162456
685167.0 0.30706701729815966
684897.0 0.3179569564198069
679977.0 0.36901392926961774
701835.0 0.2355554371761577
690882.0 0.29120079447737834
693720.0 0.2744651099631701
522732.0 0.7270993758474211
697527.0 0.2484222481691639
684825.0 0.33037479385480734
507354.0 0.7490776554404738
514710.0 0.742659790909853
508410.0 0.7482513983128313
517518.0 0.7399232096188546
680457.0 0.3439482056441374
717534.0 0.21544858099620207
700863.0 0.23932119817009517
695139.0 0.2683851827818343
525768.0 0.7238874814382407
518772.0 0.7296990499632353
706839.0 0.22877172213747576
511908.0 0.7480026357426383
673704.0 0.405415647202459
680457.0 0.353491220190353
670314.0 0.4359688726782692
691278.0 0.2872584251625792
521856.0 0.7290685339382295
713931.0 0.21981641094011672
712227.0 0.22389885633708123
697023.0 0.25759352117317
673704.0 0.4133001031025274
709350.0 0.22811436583205416
714183.0 0.21894621711269147
704451.0 0.2305813243187478
685167.0 0.31313279259416965
526248.0 0.7237403360614917
671157.0 0.4135926946784254
697299.0 0.25505915256586553
705027.0 0.22882830760336534
675687.0 0.38802980176633955
527148.0 0.6942970713587489
680457.0 0.34749714075893146
695139.0 0.2605259403791315
718389.0 0.21507374346647015
710340.0 0.22464606444605092
675687.0 0.3917242234746444
495588.0 0.805918550086825
680391.0 0.36070991451358897
670314.0 0.4310153023887553
693453.0 0.28092416958041094
695139.0 0.2665983226867899
675687.0 0.3895467920961856
693453.0 0.2783371066439121
518124.0 0.738634686966428
700863.0 0.23738551641421388
518226.0 0.7354177291215938
695139.0 0.26180015410228924
679977.0 0.3650543296957076
673704.0 0.408950301622898
712227.0 0.22458520136118468
692649.0 0.28515634793659056
685122.0 0.31562152609292826
512790.0 0.7458507930274908
693453.0 0.28326489012794215
676743.0 0.3866739213962841
527124.0 0.6956207646670894
679977.0 0.3779104005033697
679977.0 0.37676821371870683
531174.0 0.6782145578500414
676875.0 0.38560625609023913
679977.0 0.37309310957570796
518712.0 0.7329594374473642
512790.0 0.7479233972548676
710022.0 0.22632449230492424
673704.0 0.41117647172100275
679977.0 0.3641911896845788
522024.0 0.7282283323450475
692649.0 0.28526662657199064
679977.0 0.37212441588008893
518643.0 0.7339346446039635
704451.0 0.2322208866295392
514008.0 0.7443673204714887
709959.0 0.22799047429122019
680457.0 0.3454402551629842
531174.0 0.6792867977002979
704451.0 0.2318321550684193
531174.0 0.6809507603531633
514008.0 0.7450036879824796
697299.0 0.2570427426403233
684825.0 0.33139947664922054
697299.0 0.25603139783800843
531174.0 0.6806655963117125
714183.0 0.21696700567473862
684765.0 0.3322308004677934
676875.0 0.38625243938012077
514008.0 0.7437769332795174
495588.0 0.8111693181474908
704451.0 0.23092652007638773
495588.0 0.8205026522087324
531174.0 0.6783330646313536
495588.0 0.8215398360358033
495588.0 0.8152183053181253
714183.0 0.21851331979331778
495588.0 0.8076301284754003
495588.0 0.8168154757060841
495588.0 0.8118884900191488
495588.0 0.8137682753491622
495588.0 0.8146045011489605
495588.0 0.81913579020048
495588.0 0.81578976288646
495588.0 0.8123220991672129
495588.0 0.819967707771352
495588.0 0.8065029843712218
495588.0 0.8132549423456575
495588.0 0.8091807980772059
495588.0 0.8106283477990068
495588.0 0.8162803953425727
495588.0 0.8139789820633059
495588.0 0.8224455015802022
495588.0 0.819565734097128
495588.0 0.8143101692864239
514008.0 0.7445235966916453
495588.0 0.8179983821610897
495588.0 0.808908220200615
514008.0 0.7448685288486442
495588.0 0.8178511730970051
495588.0 0.8163734163335291
714183.0 0.21801172267448612
495588.0 0.8155125997606226
495588.0 0.8081781241697227
495588.0 0.8100029386092851
495588.0 0.8119312627908849
495588.0 0.8194463422898759
495588.0 0.8171484149157701
495588.0 0.8187629711434652
495588.0 0.8084765981738189
495588.0 0.8129455000522148
495588.0 0.809786985254425
495588.0 0.80744612204602
495588.0 0.8094720844089103
714183.0 0.21932850221593125
495588.0 0.8102332118554194
495588.0 0.8183384629428515
714183.0 0.21910312985407107
495588.0 0.8215656338397498
514008.0 0.744076718180975
495588.0 0.807958535096238
495588.0 0.8072209648284502
714183.0 0.21759051954154932
495588.0 0.8067730167024637
714183.0 0.21727367973318226
495588.0 0.8175200710034511
495588.0 0.8127068562958207
495588.0 0.822214881008882
495588.0 0.8076488171436442
714183.0 0.2182097760955132
495588.0 0.8172453558895569
514008.0 0.7454177539081671
495588.0 0.8095849899168391
495588.0 0.8184747793753219
495588.0 0.8103881222665031
495588.0 0.8144951864360112
514008.0 0.7441525366254762
495588.0 0.8125360774999598
714183.0 0.21773703016365745
495588.0 0.8156720028735698
495588.0 0.8065176905255793
495588.0 0.8174691242184613
495588.0 0.8216389640297831
714183.0 0.21710080695182282
495588.0 0.8218340455042312
514008.0 0.7452026412374121
514008.0 0.7456241180255182
495588.0 0.8221153234180636
495588.0 0.8131256600536223
714183.0 0.218706332074205
495588.0 0.8186854302979346
714183.0 0.2187519098432648
514008.0 0.7458278118572883
495588.0 0.8086959588735793
495588.0 0.8080239297877566
514008.0 0.7452578088532427
495588.0 0.8201651943230353
514008.0 0.7455737086203346
714183.0 0.2189340625702745
495588.0 0.8203111368284906
495588.0 0.8105283403352584
495588.0 0.8219692618582521
495588.0 0.8069097170065199
714183.0 0.21950113976154964
714183.0 0.21833958300669648
714183.0 0.21724117263053017
495588.0 0.8126100211067862
714183.0 0.21963936921203753
714183.0 0.21838316568349492
495588.0 0.8070632278997419
495588.0 0.8070736976056254
495588.0 0.8201819038207288
495588.0 0.8068871044912408
495588.0 0.8183811265983284
714183.0 0.2195256157696947
714183.0 0.2176443368466997
714183.0 0.21697762336558918
495588.0 0.8204169368575519
714183.0 0.21850421132566278
495588.0 0.8131860287873667
495588.0 0.8086006283439056
714183.0 0.2197345495985466
495588.0 0.8203695829062706
495588.0 0.8218939591355003
714183.0 0.21969538900849025
495588.0 0.8163385485715399
714183.0 0.2177258113318812
495588.0 0.8086394379290038
495588.0 0.8105712562254103
495588.0 0.8219336291999872
495588.0 0.8215656338397498
495588.0 0.8187066560718604
495588.0 0.8086845063106317
495588.0 0.8175151192807578
495588.0 0.8086027577175129
495588.0 0.8106058430562229
495588.0 0.8215656338397498
714183.0 0.21950314513971042
495588.0 0.8106058430562229
495588.0 0.8187055338891266
