730785.0 0.12680838388525797
461163.0 0.7650170970234138
618372.0 0.4784701533913346
535269.0 0.5764843080703614
572274.0 0.564317529929349
490680.0 0.6888445325914826
506784.0 0.6382898635652576
605790.0 0.524736194479236
639363.0 0.45963019508105235
572274.0 0.5473710120108082
491565.0 0.6432133129410981
601437.0 0.5443701735317124
520500.0 0.6121789360207542
520500.0 0.5885761572127695
718713.0 0.15497055678212932
470013.0 0.7447903786199122
694527.0 0.19988341050401057
681951.0 0.23358388498169488
661791.0 0.35459118522665506
474312.0 0.7125803243827586
705558.0 0.1584792541057927
644196.0 0.4499142273589173
703458.0 0.17696654738806883
681951.0 0.22880343872600123
680391.0 0.28524804675826965
697698.0 0.19256012623906973
660189.0 0.3900442430796381
602331.0 0.5316992192628827
649575.0 0.43144399460955213
681951.0 0.201957850684131
649407.0 0.44356883825892657
671157.0 0.34476966424029887
474045.0 0.7312471487713131
705558.0 0.16593808459848847
671157.0 0.3210756973484293
697698.0 0.1832726878597089
649575.0 0.4145413860926667
661791.0 0.3707531590529208
724884.0 0.15356649402064565
649575.0 0.39687886353825347
474303.0 0.7131336595872749
660189.0 0.3851459925363636
671157.0 0.2993273038479797
474312.0 0.703703491549958
472305.0 0.7433381046960181
472344.0 0.7339297700639826
660189.0 0.3726911870549171
726759.0 0.1383875631082128
671157.0 0.291434524040199
681951.0 0.2540485720857182
671157.0 0.3374684870158249
681951.0 0.2438823417840357
572274.0 0.5665730424679624
649575.0 0.4338547969857109
671157.0 0.3201229330750119
681951.0 0.2601164699013196
671157.0 0.3093620960365735
671157.0 0.3300132802362286
726759.0 0.15284208987103884
680445.0 0.2826318831426306
681951.0 0.24638936078608992
671157.0 0.30855178951373113
671157.0 0.34814472015188125
649575.0 0.427840276403585
726759.0 0.14093229300084398
649575.0 0.42067513705294607
681951.0 0.27870983896762996
681951.0 0.26567658408101313
671157.0 0.3436515837424085
474312.0 0.7092847214301097
726759.0 0.1473236546477911
649575.0 0.41940036060524954
681951.0 0.2697165616419731
474312.0 0.7053204162512529
660189.0 0.3910780979300759
726759.0 0.15009398298987436
671157.0 0.32559150279786636
681951.0 0.27346277459061835
649575.0 0.3946661896009772
671157.0 0.32122983229265634
671157.0 0.32621368288030655
681951.0 0.2677199169571809
649575.0 0.42995828873883735
660189.0 0.3919641994722009
681951.0 0.2779718552689486
681951.0 0.2746562082732407
726759.0 0.14970157724332092
726759.0 0.14764604739473416
681951.0 0.2746432108383927
726759.0 0.15180989986462953
726759.0 0.1521803916675166
660189.0 0.39023400371168154
726759.0 0.15111030630020417
726759.0 0.15048121535371042
726759.0 0.15342279312836882
726759.0 0.15094854783326278
681951.0 0.27835525615592593
681951.0 0.2782101492786332
660189.0 0.3900896122341839
730785.0 0.14604739936102903
730785.0 0.15121561521468252
461412.0 0.8104123077084623
516003.0 0.6491296895149838
499098.0 0.6667477569034245
581250.0 0.5866711879221268
527094.0 0.6197390392868968
535269.0 0.608223614492243
622848.0 0.5434395926333369
604464.0 0.5454460241229582
641811.0 0.4879668788987903
633282.0 0.5122524705883794
560220.0 0.5870019586589957
555666.0 0.604572433957296
588861.0 0.5644216209356214
631707.0 0.5325090836946238
659748.0 0.4260195545167274
486168.0 0.7079651114066282
472122.0 0.7570369255329528
495012.0 0.6906505494679159
469512.0 0.76971207132316
685122.0 0.24894843345991982
698553.0 0.19919488786305
491649.0 0.6962676957605612
701532.0 0.18686878800587917
593298.0 0.5480386245186731
478338.0 0.7123438870700973
468420.0 0.7953393338651416
717027.0 0.15877651936996492
666462.0 0.3674921143782328
466464.0 0.7971990220957609
474096.0 0.7327370910427565
685122.0 0.2191466785370306
713874.0 0.16814309971872854
559830.0 0.6014498702611119
649575.0 0.4765289733568645
722541.0 0.15538505784302767
649575.0 0.4677679467483925
593298.0 0.5561030482499286
691278.0 0.21879176653840274
660261.0 0.3762066640275635
691278.0 0.20987048569853906
705225.0 0.17742214127681488
649575.0 0.4458464939284842
709875.0 0.17077952325216444
683733.0 0.28262569828745776
672240.0 0.32229255875654306
660189.0 0.3975996187841357
672240.0 0.34038091819505184
676875.0 0.3113972671651395
671157.0 0.363305479302273
706083.0 0.17269883737691283
698553.0 0.2081576034774115
672525.0 0.31744647840472723
683733.0 0.26999515884555453
660189.0 0.4014115986363897
676875.0 0.31601205587919645
676875.0 0.2986677395682307
672240.0 0.3489401688661799
660189.0 0.41518790232859726
672240.0 0.35948343256315907
661791.0 0.3751555198392176
680457.0 0.28495357620792483
728799.0 0.15141416634914107
649575.0 0.48063546335543866
680115.0 0.2966007862635793
726759.0 0.153608856585716
474312.0 0.7315950077313293
660189.0 0.41640063485797346
685122.0 0.25683796513773643
649575.0 0.45879453079716664
683733.0 0.2658590816546739
649575.0 0.46634212589580515
680445.0 0.29232533311027564
661791.0 0.37272941407229787
474312.0 0.7282927002919418
474312.0 0.7240848857001918
685122.0 0.26181923166225557
649575.0 0.4715031307640694
649575.0 0.4500282176054954
661791.0 0.37507748275336245
680445.0 0.28790638455264667
474312.0 0.7149747430363773
685122.0 0.251440913801278
649575.0 0.45747122706002086
680115.0 0.2956130819294826
726759.0 0.153608856585716
685122.0 0.2611621378939429
474312.0 0.721866059673113
672240.0 0.34471939500835574
676875.0 0.31190438578969115
672240.0 0.3442092859618804
474312.0 0.7181554351774173
649575.0 0.45369393784839696
649575.0 0.4700830755959085
474312.0 0.7191924764328582
649575.0 0.45206751918863697
685122.0 0.2645263741891677
474312.0 0.7310708800268318
680445.0 0.2870681062908084
660189.0 0.39926672763881144
730785.0 0.1501676707864714
660189.0 0.39862844325077335
672240.0 0.36010567503037055
730785.0 0.14827656545257206
685122.0 0.25053175770702935
726759.0 0.153608856585716
672240.0 0.3615075156274435
672240.0 0.36191142774493723
730785.0 0.14734152035968942
649575.0 0.4535114993915843
676875.0 0.3163473028673865
649575.0 0.46651987665428696
685122.0 0.26515093724674094
649575.0 0.46773524514195136
660189.0 0.4159789241783102
726759.0 0.15379685648299424
474312.0 0.7317731245683395
726759.0 0.15484947172388888
730785.0 0.14769067244782078
685122.0 0.2511923604879106
474312.0 0.7313832152026511
726759.0 0.15506950830271451
685122.0 0.2513386523492323
726759.0 0.1536707646662644
649575.0 0.45368994953269565
726759.0 0.1549081337937407
726759.0 0.1550124793064905
726759.0 0.153608856585716
726759.0 0.153608856585716
726759.0 0.153608856585716
726759.0 0.153608856585716
726759.0 0.153608856585716
726759.0 0.153608856585716
726759.0 0.153608856585716
726759.0 0.153608856585716
726759.0 0.153608856585716
726759.0 0.153608856585716
726759.0 0.153608856585716
726759.0 0.153608856585716
726759.0 0.153608856585716
726759.0 0.153608856585716
726759.0 0.153608856585716
726759.0 0.153608856585716
726759.0 0.153608856585716
726759.0 0.153608856585716
726759.0 0.153608856585716
726759.0 0.153608856585716
726759.0 0.153608856585716
726759.0 0.153608856585716
726759.0 0.153608856585716
726759.0 0.153608856585716
726759.0 0.153608856585716
726759.0 0.153608856585716
726759.0 0.153608856585716
726759.0 0.153608856585716
726759.0 0.153608856585716
726759.0 0.153608856585716
726759.0 0.153608856585716
726759.0 0.153608856585716
726759.0 0.153608856585716
726759.0 0.153608856585716
732825.0 0.14950478262738956
465366.0 0.8609159138623024
649872.0 0.47312886390581593
470079.0 0.7769023618428
576132.0 0.587911697493493
528846.0 0.6212722509827636
599439.0 0.5786906551136864
551673.0 0.6211788098900205
639861.0 0.5278896025540926
527202.0 0.654329292148443
503010.0 0.680473528619452
478164.0 0.7187147718699556
610284.0 0.5553636174229862
566376.0 0.6011930167485312
653298.0 0.44731123782889953
491277.0 0.7121828282886299
606027.0 0.5768007004417604
516162.0 0.6633677705635631
495096.0 0.6962736596181188
514008.0 0.6761793223530128
559830.0 0.6141528263123138
622275.0 0.5550568132490552
709599.0 0.174051651389337
674241.0 0.3188480296209741
559830.0 0.6050881362651837
637197.0 0.5395304299677707
472344.0 0.764572776555774
632115.0 0.5407664469482645
493821.0 0.7008169503092373
714051.0 0.1720808730962938
623931.0 0.5539103867075934
629988.0 0.550999707140968
706083.0 0.18485299435352973
661791.0 0.39343845055877624
660189.0 0.42865274299648554
666462.0 0.37487838300173054
722535.0 0.16292793768677122
678678.0 0.3156468446517366
684765.0 0.27895692788996485
688956.0 0.23212368470022907
718026.0 0.17119959408207208
685122.0 0.27163826927085705
697698.0 0.21455177303099696
638658.0 0.5287373326703729
514008.0 0.669981244787588
705558.0 0.19474723747938436
474093.0 0.7586956190194257
660189.0 0.44060935406955704
674241.0 0.33473988330485643
688956.0 0.2452148611882944
726633.0 0.15793955543331423
474168.0 0.7518878500501558
629994.0 0.5467193983723907
691278.0 0.22172561601150242
474312.0 0.7336222319891418
681951.0 0.2957588748331668
694527.0 0.21855169082559678
670314.0 0.37283346287486935
474210.0 0.7431100900749281
703854.0 0.19908730798352434
703458.0 0.20351337669632097
688956.0 0.24994314796516343
661791.0 0.38403810016405204
688956.0 0.2486254650809109
670314.0 0.3700831948588447
672240.0 0.3643958848158807
688956.0 0.2626952855880626
730683.0 0.15369937639255055
666462.0 0.3835866760815877
700863.0 0.21275640192261178
694527.0 0.21472457535764775
674241.0 0.3520478349937129
660189.0 0.42993781026382905
720609.0 0.1706644781838636
705558.0 0.18598636156942958
474312.0 0.7348588685543374
701532.0 0.2121563482771658
660261.0 0.41986442658248363
726759.0 0.15597937450368152
701532.0 0.20690775263553582
688956.0 0.22620706472620425
680115.0 0.31404114825589563
660261.0 0.4158095411015673
730785.0 0.15281810092026277
681951.0 0.2871280460019826
660261.0 0.4267340079915561
666462.0 0.3835460780841784
660261.0 0.39782845955052143
685122.0 0.2757168214696661
674241.0 0.34583085503788413
672477.0 0.353305849089298
674241.0 0.34005480489227724
680115.0 0.3083228399546865
688956.0 0.24876385533106327
722031.0 0.17022113933951744
660261.0 0.4104883463806834
660261.0 0.4020183310865117
660261.0 0.40481738329627875
474210.0 0.7374047648362775
681951.0 0.28985365884640135
680115.0 0.3071061751061945
680115.0 0.30234924157361365
680457.0 0.2978699259084113
674241.0 0.34378585906092457
660261.0 0.40876945528732805
681951.0 0.2880737825228462
722343.0 0.16726201377255642
672477.0 0.3604062480262281
688956.0 0.26707884983409924
672477.0 0.3569937111402043
688956.0 0.2221341414477307
661791.0 0.3935182894145666
672477.0 0.3552151800461803
674241.0 0.3359360117495953
660261.0 0.3978916579563623
672477.0 0.3623340942091434
722100.0 0.16731064208337781
688956.0 0.26421966050666984
680445.0 0.299359306024836
694527.0 0.22119970396969507
688956.0 0.2664220051213699
726759.0 0.15564634233175095
680445.0 0.3012727215305967
680457.0 0.2975295136079829
680445.0 0.30018756430205584
680115.0 0.31433871470969393
681951.0 0.2887768720779637
688956.0 0.2630085495240793
474312.0 0.7368789384694818
730785.0 0.15335084560839476
674241.0 0.335457647503994
681951.0 0.2894154064240325
474312.0 0.7361733513141806
726759.0 0.15775224804655605
474312.0 0.7341835514703556
474312.0 0.7344013583369163
726759.0 0.15717733139006038
726759.0 0.15667766529629337
474312.0 0.7357597173703359
474312.0 0.7339669582227288
474312.0 0.7352620990672502
674241.0 0.33586329074266796
726759.0 0.1560978433050153
474312.0 0.735228766397234
726759.0 0.15692033576191083
726759.0 0.15638718545752472
688956.0 0.26297804799599084
474312.0 0.7359569743941682
474312.0 0.7360611342646073
726759.0 0.1570692527251707
726759.0 0.15645928869115328
474312.0 0.7358383204607005
726759.0 0.15660039683817845
726759.0 0.1566345438944022
726759.0 0.15713432314518627
726759.0 0.15667495639374224
726759.0 0.15713432314518627
470532.0 0.7888451492288624
734565.0 0.15028424865337175
577152.0 0.5879852467372643
618990.0 0.5735289723774222
650733.0 0.5020958269418954
643335.0 0.5309812371976929
569958.0 0.6055522838872517
565632.0 0.6247523381475604
505671.0 0.6871781605815279
516330.0 0.6770168491716492
541446.0 0.629346742346938
689451.0 0.23208145632128319
522744.0 0.6719897277980534
628416.0 0.5569642147353695
641016.0 0.552996189080144
527973.0 0.6556942963086084
474204.0 0.7564353971282158
651498.0 0.4829452612872745
688956.0 0.2718300324409732
531438.0 0.6320954225526938
484584.0 0.7277325584987426
659925.0 0.48235090494658545
552546.0 0.6248626578313432
478938.0 0.7374816201708194
486921.0 0.7189344536307851
504162.0 0.7054503983404897
623616.0 0.5572670385828603
551094.0 0.6255598731640425
500154.0 0.7080361728843715
641823.0 0.5465769389766968
621291.0 0.5721222856726605
717933.0 0.17249600542805074
493062.0 0.7132098462074954
659946.0 0.46615318196698874
670314.0 0.37562123679578685
710109.0 0.17792844976424654
711786.0 0.17583937007822115
706083.0 0.1970125054653112
495096.0 0.712161206610302
661791.0 0.40039722346884804
706083.0 0.18669237473636935
660261.0 0.4342193353388651
666462.0 0.39828027892018564
531174.0 0.6498119878753144
690882.0 0.22636853253622763
694527.0 0.2248081287275842
531414.0 0.6442664603893201
683733.0 0.2924426706722853
660261.0 0.45130082804272226
702411.0 0.20873926249215988
701469.0 0.21354924049911062
705225.0 0.20689300224039772
666462.0 0.3877975464250972
688479.0 0.27935411769588253
734115.0 0.15209881103030812
661791.0 0.4229860183417443
676551.0 0.3372130474937879
676875.0 0.3241550074225747
660189.0 0.45685814545691394
721359.0 0.17221587797699747
697299.0 0.2234530600319805
705225.0 0.2008679324040644
730785.0 0.15663297932707615
661791.0 0.410610363776683
474312.0 0.7492273646073719
683733.0 0.3017130598674884
684141.0 0.2877616890474647
676551.0 0.3280528697684417
724791.0 0.16911713721823413
661791.0 0.41269497556996937
724791.0 0.16317708088961166
698553.0 0.21462067119365064
666462.0 0.38406792421606795
666462.0 0.3912317118006756
680115.0 0.31915358079745326
730785.0 0.15552386297917672
726759.0 0.15982556250303342
676503.0 0.34479998508229864
674241.0 0.35975018295708483
661791.0 0.42559048283756873
685122.0 0.27972148311910777
660261.0 0.43120750740030545
681951.0 0.3027575554054156
672525.0 0.3680403359158065
688479.0 0.27475584747158976
672240.0 0.3732684772500638
674241.0 0.3574381360319532
722823.0 0.1694730733887167
673704.0 0.3614287463321658
676503.0 0.35319248387958185
676503.0 0.35033441984556435
697698.0 0.21764527050246665
685122.0 0.28451344428991365
680445.0 0.3114193781999575
676503.0 0.3468113145029341
660189.0 0.4541384793045495
676503.0 0.3400348271740938
672525.0 0.3630145820689239
685122.0 0.2820572356542974
697698.0 0.21500231296317057
726759.0 0.15913956380176805
676503.0 0.34262030583484576
680457.0 0.3029414919175652
680445.0 0.3089043833605846
688956.0 0.2723773174115053
676875.0 0.32127589442316273
722538.0 0.17150887920815802
676875.0 0.3261193531915843
672477.0 0.3701023340996791
672240.0 0.3723315606944792
666462.0 0.3861344641710638
697698.0 0.22042023867740326
680445.0 0.31452855618078696
730785.0 0.15419214850249238
661791.0 0.42874276172744014
680115.0 0.3209311751699451
660189.0 0.45202385256201927
680445.0 0.30656219381605404
680445.0 0.3043539436864824
697698.0 0.21990634742450232
722571.0 0.17118239893158285
680445.0 0.31724602043278455
661791.0 0.42876260055280146
726759.0 0.15820100308841412
680445.0 0.3071587405455887
680445.0 0.3153751558471031
474312.0 0.7456163749677712
661791.0 0.3998961081498753
661791.0 0.41197086539591976
474312.0 0.7472171272718793
474312.0 0.7507993879450106
474312.0 0.7401851163266916
474312.0 0.7389543438950938
680445.0 0.3148840167086851
474312.0 0.7523807550642043
474312.0 0.7405416362227215
672525.0 0.3627408412579665
474312.0 0.7431199998685716
474312.0 0.7417879009815221
474312.0 0.738371563849093
680457.0 0.30375892056581333
672477.0 0.3691626391257885
680445.0 0.3180284236974925
474312.0 0.7420441633475109
474312.0 0.7437970463181153
672525.0 0.36884504690879966
474312.0 0.7504420556119163
474312.0 0.7492573777883117
685122.0 0.28068149153978866
474312.0 0.7448511182591546
680115.0 0.3185902713151923
685122.0 0.2816449945281561
730785.0 0.15624509912975934
474312.0 0.7559474624629889
685122.0 0.28093463525986034
474312.0 0.7476983693129761
474312.0 0.7486005917479257
474312.0 0.7481803820572654
726759.0 0.15902047897408503
474312.0 0.7551941891630215
474312.0 0.7449830303247601
474312.0 0.7545967035625697
474312.0 0.7490853049346566
726759.0 0.16085534870886015
726759.0 0.1612750956765946
474312.0 0.7554366145105393
474312.0 0.753349541188169
726759.0 0.16274624671124702
726759.0 0.1595916950559809
474312.0 0.7435695315747199
474312.0 0.7529291445086695
474312.0 0.7527798017404803
474312.0 0.7535696626168223
474312.0 0.7539262100189109
474312.0 0.75243209889973
726759.0 0.16007098829949368
726759.0 0.1622279329208594
726759.0 0.1603467238188647
726759.0 0.16188521998496516
474312.0 0.750473577377468
726759.0 0.1624658261428186
474312.0 0.754232022737819
726759.0 0.15933766180770703
474312.0 0.7539779171949496
726759.0 0.16065762206117817
726759.0 0.16144181124732296
726759.0 0.16186840874504538
726759.0 0.1616293999251478
726759.0 0.15981850113979604
726759.0 0.16296818070088342
474312.0 0.7435994648443253
726759.0 0.16294679022694167
474312.0 0.7534816998581999
726759.0 0.1605576991806837
726759.0 0.16044596674615183
474312.0 0.7543105712849602
726759.0 0.1592614812402044
726759.0 0.159958919257208
474312.0 0.7553724962605104
726759.0 0.16156949259510753
474312.0 0.7544400274955476
474312.0 0.7528864727882344
726759.0 0.1624012490299541
726759.0 0.15987376867154066
474312.0 0.7544353868220732
726759.0 0.1623223970225556
726759.0 0.1590440412889374
474312.0 0.755379974995994
726759.0 0.16227364202170175
726759.0 0.16161395669711476
726759.0 0.1622618106768542
754125.0 0.15392938829881744
472077.0 0.8373455974515176
589635.0 0.5888850365256573
619230.0 0.578992233093283
623682.0 0.5585104843088078
538974.0 0.6322038049093166
559659.0 0.6300599601546399
518490.0 0.6783410167538354
731139.0 0.15603160309880018
642825.0 0.5476269089267013
503010.0 0.7095655782305937
528570.0 0.6584080084900432
577143.0 0.6069515266063363
651288.0 0.5290250550088124
472077.0 0.8087680790980002
511362.0 0.6992235745341792
533469.0 0.645219303972059
478308.0 0.7442034889302461
643728.0 0.5468267443362983
495096.0 0.7147808212049587
655008.0 0.5085961459038058
657045.0 0.4882563448252348
662967.0 0.4275212510648525
474252.0 0.7870603554304797
666045.0 0.41109550072282813
489129.0 0.728344457693017
472476.0 0.7934722131032683
485025.0 0.7404627153420292
564744.0 0.6253352394761038
576132.0 0.6205220246740011
531816.0 0.6583135618130725
514008.0 0.6896209756500589
572559.0 0.62370001665831
474336.0 0.755592541376164
474303.0 0.7652563150084776
486615.0 0.7376095117086653
660258.0 0.48680256089676377
713721.0 0.1829010218234527
568437.0 0.6252253444349811
706557.0 0.20097010321479403
708549.0 0.19133578921773536
709875.0 0.18985429900396247
652929.0 0.5192646813609011
690171.0 0.27004688888837997
576786.0 0.6081100063588488
514008.0 0.6915029670556309
491277.0 0.7192972213778284
653853.0 0.5175814652764111
688479.0 0.27972796488403384
660261.0 0.4677869453922072
660261.0 0.47416446800585904
670314.0 0.400574857158365
666462.0 0.4080118360173259
490680.0 0.7200444236035014
676503.0 0.3583629598959534
694527.0 0.22755565367336866
660261.0 0.45581339346346306
697527.0 0.22515508601384113
714987.0 0.17632318911151185
680457.0 0.31839429024762467
670314.0 0.3905990425418651
687759.0 0.2798770618611581
670314.0 0.38626716453337895
684141.0 0.3014659682923993
684765.0 0.2938160700164911
728952.0 0.16185124606214268
687759.0 0.28522588121990083
691278.0 0.23845360998878248
676875.0 0.3281891646878976
692649.0 0.23334341076229334
674241.0 0.37160106520073544
674241.0 0.36190375083370924
718251.0 0.1760233559046156
660261.0 0.47144366797168136
700863.0 0.2194893718052791
719619.0 0.17541322869137807
680115.0 0.3226763637961655
674241.0 0.3675808902458606
713874.0 0.1788105102051668
703458.0 0.21292863614793106
661791.0 0.4340426800665124
721989.0 0.1732599101943476
676551.0 0.35179544995863893
701532.0 0.21777237958404255
690882.0 0.25666323918049444
703458.0 0.21003542126736321
676875.0 0.33802875417875117
690882.0 0.2483244368718429
661791.0 0.44426838942518043
690882.0 0.2652337249459681
684765.0 0.28979326358422247
671892.0 0.3834018329326075
661791.0 0.4499462606567209
698553.0 0.2206362829942009
726495.0 0.1663437508434747
705399.0 0.2086504725692563
690882.0 0.25563639610878053
730785.0 0.16143009593876906
722409.0 0.1727677117847781
676875.0 0.33221183985537484
676551.0 0.344246351123132
661791.0 0.43974310151541535
672525.0 0.37281383332495077
724743.0 0.1722925913239159
724803.0 0.1704190118397501
701532.0 0.21496932121593487
680457.0 0.31535332826053253
661791.0 0.43742405896211445
676551.0 0.34116241180268014
730785.0 0.15861507020208301
690882.0 0.24677643354213907
691278.0 0.23616708168805758
661791.0 0.45391028030371355
666462.0 0.4020802907901225
661791.0 0.4485031790863966
680457.0 0.31010837347495757
694527.0 0.2324343863294801
698553.0 0.22364832254993194
690882.0 0.24382375395252007
726759.0 0.16613082804939364
680457.0 0.3057719306402135
672240.0 0.3808772486475552
694527.0 0.23177296025459218
684765.0 0.30049586072685136
676551.0 0.347222361675644
709767.0 0.1910047543526356
672240.0 0.37760119602886477
676551.0 0.3490042491739715
684141.0 0.30375934393857096
670314.0 0.3877794178511303
724803.0 0.16945378834770825
684765.0 0.294655661594755
680457.0 0.3096450556968144
684765.0 0.29661147173874464
672525.0 0.37509154310239506
719013.0 0.1758564026015642
705558.0 0.20729705690604247
690882.0 0.2438591671347929
680457.0 0.32067293226134624
666462.0 0.4052843039058451
705558.0 0.20238312424131782
661791.0 0.43710265582370866
690882.0 0.26752890161958826
676503.0 0.36031166306609064
680457.0 0.31652682809228616
698553.0 0.22214553813686644
676875.0 0.3310061357809057
680115.0 0.3250054242080316
670314.0 0.38455231979673693
680391.0 0.32222193185799086
676875.0 0.3300290533795146
666462.0 0.40586777137338853
705558.0 0.20449584359610595
705558.0 0.20471720326244214
705558.0 0.20472637371286864
726759.0 0.16350593824478943
680115.0 0.3240963977133613
690882.0 0.2653544834640254
672525.0 0.3742722627887355
672240.0 0.3790371534268205
724773.0 0.17182761703898847
680457.0 0.30443780072640064
684765.0 0.2964453950434119
680115.0 0.3263778764795345
690882.0 0.26862291759006385
676503.0 0.3613830532898274
672240.0 0.3788291768022017
690882.0 0.26916899517570686
474312.0 0.7568965236191876
680115.0 0.3271286482100884
474312.0 0.758049702972172
474312.0 0.7591340057116095
726759.0 0.16505463370061893
726759.0 0.16576899190428476
690882.0 0.2560842408420239
474312.0 0.7626504001205435
474312.0 0.7634976967610464
694527.0 0.23277283937494153
474312.0 0.7573667632404606
726759.0 0.16392485405592294
474312.0 0.7648331267857557
474312.0 0.7640577430573269
726759.0 0.1645617017674576
680115.0 0.3268421580417979
474312.0 0.7610560365118552
474312.0 0.7599110781139738
694527.0 0.23329428549009204
474312.0 0.7605657235601045
474312.0 0.7578513080081182
474312.0 0.7594460562316906
474312.0 0.7621738332588586
726759.0 0.1647093926737006
474312.0 0.7569943058482613
474312.0 0.7617701836271801
680457.0 0.3097370625249764
474312.0 0.7637217657999318
726759.0 0.16371585542621916
726759.0 0.16610481559959994
474312.0 0.7601567324041902
474312.0 0.7602614731841869
474312.0 0.7640351701844603
474312.0 0.7605047163537113
474312.0 0.7614880192243594
474312.0 0.7617087671793624
474312.0 0.7651321772348911
474312.0 0.7625642053640639
474312.0 0.7649857991029182
474312.0 0.7613110994382254
474312.0 0.7592322468056454
474312.0 0.7593729933075326
726759.0 0.1661921822562323
474312.0 0.7623820130896469
474312.0 0.7635842163336979
474312.0 0.7591340057116095
474312.0 0.7648726340101327
474312.0 0.757916052190301
474312.0 0.7579857714688427
474312.0 0.7622733194980061
474312.0 0.761424584358627
474312.0 0.7613721491148441
474312.0 0.7623532621390432
474312.0 0.7635388051489882
474312.0 0.7622931621754515
474312.0 0.7613110994382254
474312.0 0.7591340057116095
473178.0 0.8985428714551211
733197.0 0.15627772521973488
624186.0 0.572991036901909
590190.0 0.5942986557441516
638511.0 0.5680593396373755
650562.0 0.5536096200655798
657720.0 0.52264295785323
543030.0 0.633808560606178
534834.0 0.6457042913424862
552546.0 0.6333324483455278
503586.0 0.71918886816343
577068.0 0.6200047839262416
561609.0 0.6328791264170327
651642.0 0.539434618805512
528828.0 0.661973544418495
630969.0 0.5694521515610919
473754.0 0.8625452307819208
570000.0 0.6316427202995877
520698.0 0.6785088622221105
586710.0 0.6088257168576335
514152.0 0.6937359030299307
491514.0 0.7196532272889961
660261.0 0.4888981981550603
660261.0 0.5006721501163784
520338.0 0.6796321724413378
576333.0 0.6313502609378246
489252.0 0.7305358313263011
531414.0 0.6601228457509697
662034.0 0.44987225212740534
676875.0 0.34151195026327613
587058.0 0.6077332322122033
660609.0 0.4728760246481582
479010.0 0.7493867839463539
668901.0 0.40936581533958627
507282.0 0.7109167585045946
507891.0 0.7102344601610859
678678.0 0.33045922642284503
666462.0 0.41564801497648257
697191.0 0.2327608498386668
486756.0 0.7404347608789873
483186.0 0.746853372916324
681846.0 0.3138667585972312
514008.0 0.7023930417363752
708189.0 0.20210658234228082
693507.0 0.23601773587316346
473754.0 0.8564710620763807
688956.0 0.28032278262373644
722100.0 0.17392340436359324
491238.0 0.7219366260637455
666462.0 0.4298153276850225
705741.0 0.20297415055156998
714096.0 0.18967244461797259
726150.0 0.17226526317431035
686622.0 0.2923326189302523
688479.0 0.29037186908185736
690603.0 0.2708313333301378
666462.0 0.42302555036507233
691278.0 0.2557148546274332
728682.0 0.1642445585419378
700863.0 0.22239688443386887
710109.0 0.1930761476239644
671157.0 0.4028228729812093
473754.0 0.8449269094472391
717501.0 0.1809962128969245
714183.0 0.18108085388142037
661791.0 0.4564411640430466
698553.0 0.22576301276461921
671157.0 0.40607945968465486
721527.0 0.17646051786962894
666462.0 0.4391320457417311
705558.0 0.2101772887158433
681951.0 0.30839301198562397
709350.0 0.19521700839596495
476187.0 0.7620267150542602
718911.0 0.17771876553210766
478404.0 0.7590808055674048
684825.0 0.2988739978408836
478557.0 0.7569694521562703
690882.0 0.27061224277452356
688479.0 0.2823676483925193
692649.0 0.2469929275788843
703458.0 0.21505413765556616
674421.0 0.3710464083151837
666462.0 0.44267878691483425
676875.0 0.3510592971326255
680457.0 0.32248389027763696
702411.0 0.21856072927885067
691278.0 0.2613426145711141
671157.0 0.39450398092158373
692649.0 0.23853072614705428
703854.0 0.21161134318957675
676551.0 0.36439199217073565
730953.0 0.1616941508037484
530430.0 0.6602381689377689
514008.0 0.7020875133096741
676743.0 0.35860982720678014
476187.0 0.7647560788097356
486402.0 0.7438290141864535
692649.0 0.24325213168048349
684141.0 0.30788736713880377
701532.0 0.22013701422827223
676743.0 0.3517805345683534
661791.0 0.4637977048609796
697527.0 0.2283304776796793
484761.0 0.745055748893227
672240.0 0.38682623064265365
680457.0 0.3244696391515727
674241.0 0.3812088065941204
661791.0 0.46227418024841316
672240.0 0.39160298374897706
674421.0 0.36769115358324705
730785.0 0.16367290321113245
674241.0 0.3786889617653829
684825.0 0.2953202108782536
474312.0 0.8103389139972175
484686.0 0.7466784831374176
661791.0 0.46922821592224423
671892.0 0.3930592494239211
730953.0 0.15881966910906928
672240.0 0.38409727207469585
674241.0 0.37440125025250826
672525.0 0.381243279227374
726759.0 0.1695375841474142
661791.0 0.46677243719156464
714183.0 0.18473068553569663
714183.0 0.18605844237581234
684825.0 0.3018966140196952
514008.0 0.7070959157317959
514008.0 0.7027270675275692
679977.0 0.3299853116366761
486552.0 0.7417514460563464
676551.0 0.3610418912421671
709767.0 0.1944574969985459
684141.0 0.3063807681317529
691278.0 0.2574404293078409
718164.0 0.17918329308682904
474312.0 0.8417484727433704
692649.0 0.244480072113744
672477.0 0.3819573831039568
718164.0 0.17885645310356477
474312.0 0.8297802044693328
684765.0 0.30436965595441784
680457.0 0.32601754218750256
474312.0 0.8346399659169854
666462.0 0.41970864728595375
691278.0 0.25873718432492415
474312.0 0.8268028317346967
666462.0 0.4218164039690378
666462.0 0.41844853783319363
674421.0 0.3647001179530931
697698.0 0.22637371019694968
710109.0 0.19115877494406594
474312.0 0.8438028934084074
474312.0 0.8369943293878651
666462.0 0.4164108383177234
474312.0 0.8242074453051462
684765.0 0.30377103023527413
726615.0 0.17140263140882958
691278.0 0.2608062865831004
703854.0 0.21025883667759956
474312.0 0.8316597835487715
692649.0 0.23741368576563696
474312.0 0.8375742276472757
474312.0 0.8395025403587336
697698.0 0.22641964255178726
676551.0 0.3600510701684305
474312.0 0.8149593574166786
674241.0 0.3728360172754152
474312.0 0.8400396170054595
474312.0 0.8083844296717886
726759.0 0.16639742729155352
474312.0 0.8165465033619841
684765.0 0.30543884615726763
680445.0 0.3278960213594841
474312.0 0.8099687258175848
710109.0 0.1920714760662342
474312.0 0.8240722818910725
514008.0 0.7085314485876295
730785.0 0.16342799718012418
674421.0 0.3725702609830722
474312.0 0.8209442476912552
474312.0 0.8281274958518263
514008.0 0.708914911904597
680115.0 0.3290996292681988
474312.0 0.8323422852359327
474312.0 0.8184908984183842
474312.0 0.8129612873905446
474312.0 0.8218009091093208
730785.0 0.16234852831376023
710109.0 0.1899743243510158
474312.0 0.7726507000122746
514008.0 0.7074884071507067
680391.0 0.3281074152054398
474312.0 0.8007752740652179
474312.0 0.8180013580773664
474312.0 0.823796849706114
474312.0 0.8119140087428909
474312.0 0.8225346287829153
474312.0 0.8196910144166938
474312.0 0.810951162170731
474312.0 0.8335999181187933
726759.0 0.16736957096899077
474312.0 0.8333502621553912
474312.0 0.827539040236294
474312.0 0.7906699401909683
474312.0 0.805116138205417
474312.0 0.8200481007271359
474312.0 0.7931416976808606
474312.0 0.8014317020302271
474312.0 0.8044410366957186
474312.0 0.8448111674776642
474312.0 0.8061571935099138
474312.0 0.772025166433821
474312.0 0.79930145500491
474312.0 0.8077418689374448
474312.0 0.7709828941608043
474312.0 0.786187493745648
726759.0 0.1683322882881895
474312.0 0.80683711831817
680115.0 0.329905473255326
474312.0 0.8170884436511523
474312.0 0.7767913477527523
680115.0 0.3284353374899908
474312.0 0.7735778532211313
474312.0 0.8116312826939927
474312.0 0.7945765724293347
474312.0 0.7882002206416632
474312.0 0.7915392244818115
474312.0 0.803820890004464
474312.0 0.7661012814662416
676551.0 0.36455503031665404
474312.0 0.8141680246064928
474312.0 0.8026695876258475
474312.0 0.8000221096266943
474312.0 0.7938463036222451
474312.0 0.7985481937603125
474312.0 0.7744082016087461
680115.0 0.3297366510361
474312.0 0.7962930009149638
474312.0 0.789190348702352
474312.0 0.7888726306309558
474312.0 0.7898013523029239
474312.0 0.8019770419143274
474312.0 0.766774242704526
726759.0 0.17109286556504036
726759.0 0.16698168259290253
474312.0 0.8224788904720588
474312.0 0.7750961255329671
474312.0 0.7972228826975518
474312.0 0.784496326862152
726759.0 0.1701060647578973
474312.0 0.7805052261094412
474312.0 0.7774559722398753
474312.0 0.8062353671871658
474312.0 0.7868010229982166
474312.0 0.8049508772799618
474312.0 0.7680585183328388
474312.0 0.7674463351561144
730953.0 0.16191140988285457
474312.0 0.7978536552860115
474312.0 0.7739588886818891
474312.0 0.7854533606820019
474312.0 0.7953173893161426
474312.0 0.7976122855054587
474312.0 0.81354961507099
474312.0 0.7950655122173893
474312.0 0.7873868660686425
474312.0 0.7810123356533741
474312.0 0.7795537237127795
474312.0 0.7700446849886824
474312.0 0.7813930650250727
474312.0 0.7917459959226266
474312.0 0.8141082678309352
474312.0 0.8280408906431594
474312.0 0.7652609577511857
474312.0 0.7694749086247319
474312.0 0.8135776983519295
726759.0 0.16673301440393165
474312.0 0.7721128301025701
474312.0 0.7850229937519102
474312.0 0.7779131566950653
474312.0 0.8019052798583518
474312.0 0.8169740260285941
474312.0 0.8035763410670438
474312.0 0.7841941059116425
474312.0 0.7823888355113461
474312.0 0.7829226793304855
474312.0 0.7833803401713714
474312.0 0.7857452715040567
474312.0 0.7685854199485166
474312.0 0.7849040795125054
474312.0 0.7941447218793798
474312.0 0.7870352200846946
726759.0 0.17057791776621856
474312.0 0.7958250201115148
474312.0 0.7823110656279199
726759.0 0.16980400465971224
474312.0 0.7789147806772027
474312.0 0.7921435177533096
474312.0 0.7818569182948087
474312.0 0.8072734744621138
474312.0 0.7689022404991143
474312.0 0.7968962990158547
474312.0 0.8073147146191075
474312.0 0.7803261218932042
726759.0 0.17050077129473165
474312.0 0.7679101375729172
474312.0 0.7927122880972938
474312.0 0.7793657711720852
474312.0 0.7818760055514481
474312.0 0.795919523689082
474312.0 0.7967219355064086
474312.0 0.7799696004313815
474312.0 0.7785275272511226
474312.0 0.7657679521505933
474312.0 0.7837368132233536
726759.0 0.16887753630702862
474312.0 0.7693275321316181
474312.0 0.7782845499842194
474312.0 0.7982619387564666
474312.0 0.7756728900870689
726759.0 0.1670642761542673
474312.0 0.7903067206046823
474312.0 0.8029793553431628
474312.0 0.8032834154092701
474312.0 0.7754224354474046
474312.0 0.7704929480327058
474312.0 0.7759910028948923
726759.0 0.1691364700133664
680445.0 0.3279423891287886
474312.0 0.7764594301268444
474312.0 0.8197868904903796
474312.0 0.7996186142483153
474312.0 0.773621338672244
474312.0 0.7654752520544965
474312.0 0.7659097500399102
474312.0 0.7742639113708688
474312.0 0.7800390072913453
726759.0 0.16871109977536597
474312.0 0.783204043317775
474312.0 0.788999198568883
726759.0 0.169244813980032
474312.0 0.8028157784060294
726759.0 0.16642599271640068
474312.0 0.7707846992809584
474312.0 0.7790973806332833
474312.0 0.8031960673772613
726759.0 0.16855419142520223
474312.0 0.7839610074194746
474312.0 0.7997341629916865
474312.0 0.7876493596541407
726759.0 0.17133772097366248
726759.0 0.16945012017048466
474312.0 0.7856572655230047
474312.0 0.7999450215341204
474312.0 0.7830587814480885
474312.0 0.7878123735146094
474312.0 0.8239363649139406
474312.0 0.7777378007215938
726759.0 0.16960877498629928
474312.0 0.7762192610218244
474312.0 0.7923354244793729
474312.0 0.7776435263493658
474312.0 0.7951914065027503
474312.0 0.7879631217506011
474312.0 0.7899889160466622
474312.0 0.7868647922223371
474312.0 0.798361424306232
474312.0 0.7811147140295399
726759.0 0.1684082113831111
474312.0 0.7672431501672732
474312.0 0.7901935346398
474312.0 0.7700753122891784
474312.0 0.7939708672889744
474312.0 0.7702505150869116
474312.0 0.7926839634683518
474312.0 0.7915524281475359
474312.0 0.7922356326384132
474312.0 0.7925168048892172
474312.0 0.7984921055076166
474312.0 0.7709587400518706
474312.0 0.7924926018621138
474312.0 0.7668645975373046
474312.0 0.7758453073656455
474312.0 0.7671548145165
474312.0 0.7707987260228107
474312.0 0.7940500561809198
474312.0 0.7763239168314336
474312.0 0.7758123948114031
474312.0 0.7774853881237583
474312.0 0.7876808565462922
474312.0 0.7752946828827034
474312.0 0.7812642001167515
474312.0 0.7838093598201463
474312.0 0.7900413245118003
474312.0 0.7967538330549214
474312.0 0.7838947997358403
474312.0 0.7669551712816343
474312.0 0.7879596547362454
474312.0 0.7812342852227756
474312.0 0.7679155446501639
474312.0 0.7693964600027469
474312.0 0.7704077426798944
474312.0 0.7742883927215968
474312.0 0.7688532306236229
474312.0 0.7784749234722178
474312.0 0.7670517051452214
474312.0 0.7687139801018099
474312.0 0.7829226793304855
474312.0 0.7764269788546375
474312.0 0.7654326236838942
474312.0 0.7790227874487444
474312.0 0.7752616890352797
474312.0 0.7783860666482555
474312.0 0.7996468616953064
474312.0 0.770345882876616
474312.0 0.7762544913668832
474312.0 0.7982620660556862
474312.0 0.7670155005931685
474312.0 0.7653397901279031
474312.0 0.7958397517265373
474312.0 0.7672261661160343
474312.0 0.7720962118067868
474312.0 0.7751745811524122
474312.0 0.7902518521524194
474312.0 0.7653373677489483
474312.0 0.7751272681829436
474312.0 0.7694749086247319
474312.0 0.7823888355113461
726759.0 0.17057088525031716
474312.0 0.7783264926821981
474312.0 0.7800011574818196
474312.0 0.7693275321316181
474312.0 0.7702937910787556
474312.0 0.7790602282626112
726759.0 0.1713866657704502
474312.0 0.7783551029641941
474312.0 0.7686550292630623
474312.0 0.7687139801018099
474312.0 0.7900358056334471
474312.0 0.768856507164408
474312.0 0.7751745811524122
474312.0 0.773621338672244
474312.0 0.7686550292630623
474312.0 0.7686163513674203
474312.0 0.7790367811350751
474312.0 0.7902777939206722
474312.0 0.7967445848549376
474312.0 0.7686163513674203
474312.0 0.7685854199485166
474312.0 0.7774752693676553
474312.0 0.7902847733818776
726759.0 0.16642449943215343
474312.0 0.7702771181982162
474312.0 0.7702771181982162
726759.0 0.1713981183163027
474312.0 0.7958306413787708
474312.0 0.7915505577038146
474312.0 0.7679101375729172
474312.0 0.7679101375729172
474312.0 0.7694749086247319
474312.0 0.7686550292630623
474312.0 0.7694749086247319
474312.0 0.7686163513674203
474312.0 0.7694749086247319
474312.0 0.7702771181982162
474312.0 0.7694749086247319
474312.0 0.7679101375729172
474312.0 0.7823888355113461
474312.0 0.7694749086247319
474312.0 0.7686163513674203
474312.0 0.7694749086247319
474312.0 0.7694749086247319
474312.0 0.7686550292630623
474312.0 0.7694749086247319
474312.0 0.7694749086247319
474312.0 0.7694749086247319
474312.0 0.7694749086247319
474312.0 0.7694749086247319
474312.0 0.7694749086247319
474312.0 0.7694749086247319
474312.0 0.7694749086247319
474312.0 0.7694749086247319
474312.0 0.7694749086247319
474312.0 0.7694749086247319
474312.0 0.7694749086247319
474312.0 0.7694749086247319
474312.0 0.7694749086247319
474312.0 0.7694749086247319
474312.0 0.7694749086247319
474312.0 0.7694749086247319
474312.0 0.7702771181982162
474312.0 0.7694749086247319
474312.0 0.7679101375729172
474312.0 0.7694749086247319
474312.0 0.7693275321316181
474312.0 0.7694749086247319
474312.0 0.7694749086247319
474312.0 0.7694749086247319
474312.0 0.7694749086247319
474312.0 0.7694749086247319
474312.0 0.7686163513674203
474312.0 0.7694749086247319
474312.0 0.7694749086247319
474312.0 0.7694749086247319
474312.0 0.7694749086247319
474312.0 0.7694749086247319
474312.0 0.7679101375729172
474312.0 0.7694749086247319
474312.0 0.7702771181982162
474312.0 0.7686550292630623
474312.0 0.7679101375729172
474312.0 0.7694749086247319
474312.0 0.7694749086247319
474312.0 0.7694749086247319
474312.0 0.7694749086247319
474312.0 0.7694749086247319
474312.0 0.7694749086247319
474312.0 0.7694749086247319
474312.0 0.7694749086247319
474312.0 0.7694749086247319
474312.0 0.7702771181982162
474312.0 0.7694749086247319
474312.0 0.7679101375729172
