714183.0 0.2033556782197283
714183.0 0.218706332074205
495588.0 0.7974865441114136
527094.0 0.6197390392868968
618372.0 0.4784701533913346
555666.0 0.604572433957296
660189.0 0.3900896122341839
572274.0 0.5665730424679624
639363.0 0.45963019508105235
601437.0 0.5443701735317124
605790.0 0.524736194479236
514008.0 0.669981244787588
560220.0 0.5870019586589957
659748.0 0.4260195545167274
688956.0 0.2630085495240793
671157.0 0.34476966424029887
684765.0 0.2964453950434119
649407.0 0.44356883825892657
572274.0 0.5473710120108082
700863.0 0.26189680545633237
644196.0 0.4499142273589173
680445.0 0.3071587405455887
501564.0 0.7594228018539779
501564.0 0.7437451522204146
671157.0 0.32122983229265634
676875.0 0.3163473028673865
705999.0 0.23393049039912536
710928.0 0.22350168954100777
701475.0 0.24757644346334146
510024.0 0.7404976167443522
501564.0 0.757483396541931
602331.0 0.5316992192628827
510048.0 0.7343545557608686
511818.0 0.719205852444667
705579.0 0.24225427501053412
514008.0 0.6761793223530128
572274.0 0.564317529929349
671157.0 0.3300132802362286
714183.0 0.21445335323855597
514008.0 0.6896209756500589
514008.0 0.6915029670556309
514008.0 0.7020875133096741
671157.0 0.32621368288030655
514008.0 0.7070959157317959
514008.0 0.7027270675275692
714183.0 0.22096282891740446
514008.0 0.7145974596638727
514008.0 0.7118981766789917
514008.0 0.7170546540252241
514008.0 0.708914911904597
514008.0 0.7129077893308422
714183.0 0.22324670688180998
514008.0 0.7182453589315148
514008.0 0.7074884071507067
514008.0 0.7085314485876295
514008.0 0.7187046610536111
514008.0 0.7023930417363752
514008.0 0.7190589429823683
728265.0 0.2062686133421894
502935.0 0.7625475871199847
649575.0 0.4458464939284842
641811.0 0.4879668788987903
569958.0 0.6055522838872517
690882.0 0.29120079447737834
622848.0 0.5434395926333369
604464.0 0.5454460241229582
662967.0 0.4275212510648525
633282.0 0.5122524705883794
551673.0 0.6211788098900205
672240.0 0.3643958848158807
668901.0 0.40936581533958627
588861.0 0.5644216209356214
631707.0 0.5325090836946238
688479.0 0.32079333313598696
703587.0 0.2585537089340075
541446.0 0.629346742346938
581250.0 0.5866711879221268
514152.0 0.6937359030299307
719703.0 0.21748645754771764
576132.0 0.587911697493493
522744.0 0.6719897277980534
527202.0 0.654329292148443
518490.0 0.6783410167538354
531438.0 0.6320954225526938
511908.0 0.7480026357426383
690882.0 0.26862291759006385
593298.0 0.5480386245186731
708033.0 0.23417960428874837
705807.0 0.2495782597932318
551094.0 0.6255598731640425
666045.0 0.41109550072282813
684765.0 0.3322308004677934
676875.0 0.34151195026327613
680457.0 0.3323488491093768
506010.0 0.7512551268917239
514008.0 0.7197158030246558
593298.0 0.5561030482499286
511920.0 0.7266615424918077
714891.0 0.22098564458557174
676875.0 0.3546597046209486
714183.0 0.22782173504794748
674241.0 0.3574381360319532
531174.0 0.6498119878753144
505248.0 0.7601769549888087
531414.0 0.6442664603893201
514008.0 0.7226999538823937
514008.0 0.7251302161877303
714183.0 0.2297823116107681
714183.0 0.2329815516201436
514008.0 0.7233051835533778
514008.0 0.7212173188123168
714183.0 0.231844865315709
514008.0 0.7216252757473859
714183.0 0.23111948455132358
714183.0 0.2282199530734018
714183.0 0.22949168278786572
514008.0 0.7258980417477997
714183.0 0.23014705695553256
714183.0 0.2340162734993457
514008.0 0.7229977560671437
503601.0 0.8448528694246236
733245.0 0.20701480962506186
503601.0 0.8002027636187582
649872.0 0.47312886390581593
599439.0 0.5786906551136864
577152.0 0.5879852467372643
639861.0 0.5278896025540926
653298.0 0.44731123782889953
552546.0 0.6248626578313432
538974.0 0.6322038049093166
610284.0 0.5553636174229862
565632.0 0.6247523381475604
667923.0 0.441135304804984
693720.0 0.2744651099631701
606027.0 0.5768007004417604
674241.0 0.3812088065941204
533469.0 0.645219303972059
684663.0 0.33239849282850376
691113.0 0.32791357983943514
674241.0 0.41235203551167077
680457.0 0.3439482056441374
622275.0 0.5550568132490552
701475.0 0.26999982301459274
528933.0 0.675923122007237
692649.0 0.3018018940636694
522882.0 0.690920060072804
572559.0 0.62370001665831
505248.0 0.7904360826294209
705525.0 0.26862305143345055
525282.0 0.6810813660755126
706335.0 0.25035165032992684
637197.0 0.5395304299677707
714288.0 0.22841814910167996
722151.0 0.2219334687895058
721305.0 0.22570329899281133
670314.0 0.41412424852703067
508176.0 0.7585550400659202
576132.0 0.6205220246740011
632115.0 0.5407664469482645
692649.0 0.30960822248198877
623931.0 0.5539103867075934
505248.0 0.7715764396674845
668901.0 0.4253057743544214
629988.0 0.550999707140968
679971.0 0.36393080041854875
514770.0 0.7159986833539574
729750.0 0.22072594830303874
530430.0 0.6602381689377689
680391.0 0.36070991451358897
505836.0 0.7675778885765404
577143.0 0.6069515266063363
531816.0 0.6583135618130725
519084.0 0.6980374116755961
638658.0 0.5287373326703729
667923.0 0.43157948092667414
518241.0 0.7099027738752531
576786.0 0.6081100063588488
629994.0 0.5467193983723907
679971.0 0.3683623316258075
518199.0 0.7158580657393652
512034.0 0.7572915251040957
518268.0 0.6984134776326962
514008.0 0.7275693946990659
674241.0 0.3786889617653829
709827.0 0.2498026025844355
731775.0 0.21383488333005385
710928.0 0.24306665272968872
512640.0 0.7448493552730304
710241.0 0.24904612260594958
712221.0 0.24295553693039598
513900.0 0.7403687569962997
714183.0 0.2349748414453789
692649.0 0.30443921568243626
513900.0 0.7370317746113801
731775.0 0.20702981505715956
512172.0 0.7501708555451321
729807.0 0.22020853850408417
731775.0 0.21874373970998037
512040.0 0.7536421106901237
531414.0 0.6601228457509697
714183.0 0.24073694776628118
512172.0 0.746151136174855
714183.0 0.2388855856002482
512040.0 0.7515390530737742
714183.0 0.23625249908205978
514008.0 0.7353634901933158
514008.0 0.733770093649634
514008.0 0.7321652994315971
514008.0 0.7290643689987177
731775.0 0.21495082181422737
731775.0 0.21683236368998424
731775.0 0.217640507919888
514008.0 0.7314086735785549
714183.0 0.23978227829402796
714183.0 0.23623074902708893
514008.0 0.730341196142969
731775.0 0.21583255061919698
731775.0 0.21858710910910875
714183.0 0.2419314022522232
731775.0 0.21925284472548784
731775.0 0.2198150800828292
514008.0 0.7364120864826686
714183.0 0.2413072824290736
514008.0 0.7355584593628519
731775.0 0.21565267155650777
714183.0 0.24038217655367008
514008.0 0.7343176384430111
514008.0 0.7319008954908018
514008.0 0.7351999969161405
514008.0 0.7346264131043502
714183.0 0.24099521255608136
514008.0 0.7366257191497287
714183.0 0.24260849352930272
514008.0 0.7294253176173685
514008.0 0.7367606264020566
514008.0 0.729685357753651
714183.0 0.24224966524731542
514008.0 0.7302221631168195
714183.0 0.24279997972679704
514008.0 0.7345343432168902
714183.0 0.2420971966841265
714183.0 0.24065323829521965
514008.0 0.7299491515685497
514008.0 0.7299686276074497
514008.0 0.7295515505577942
514008.0 0.7364963126932306
514008.0 0.7355270095913954
714183.0 0.2422302938552495
714183.0 0.240670949206601
505155.0 0.838772490455292
731847.0 0.21315182281769837
589635.0 0.5888850365256573
618990.0 0.5735289723774222
568437.0 0.6252253444349811
650733.0 0.5020958269418954
643335.0 0.5309812371976929
586710.0 0.6088257168576335
534834.0 0.6457042913424862
693507.0 0.3118123647081525
675687.0 0.40183883067972015
662034.0 0.44987225212740534
543030.0 0.633808560606178
688479.0 0.339205458771008
505176.0 0.8179250247773555
628416.0 0.5569642147353695
552546.0 0.6333324483455278
671892.0 0.4373159039776717
641016.0 0.552996189080144
671892.0 0.4286297432355074
651498.0 0.4829452612872745
680391.0 0.37191141338065703
680391.0 0.3893077258654055
559659.0 0.6300599601546399
659925.0 0.48235090494658545
659946.0 0.46615318196698874
684765.0 0.3580401056340536
505422.0 0.7835403385172878
522405.0 0.7020274880466789
508812.0 0.7666952860420939
697299.0 0.28059044857466425
693831.0 0.2882158904199537
623616.0 0.5572670385828603
705063.0 0.2700873638091017
684825.0 0.3458900853885807
564744.0 0.6253352394761038
621291.0 0.5721222856726605
641823.0 0.5465769389766968
587058.0 0.6077332322122033
526098.0 0.6916596544604112
506160.0 0.783287972313928
531174.0 0.6694721755776685
725091.0 0.2248841310282622
706755.0 0.25895012354181407
729750.0 0.22230708133493002
519696.0 0.7098325016856625
529086.0 0.6844596659952882
516372.0 0.7266880557868212
519084.0 0.7226445425956224
511920.0 0.7621963354950108
710928.0 0.2574016644838052
712221.0 0.24577678328220692
514770.0 0.7310901199093831
530583.0 0.6767080923976964
714480.0 0.23303839100564885
718065.0 0.23274893985952677
512169.0 0.752113368010538
705579.0 0.2689666707533333
526446.0 0.6861978171811128
519150.0 0.7140138788838666
697191.0 0.2870741629848433
719703.0 0.23142548354355327
722559.0 0.23135780187263874
513780.0 0.7513988758236305
723315.0 0.22790059054368259
709887.0 0.2577244521803258
531174.0 0.6724788977942636
714195.0 0.2385932186767635
513984.0 0.7436568350790639
731820.0 0.2197508609500464
712491.0 0.24468647589327389
731775.0 0.22084904444012785
697191.0 0.28362127137206805
714063.0 0.2436331652142488
514008.0 0.7370535120871451
531174.0 0.6733624201426668
714183.0 0.2431125357279029
511920.0 0.7638549167719185
531174.0 0.6704348325457776
514008.0 0.7428123916882577
514008.0 0.7374602439236474
731775.0 0.22108103813619506
514008.0 0.7389470015104516
531174.0 0.672606551663622
514008.0 0.7408785119589291
514008.0 0.7415443441328523
514008.0 0.7399491449032756
514008.0 0.7404127077383302
514008.0 0.7424367635423562
514008.0 0.7395350004215239
514008.0 0.7431720606269909
514008.0 0.7406990907798731
514008.0 0.7435265203819412
514008.0 0.7393067474159616
514008.0 0.7427698489103332
514008.0 0.7371728186810268
514008.0 0.7423029525233689
514008.0 0.743101368485836
514008.0 0.7418666459746587
514008.0 0.742868579277654
514008.0 0.7404795850728548
514008.0 0.7416194192721632
514008.0 0.7391484041015826
514008.0 0.7397450592812405
514008.0 0.7421120101191632
514008.0 0.7418191150231047
514008.0 0.7397978958857054
514008.0 0.7390403341331386
514008.0 0.7421151715484375
514008.0 0.7435594538504386
514008.0 0.7371015941170463
505836.0 0.783563842553923
505836.0 0.8034260036102524
738021.0 0.2167054749791337
590190.0 0.5942986557441516
619230.0 0.578992233093283
623682.0 0.5585104843088078
576333.0 0.6313502609378246
690171.0 0.34232105439022364
550974.0 0.6338546697957659
570000.0 0.6316427202995877
696090.0 0.30529109935912124
642825.0 0.5476269089267013
666462.0 0.45626314586240463
539235.0 0.6646407562204217
725439.0 0.22707501910699937
651288.0 0.5290250550088124
677043.0 0.4293474040759135
660609.0 0.4728760246481582
543414.0 0.6446989295110581
520134.0 0.7120887941314759
643728.0 0.5468267443362983
679026.0 0.40472325392837494
655008.0 0.5085961459038058
715809.0 0.23854976242691045
673380.0 0.4432771189846755
657045.0 0.4882563448252348
531480.0 0.6709233965245543
525978.0 0.7069597941895173
681846.0 0.3830295049191909
518268.0 0.729425035004756
509892.0 0.7705460942344751
546621.0 0.6397656284603951
680910.0 0.40124250884160445
697299.0 0.28709880359230755
660258.0 0.48680256089676377
701196.0 0.2819013086817115
685167.0 0.34912759331057575
527046.0 0.6871899383279595
713256.0 0.24525885044347873
710031.0 0.2580959306693961
675174.0 0.44303814869103547
526248.0 0.6957656225548491
684897.0 0.3586672022856294
515820.0 0.731441790707945
704451.0 0.2808126267879243
697023.0 0.29693180165350785
705375.0 0.2702709019207289
684897.0 0.3677738018548302
652929.0 0.5192646813609011
681846.0 0.37764135121287656
706839.0 0.2660700802324471
514710.0 0.742659790909853
530832.0 0.683306321251106
731775.0 0.22512814644370016
731775.0 0.22633340085378392
653853.0 0.5175814652764111
511920.0 0.7689250501455225
709599.0 0.2638439543241013
513840.0 0.7602216205114902
684897.0 0.3532549939192323
714411.0 0.24394144355321343
715743.0 0.23880535725237922
513840.0 0.7663861964863147
531174.0 0.6782145578500414
710022.0 0.260501725740087
731775.0 0.22254495965098123
513900.0 0.758374180902022
513984.0 0.7548056145795415
531174.0 0.6792867977002979
531174.0 0.6809507603531633
714183.0 0.24506643302282882
531174.0 0.6806655963117125
513864.0 0.759386352409486
514008.0 0.7466529363112744
714183.0 0.24486344121104947
514008.0 0.7437769332795174
531174.0 0.6783330646313536
714183.0 0.2439920909652434
514008.0 0.7489696325329922
514008.0 0.7458278118572883
514008.0 0.7477374728596479
514008.0 0.7509782428833952
514008.0 0.7496006492575881
731775.0 0.223590656361984
514008.0 0.751243714155311
514008.0 0.7516646490996886
731775.0 0.22300972298974675
514008.0 0.7542096224557309
514008.0 0.7535934130972262
514008.0 0.7463909602885033
514008.0 0.7504829119619607
731775.0 0.22481437738881968
514008.0 0.7533353847982018
514008.0 0.752924498852487
514008.0 0.7473594787311201
731775.0 0.22406398939226108
514008.0 0.7445235966916453
514008.0 0.7448685288486442
731775.0 0.22370362019030274
731775.0 0.22293227691771594
514008.0 0.7485629595916352
731775.0 0.22608904956452744
514008.0 0.7525398128889779
514008.0 0.7519050711505763
514008.0 0.7482845280518153
514008.0 0.7481230206010107
731775.0 0.22547896877788806
514008.0 0.7545886716645605
514008.0 0.7528194032809292
514008.0 0.744076718180975
514008.0 0.7443673204714887
731775.0 0.2266911262431296
731775.0 0.22685239113905697
731775.0 0.2253401891045297
514008.0 0.7543591241922112
731775.0 0.2257392318201576
514008.0 0.7450036879824796
514008.0 0.7502459696640679
731775.0 0.2264900835261875
731775.0 0.2245581906539624
731775.0 0.22420485224264053
514008.0 0.7454177539081671
514008.0 0.7469445920295835
514008.0 0.7504004488293621
514008.0 0.7441525366254762
514008.0 0.7471795642303355
514008.0 0.7500724398113383
514008.0 0.7520968693819472
731775.0 0.22438257316317908
514008.0 0.7452026412374121
514008.0 0.7456241180255182
514008.0 0.7464305501964716
514008.0 0.7534641660920804
514008.0 0.7487438643210889
514008.0 0.749729245482467
514008.0 0.7499635480578722
514008.0 0.7498370983526155
731775.0 0.2270490458117694
514008.0 0.7466424375946153
514008.0 0.7452578088532427
514008.0 0.7523861990577041
514008.0 0.7455737086203346
514008.0 0.7547500319091576
731775.0 0.22589892657560576
714183.0 0.24514015399336284
514008.0 0.7487314395650738
514008.0 0.747230321649542
514008.0 0.7468751687239854
514008.0 0.7523257079821111
514008.0 0.7481489013087044
731775.0 0.2258219257978906
731775.0 0.22636558684430105
514008.0 0.7542408820342441
514008.0 0.7535844620546354
514008.0 0.7467661169954245
514008.0 0.7522175604478224
514008.0 0.7521810847838507
731775.0 0.22446834325582618
514008.0 0.7466748152280469
514008.0 0.7467551181151778
731775.0 0.2258964135905602
731775.0 0.22449409769864337
514008.0 0.7547855569678595
514008.0 0.7522107687301354
731775.0 0.22448795919775247
739650.0 0.22211983474608657
508812.0 0.7994390515860745
660261.0 0.4888981981550603
685377.0 0.36038118836792843
617019.0 0.5947101299441404
671067.0 0.45870134299952353
681846.0 0.42245963903314443
657720.0 0.52264295785323
581733.0 0.6327756875077415
638511.0 0.5680593396373755
599808.0 0.59924665939813
650562.0 0.5536096200655798
624186.0 0.572991036901909
591957.0 0.6266025873729453
552546.0 0.6380553509293335
651642.0 0.539434618805512
566316.0 0.637149476217183
673704.0 0.4442025897118267
568890.0 0.6353791863980696
539610.0 0.6671271706105847
630969.0 0.5694521515610919
697017.0 0.33526474022510266
691233.0 0.3538416920624759
532530.0 0.6771854191504751
547554.0 0.6424397757121184
693720.0 0.343982400158581
679971.0 0.4378745826798793
592215.0 0.6015779896483289
545904.0 0.654491984839592
543822.0 0.6629002247286031
510039.0 0.7822008737670768
526311.0 0.7168306212275913
697023.0 0.3117107797132369
726063.0 0.23355806146895403
526452.0 0.6973025266829712
515232.0 0.7486726723811944
720579.0 0.2392428381027327
705675.0 0.28061656014029807
594576.0 0.6004394936479189
713946.0 0.24538300667569946
719544.0 0.24090026891693608
699711.0 0.2902941133610899
510204.0 0.7754200599581613
701853.0 0.2836474946233035
735213.0 0.22402063020266885
705675.0 0.2717707837788342
527187.0 0.6877337610587194
517518.0 0.7399232096188546
713751.0 0.2545840837006343
698037.0 0.29957871984988305
729807.0 0.22818676877898644
712050.0 0.2598901664441257
726375.0 0.22964955271050896
522732.0 0.7270993758474211
709029.0 0.27132290068349774
513840.0 0.7728417148180935
525768.0 0.7238874814382407
531174.0 0.6842636508505803
701787.0 0.28883944726467176
518772.0 0.7296990499632353
733965.0 0.22572809760923343
681420.0 0.4280573193130896
681420.0 0.43054186972812875
709827.0 0.2643158972244089
711639.0 0.26408687905517503
713775.0 0.24744668757127852
697863.0 0.30565965475436024
531414.0 0.6819593714030485
521856.0 0.7290685339382295
514152.0 0.7543800889448744
709377.0 0.2687604760209939
526248.0 0.7237403360614917
697452.0 0.3097834962738323
527148.0 0.6942970713587489
518226.0 0.7354177291215938
518712.0 0.7329594374473642
698037.0 0.3015802248790203
518124.0 0.738634686966428
731775.0 0.22717907493480113
731775.0 0.22785648851759316
527124.0 0.6956207646670894
719898.0 0.23973027731080246
522024.0 0.7282283323450475
531174.0 0.6862291942719476
531174.0 0.6834456984247336
531174.0 0.6867295834695422
731775.0 0.2271644485916094
514008.0 0.7548969584334725
514008.0 0.7709763070647675
514008.0 0.7557223751941863
514008.0 0.769398778273354
514008.0 0.7689516834712705
514008.0 0.7586188572481366
514008.0 0.7560072937215457
531174.0 0.6837513721671449
514008.0 0.7563599417222486
514008.0 0.759535703427212
514008.0 0.7639883530328794
514008.0 0.7700373236691556
731775.0 0.22749956384226197
514008.0 0.7717033772944519
514008.0 0.7628062177950589
514008.0 0.764834278608738
531174.0 0.684079997528741
514008.0 0.768136306495112
514008.0 0.7552410339599005
514008.0 0.7686881081641356
514008.0 0.7713478767091819
514008.0 0.7722278309547657
514008.0 0.766751415939197
514008.0 0.764219455521375
514008.0 0.7636368146337194
514008.0 0.7705578884065365
514008.0 0.7624435425628092
514008.0 0.75662708837686
514008.0 0.7644243900582841
514008.0 0.7591393508241362
514008.0 0.7671490565839197
514008.0 0.7684644290570951
514008.0 0.7588192713848269
514008.0 0.7697100241594974
514008.0 0.7573384130202944
514008.0 0.7678063895709739
514008.0 0.7704008449651131
514008.0 0.7583567929950145
514008.0 0.7651434209792266
731775.0 0.22773387908790754
514008.0 0.7632077078118962
514008.0 0.7714465811038373
514008.0 0.7719964425207105
514008.0 0.7602350296630506
514008.0 0.7661691227824864
514008.0 0.7580433623791889
514008.0 0.7674479716672905
514008.0 0.7621320726210506
731775.0 0.22788424394131254
514008.0 0.7683041379285119
514008.0 0.7725023376050159
514008.0 0.7655362675885922
514008.0 0.7649400391156321
514008.0 0.7664538369763563
514008.0 0.7555891577338413
514008.0 0.7571630149765484
514008.0 0.7614384856746135
514008.0 0.7660260989271241
514008.0 0.7635677350259273
514008.0 0.7600736330175453
514008.0 0.760530950227383
514008.0 0.7658736757403661
514008.0 0.7677649990320554
514008.0 0.7607636666389855
514008.0 0.7590011132006976
514008.0 0.7623205959934528
514008.0 0.7599779935426724
514008.0 0.7675607795137794
514008.0 0.7606992275495348
514008.0 0.772056296887657
514008.0 0.759750672366176
514008.0 0.772704268090161
514008.0 0.7604216992966866
514008.0 0.7698448628068302
514008.0 0.761908938408576
514008.0 0.757541955679934
514008.0 0.7597306441945424
514008.0 0.765662576721432
514008.0 0.7663731176575974
514008.0 0.7653463872909323
514008.0 0.7630139149739791
514008.0 0.7644243900582841
514008.0 0.7612394263271053
514008.0 0.7617547210539756
514008.0 0.7633843222561807
514008.0 0.7629796133677589
514008.0 0.7609402727594515
514008.0 0.7576516528534175
514008.0 0.7567724214601961
514008.0 0.7616410961582636
514008.0 0.7579279404858804
514008.0 0.7553946321891865
514008.0 0.758581019165951
514008.0 0.7633699317205352
514008.0 0.7584378283764208
514008.0 0.7652971889263861
514008.0 0.7568824432886445
514008.0 0.7554268887824139
514008.0 0.7619843933910749
514008.0 0.7704335612339477
514008.0 0.7577445139925088
514008.0 0.765910512379369
514008.0 0.7609587288691135
514008.0 0.7612341635732511
514008.0 0.7726151553978652
514008.0 0.761091148659202
514008.0 0.7668920812895267
514008.0 0.7569833238318234
514008.0 0.7570523286143411
514008.0 0.7590587171754233
514008.0 0.7615223235904229
514008.0 0.761091148659202
514008.0 0.765662576721432
514008.0 0.7705578884065365
514008.0 0.7578108493057429
514008.0 0.7617105274176478
514008.0 0.7697791149071547
514008.0 0.7568186733430382
514008.0 0.7575498464934184
514008.0 0.7604503553884495
514008.0 0.7599859839973288
514008.0 0.7579966303009549
514008.0 0.7670619205646739
514008.0 0.7615036451769748
514008.0 0.7591393508241362
514008.0 0.7725612343277792
514008.0 0.7570230570375168
514008.0 0.7674856426376597
514008.0 0.7578043758190491
514008.0 0.76982231353456
514008.0 0.7619662542201184
514008.0 0.7623696623668841
514008.0 0.7725443254041751
514008.0 0.7623900550929432
514008.0 0.7669290580458676
514008.0 0.7669839341448159
514008.0 0.7669839341448159
514008.0 0.7670367512110868
514008.0 0.7584056217665286
514008.0 0.7580158288236251
514008.0 0.7675153784909139
514008.0 0.7675314444710297
514008.0 0.7664233232891853
514008.0 0.7669290580458676
514008.0 0.7668920812895267
514008.0 0.7630026900150132
514008.0 0.766409826386268
514008.0 0.7704008449651131
514008.0 0.7554251183343276
514008.0 0.7584091756664765
514008.0 0.7653268310529447
514008.0 0.7663902080302127
514008.0 0.7664512474828704
514008.0 0.7653145287759704
514008.0 0.7670367512110868
514008.0 0.7670619205646739
514008.0 0.7623852515757047
514008.0 0.7597470226125644
514008.0 0.7619737347711417
514008.0 0.7663791750653182
514008.0 0.7584056217665286
514008.0 0.765662576721432
514008.0 0.7670619205646739
514008.0 0.7644243900582841
514008.0 0.7644243900582841
514008.0 0.7644243900582841
514008.0 0.7644243900582841
514008.0 0.7644243900582841
514008.0 0.7644243900582841
514008.0 0.7644243900582841
514008.0 0.7644243900582841
514008.0 0.7591393508241362
514008.0 0.7644243900582841
514008.0 0.7644243900582841
514008.0 0.7644243900582841
514008.0 0.7644243900582841
514008.0 0.7669839341448159
514008.0 0.7644243900582841
514008.0 0.7644243900582841
514008.0 0.7644243900582841
514008.0 0.7644243900582841
514008.0 0.7644243900582841
514008.0 0.7644243900582841
514008.0 0.7644243900582841
514008.0 0.7644243900582841
514008.0 0.7644243900582841
514008.0 0.7644243900582841
514008.0 0.7644243900582841
514008.0 0.7670619205646739
514008.0 0.7644243900582841
514008.0 0.7644243900582841
514008.0 0.7669839341448159
514008.0 0.7644243900582841
514008.0 0.7644243900582841
514008.0 0.7644243900582841
514008.0 0.7644243900582841
514008.0 0.7644243900582841
514008.0 0.7644243900582841
514008.0 0.7644243900582841
514008.0 0.7644243900582841
514008.0 0.7644243900582841
514008.0 0.7644243900582841
514008.0 0.761091148659202
509607.0 0.8132838721533234
760068.0 0.22430974568582016
686115.0 0.3721304750779221
684249.0 0.4381218119210986
735933.0 0.2263482558006328
625500.0 0.5788350432192141
593754.0 0.6260390041448697
635871.0 0.5700251710317131
587316.0 0.6366376415786659
575079.0 0.6384719478748948
662955.0 0.49008560485558417
564402.0 0.6390881803883671
661383.0 0.5098517003159228
672426.0 0.4818265718712422
598539.0 0.6009520514218318
603105.0 0.5997935038879539
646896.0 0.5690076359078684
617151.0 0.5977003947853213
697443.0 0.33252926468687977
618468.0 0.5958426551655165
652449.0 0.5680842937433205
552810.0 0.6394842973903919
544512.0 0.6703874508401667
659856.0 0.535267675612577
547350.0 0.6550997862190773
654150.0 0.5499305477358073
699651.0 0.30301977788737294
534816.0 0.6772440785362238
514320.0 0.7624984261638229
510006.0 0.8076548347589534
515910.0 0.7493842946100474
694503.0 0.35034105177118174
674199.0 0.4645326887555039
511908.0 0.7911674254364865
720195.0 0.244345517891825
527010.0 0.6994641742616292
654615.0 0.5413894315455374
723219.0 0.24264246273691867
690669.0 0.37202670355945705
674253.0 0.4598261745411408
549150.0 0.6476348245320508
677043.0 0.4498299265403091
526896.0 0.7143640643489393
532362.0 0.685337998344753
698049.0 0.31445398820956943
697452.0 0.31756147498987314
517650.0 0.7429051813655637
659364.0 0.5387902429296901
681342.0 0.44016055460799136
691440.0 0.35596588893678816
690777.0 0.3616287458440184
539694.0 0.6739619972903874
522498.0 0.7291411839361508
551307.0 0.6437663357615686
701520.0 0.2921094567195521
706335.0 0.2802383916110023
727539.0 0.23422287830230348
680211.0 0.4466311061883714
513858.0 0.7731230656527207
726555.0 0.23741767339040912
539694.0 0.6709110404378015
714183.0 0.2487526521116461
513858.0 0.7844771462718623
526089.0 0.7243426785177505
712860.0 0.2622396481911196
731880.0 0.22722642158063028
694503.0 0.3525013327195049
709965.0 0.27286611618832596
712122.0 0.26868428857260873
512034.0 0.7874041654888615
514008.0 0.7728780611924364
678003.0 0.4481348900211634
731667.0 0.22976867661209788
703587.0 0.286867179446651
701835.0 0.291434666534025
518550.0 0.7369320369153436
710208.0 0.27264189758703206
529062.0 0.6955580973293427
705807.0 0.283208535422412
713958.0 0.2568599484833311
703389.0 0.28701632730558185
706335.0 0.27500052624875426
531174.0 0.6884166998668648
712122.0 0.26585680031092823
520959.0 0.7297618865317986
520464.0 0.7358647323933001
520581.0 0.7327000258237852
526752.0 0.7189969932746202
529200.0 0.6930571533792179
526374.0 0.7202168017850035
518706.0 0.736102622644966
727407.0 0.2368504775363876
526311.0 0.7241291808368452
727539.0 0.23023345445468818
705810.0 0.2830445358441255
531174.0 0.6922152568099341
529086.0 0.6951060827107022
731775.0 0.22942624047011023
714183.0 0.24619292352670227
714183.0 0.2456622962529123
714183.0 0.24759590015839525
714183.0 0.25361397066194125
531174.0 0.6911964352766997
531174.0 0.6909017677829445
531174.0 0.6891561570797565
714183.0 0.2516271430565744
531174.0 0.6899130711073488
714183.0 0.25251261108493644
714183.0 0.24833800411359522
531174.0 0.6922024740730608
714183.0 0.24913191750621633
714183.0 0.249880627628992
714183.0 0.2524583431574548
531174.0 0.6896824633317317
714183.0 0.24767192687328038
531174.0 0.6928758764473657
714183.0 0.2509589947221607
514008.0 0.7729518325077327
714183.0 0.2561949012140609
714183.0 0.25090604547008716
714183.0 0.2555341875688624
714183.0 0.25039997654881063
714183.0 0.25119411028764066
714183.0 0.2550440841281207
714183.0 0.2553075099246346
714183.0 0.2500691212558774
714183.0 0.2538324653015187
714183.0 0.25423674008146696
714183.0 0.25407319066819034
714183.0 0.2548031657581821
714183.0 0.24891333153378978
714183.0 0.2558629916567489
714183.0 0.2564638435923869
714183.0 0.25589896314606925
714183.0 0.2565564432439053
714183.0 0.25035065208077617
731775.0 0.22972742793383216
731775.0 0.22964656347516063
714183.0 0.25449352396491776
731775.0 0.2294848624619743
731775.0 0.22964409843763325
531174.0 0.6929396618365802
714183.0 0.25465969958895973
714183.0 0.2510875914522026
531174.0 0.6930341795184948
714183.0 0.25109370956331223
714183.0 0.25464813438165673
714183.0 0.2545540152263814
714183.0 0.25652894872956955
731775.0 0.22968804890806976
514008.0 0.7728837888957748
714183.0 0.2545237451890178
714183.0 0.25455092572078286
739851.0 0.22651204500105443
512034.0 0.813095455979873
666351.0 0.49292714956492567
676572.0 0.46541756213176233
616200.0 0.6029475009754335
601362.0 0.6049374513065132
686598.0 0.4128186035523389
598707.0 0.623347340172432
587058.0 0.6394958837683157
566472.0 0.6401641561274757
631200.0 0.5906936048415761
697317.0 0.3539349624412441
642363.0 0.5801202004533506
628179.0 0.6005115883441509
686622.0 0.37609947875155986
690306.0 0.3724993867379853
590190.0 0.6389443666532847
686103.0 0.4389296576885432
663252.0 0.5152180779558293
661887.0 0.5246164467961775
562539.0 0.644015431073862
697452.0 0.33647852015336016
552546.0 0.6547961069572454
681063.0 0.4468747932791881
658407.0 0.5425751599026172
541704.0 0.672117318724614
654153.0 0.5704164003111345
701133.0 0.3060511724879638
701787.0 0.29808541677652994
647754.0 0.5791588527367727
650061.0 0.5746505022517809
546393.0 0.6721138613501559
536862.0 0.6774830555771924
699651.0 0.32017795401474414
513816.0 0.7958704432523567
527034.0 0.7174787015228242
727407.0 0.23991481317781713
697995.0 0.32085130711967585
516048.0 0.7610627836052444
681420.0 0.44518995793314153
522288.0 0.7363218178215244
731775.0 0.2315009719994843
704508.0 0.28830860784943635
654783.0 0.5577401875716701
531318.0 0.6888912628386274
727554.0 0.23159666687688793
535122.0 0.6831795942825373
519084.0 0.7421298913660859
723399.0 0.24298872141747546
655041.0 0.5525100474665813
657492.0 0.545570027523736
522444.0 0.7298975118203282
712215.0 0.26724075896247285
547554.0 0.6622197585900904
527046.0 0.7064620048718996
516426.0 0.750182590934013
710214.0 0.2740501672208276
565212.0 0.6426967138740178
717537.0 0.24633425797865222
526482.0 0.7286282643620373
552546.0 0.6474127291776641
530430.0 0.7032227462712737
514008.0 0.7734995191188693
719865.0 0.24625632500521386
526830.0 0.7280687435511881
708030.0 0.2785488023684479
722259.0 0.24588028042548615
714087.0 0.26662856785256867
516048.0 0.7572951071971349
551673.0 0.6563539454665815
706839.0 0.2859175009613145
731775.0 0.2315009719994843
530802.0 0.6944527505662317
714318.0 0.2555181543205753
535536.0 0.6801863883231519
714783.0 0.24803948664836745
548574.0 0.656733882013816
518292.0 0.7470883039500301
714891.0 0.24681978851230393
529065.0 0.7058063999939983
705675.0 0.2876540002910416
714090.0 0.2599312170269416
708033.0 0.2765572768055281
547950.0 0.6589244958380656
709494.0 0.27554476215247015
518817.0 0.7466534479103182
514008.0 0.7798876349515029
706839.0 0.2866622898233082
531174.0 0.6931918458651865
529257.0 0.703285769917417
548574.0 0.6581893999882749
731775.0 0.22978056065622277
709959.0 0.2755175616112577
529086.0 0.7039429393857821
531174.0 0.6939343560069048
518586.0 0.7468454939781466
714183.0 0.2570412132714516
514008.0 0.7830774771418023
514008.0 0.7902196404196117
514008.0 0.7852476781952299
514008.0 0.7841763674436687
552546.0 0.6556881636336367
514008.0 0.7898264316358015
514008.0 0.7927460441566553
514008.0 0.7914286592947833
514008.0 0.7887405973180117
514008.0 0.7930403113666666
531174.0 0.6934387498756543
514008.0 0.7862555247871555
514008.0 0.7846595276806764
514008.0 0.7918055457143831
514008.0 0.7946053400149157
514008.0 0.7939076210899579
514008.0 0.795122325153118
514008.0 0.7814979956048123
514008.0 0.7863453352253019
514008.0 0.787989597146963
514008.0 0.7886073958465882
514008.0 0.7742040359455444
514008.0 0.78706977862455
514008.0 0.7737954084203864
714183.0 0.2593763962635333
514008.0 0.7825719136078437
731775.0 0.23108980465674903
514008.0 0.7940884580021967
514008.0 0.7797136234685954
514008.0 0.7792643080901711
731775.0 0.23047812282507593
731775.0 0.23016403098866656
531174.0 0.6943591030389273
714183.0 0.25867939833443815
514008.0 0.7773539132204708
514008.0 0.7765371431569066
514008.0 0.7955445638874072
514008.0 0.7769327662241133
514008.0 0.7784162581195129
714183.0 0.2594822648622481
514008.0 0.7788577979988347
714183.0 0.25802762289742065
514008.0 0.7755689712758023
514008.0 0.7770233231035479
714183.0 0.2590070571807845
514008.0 0.7810047734862102
731775.0 0.2315009719994843
514008.0 0.7745365332892028
514008.0 0.7872251892325587
731775.0 0.22995248058497225
514008.0 0.7801184822801384
514008.0 0.7759309431048742
514008.0 0.7821036663194042
514008.0 0.7874667274219597
714183.0 0.2590988980672786
514008.0 0.7803158133368627
514008.0 0.7817377497390461
514008.0 0.782218905286176
514008.0 0.7778158068732335
514008.0 0.7878398889116741
514008.0 0.7804874249504093
514008.0 0.7748652883323597
714183.0 0.2576893022279009
714183.0 0.25797780707228146
514008.0 0.7812018545285271
714183.0 0.25820195318222755
514008.0 0.7813025534160642
514008.0 0.7775374998011987
714183.0 0.2583902357025713
714183.0 0.2584921499342781
514008.0 0.7791785321693668
514008.0 0.7761923798716565
714183.0 0.25716621748790314
514008.0 0.7751121981016168
514008.0 0.7759478677001979
514008.0 0.7956873411072825
514008.0 0.7789794031807158
731775.0 0.23069532121911498
514008.0 0.7746131596355933
514008.0 0.7818488771064062
514008.0 0.7807904089417824
514008.0 0.7781246136231068
514008.0 0.7753175164958106
514008.0 0.7876718532531867
514008.0 0.7824533302332809
514008.0 0.7778844244192835
514008.0 0.7916829265547212
514008.0 0.7799329912222206
714183.0 0.2573176992720739
514008.0 0.7763479835012272
731775.0 0.23089036794769616
514008.0 0.7875947357545835
731775.0 0.23094135907793312
731775.0 0.23073606343242337
514008.0 0.7750468996692326
514008.0 0.7764428084022714
514008.0 0.7775236010035689
514008.0 0.7749210714251242
514008.0 0.7940542065858835
514008.0 0.7806273807435041
514008.0 0.7782726947041952
714183.0 0.2580937268416999
714183.0 0.25744622204503353
514008.0 0.7762274786373896
514008.0 0.7870800338349515
514008.0 0.7915663387936486
514008.0 0.7956096557177793
514008.0 0.778141860499692
714183.0 0.2575663687949603
514008.0 0.7753955232306733
714183.0 0.25739392496358715
514008.0 0.7806665082097068
514008.0 0.7807528006330878
514008.0 0.7783187576659136
514008.0 0.7818488771064062
514008.0 0.775494462856109
714183.0 0.2594730865951894
514008.0 0.7914481729897209
514008.0 0.7798144687114904
514008.0 0.7783953684417518
731775.0 0.23152178575188367
714183.0 0.25764173137564417
514008.0 0.7915319782394215
514008.0 0.7824926077720898
514008.0 0.7753599114607527
514008.0 0.7746091054238414
714183.0 0.25758328360449834
514008.0 0.775504939595267
514008.0 0.7778844244192835
514008.0 0.778872566956159
514008.0 0.7789193808781157
714183.0 0.25798841299418307
514008.0 0.7798392911225625
514008.0 0.7798722817118566
714183.0 0.25767442406871477
514008.0 0.7789193808781157
514008.0 0.7824633928195414
514008.0 0.7915319782394215
514008.0 0.7824926077720898
514008.0 0.7798224889503307
731775.0 0.2315041880001413
514008.0 0.778133378154376
514008.0 0.7798144687114904
731775.0 0.2315009719994843
514008.0 0.7798144687114904
514008.0 0.7824926077720898
731775.0 0.2315009719994843
514008.0 0.7824926077720898
731775.0 0.2315009719994843
731775.0 0.2315009719994843
731775.0 0.2315009719994843
731775.0 0.2315009719994843
731775.0 0.2315009719994843
731775.0 0.2315009719994843
731775.0 0.2315009719994843
514008.0 0.7824926077720898
731775.0 0.2315009719994843
731775.0 0.2315009719994843
514008.0 0.7789193808781157
731775.0 0.2315009719994843
731775.0 0.2315009719994843
731775.0 0.2315009719994843
731775.0 0.2315009719994843
731775.0 0.2315009719994843
731775.0 0.2315009719994843
