552546.0 0.7294169004330641
735933.0 0.28526014463011184
568437.0 0.6252253444349811
618372.0 0.4784701533913346
704508.0 0.28830860784943635
594576.0 0.6004394936479189
602331.0 0.5316992192628827
691113.0 0.32791357983943514
639363.0 0.45963019508105235
599439.0 0.5786906551136864
653298.0 0.44731123782889953
680910.0 0.40124250884160445
677043.0 0.4293474040759135
601437.0 0.5443701735317124
667923.0 0.441135304804984
690777.0 0.3616287458440184
644196.0 0.4499142273589173
688197.0 0.39371263406490503
667923.0 0.43157948092667414
688254.0 0.378664652460407
690306.0 0.3724993867379853
710751.0 0.29034999244170556
570495.0 0.648899638137214
598539.0 0.6009520514218318
610284.0 0.5553636174229862
697911.0 0.34559184457205916
591957.0 0.6266025873729453
641811.0 0.4879668788987903
673380.0 0.4432771189846755
576957.0 0.6443072060614204
633282.0 0.5122524705883794
687072.0 0.4349984411922133
649872.0 0.47312886390581593
631707.0 0.5325090836946238
662034.0 0.44987225212740534
659946.0 0.46615318196698874
688197.0 0.411019459036184
622848.0 0.5434395926333369
622275.0 0.5550568132490552
690531.0 0.3910884157787346
691440.0 0.35596588893678816
690777.0 0.3743994989326371
690777.0 0.3730486394784839
694503.0 0.35034105177118174
694503.0 0.3525013327195049
573963.0 0.6968734433362744
768114.0 0.2918527368649066
588759.0 0.6449253187328968
727689.0 0.29903618645443486
598707.0 0.623347340172432
650733.0 0.5020958269418954
671067.0 0.45870134299952353
607647.0 0.609654612720581
697911.0 0.39515739493760693
639861.0 0.5278896025540926
706575.0 0.3555258456815311
660609.0 0.4728760246481582
723597.0 0.3149570346716051
687504.0 0.43958872321280534
716295.0 0.3476927425027853
651498.0 0.4829452612872745
700131.0 0.37374361795232897
719985.0 0.3288346610039017
692157.0 0.4133575726138288
617019.0 0.5947101299441404
616200.0 0.6029475009754335
701775.0 0.36550200414432327
618990.0 0.5735289723774222
689061.0 0.4178008710309469
659925.0 0.48235090494658545
681063.0 0.4468747932791881
717201.0 0.3385365064983916
621291.0 0.5721222856726605
637197.0 0.5395304299677707
677043.0 0.4498299265403091
623616.0 0.5572670385828603
632115.0 0.5407664469482645
629988.0 0.550999707140968
623931.0 0.5539103867075934
638658.0 0.5287373326703729
629994.0 0.5467193983723907
678003.0 0.4481348900211634
689472.0 0.4143547028944937
756129.0 0.2994650260477659
592578.0 0.6884434000784084
609189.0 0.6246400233874959
690531.0 0.4219515617818874
672426.0 0.4818265718712422
597294.0 0.6464033723767366
594771.0 0.6662378632794872
735933.0 0.30160252597961157
753399.0 0.2997420175898
619230.0 0.578992233093283
628416.0 0.5569642147353695
684327.0 0.45628561080615126
709350.0 0.3574572739454711
623682.0 0.5585104843088078
660258.0 0.48680256089676377
641016.0 0.552996189080144
705861.0 0.36681442945565235
643335.0 0.5309812371976929
655008.0 0.5085961459038058
651288.0 0.5290250550088124
704421.0 0.3866757157461578
657045.0 0.4882563448252348
725004.0 0.33227388845694583
612795.0 0.6103935769611949
674253.0 0.4598261745411408
726783.0 0.318219402224387
717363.0 0.3496312635989277
731379.0 0.31520920105877637
698406.0 0.4049605526443343
690213.0 0.44190474588194567
720993.0 0.33834677177550504
690171.0 0.45186796960291675
617151.0 0.5977003947853213
641823.0 0.5465769389766968
674199.0 0.4645326887555039
698406.0 0.4022381604246253
597036.0 0.6477687723487486
734715.0 0.3060838711611304
618468.0 0.5958426551655165
610536.0 0.6152276039913396
719391.0 0.3493710329208809
703086.0 0.3974538280702493
652929.0 0.5192646813609011
653853.0 0.5175814652764111
703626.0 0.39598928751285484
761589.0 0.3031683555857624
596544.0 0.6847764939588086
616467.0 0.612480452537495
662955.0 0.49008560485558417
676572.0 0.46541756213176233
624186.0 0.572991036901909
611451.0 0.6287145839702025
603312.0 0.6585683737917596
684612.0 0.4628126429221626
704730.0 0.39299286370730324
691686.0 0.4367218560285579
651642.0 0.539434618805512
706401.0 0.3683633031441024
657720.0 0.52264295785323
638511.0 0.5680593396373755
701223.0 0.41755659315051324
727959.0 0.32387816227623417
661383.0 0.5098517003159228
750819.0 0.30909249528510674
599025.0 0.6669639371139092
630969.0 0.5694521515610919
724773.0 0.3428281643450119
642825.0 0.5476269089267013
716295.0 0.36436128048024524
643728.0 0.5468267443362983
721680.0 0.3535910722670958
696102.0 0.4290677389343492
698445.0 0.42760988575767556
717201.0 0.36014240306378853
735423.0 0.32184842214335074
724422.0 0.3491663122238831
745191.0 0.310875039789945
735933.0 0.3134058768141888
739806.0 0.3118082347749138
746760.0 0.31082228834985004
739647.0 0.3132633359801664
735933.0 0.3202089151808008
735933.0 0.3210226873568876
596988.0 0.773379611438041
759237.0 0.31103117292126903
605115.0 0.6706611310327888
666351.0 0.49292714956492567
703872.0 0.4303993056587821
625500.0 0.5788350432192141
677028.0 0.46793459514667224
707160.0 0.37972011486249796
635871.0 0.5700251710317131
616746.0 0.6332737948381527
612570.0 0.6614363636570922
646896.0 0.5690076359078684
624312.0 0.6144188555959768
682569.0 0.4660100678401773
708747.0 0.37260885621300005
692754.0 0.46196361238351813
663252.0 0.5152180779558293
719025.0 0.36716641077191653
620364.0 0.617563362254406
650562.0 0.5536096200655798
739806.0 0.3181958435818986
699789.0 0.4367817123018277
750819.0 0.3179140469767052
727845.0 0.352069796318629
695394.0 0.4442647279880837
606954.0 0.6654162256780792
661887.0 0.5246164467961775
728103.0 0.328959495253994
654615.0 0.5413894315455374
751743.0 0.3113580603493156
724896.0 0.35348659038508023
693009.0 0.4506056525465118
729348.0 0.3282529594641142
654150.0 0.5499305477358073
735933.0 0.3263753585102059
721749.0 0.35999775885632107
659856.0 0.535267675612577
659364.0 0.5387902429296901
739185.0 0.32302300402659956
719985.0 0.36158735237735484
735933.0 0.32310286246196773
750819.0 0.31280402671750607
735933.0 0.3266375117306754
600036.0 0.8210465401658888
751827.0 0.31416034343902394
607158.0 0.687854474179751
602145.0 0.8018818753040743
616023.0 0.6630149093087648
631200.0 0.5906936048415761
642363.0 0.5801202004533506
618456.0 0.6413446201641281
749073.0 0.3243386681428009
707628.0 0.43409686132877645
719397.0 0.37895604066185573
707628.0 0.40044157172469863
738552.0 0.3253717361244027
624555.0 0.6332845671670947
710571.0 0.37978405784693847
680304.0 0.4754150707228956
685923.0 0.4672196490831299
665853.0 0.5219065261317722
720201.0 0.36280689114039233
693480.0 0.4557362113610748
671175.0 0.5088955728535605
677604.0 0.4909511655614053
626220.0 0.6204207782700039
662172.0 0.5380281539549943
698730.0 0.4444616582307213
725121.0 0.3565163795650804
652449.0 0.5680842937433205
675942.0 0.4966780476841771
647754.0 0.5791588527367727
710217.0 0.39441255241899115
628179.0 0.6005115883441509
663573.0 0.525158362531645
671211.0 0.5009454623910049
684498.0 0.4683860231598143
650061.0 0.5746505022517809
626796.0 0.6050454734848887
729354.0 0.33216336680880537
733893.0 0.3295407105483872
729192.0 0.340220368615554
696465.0 0.45292590236168373
654783.0 0.5577401875716701
658407.0 0.5425751599026172
703104.0 0.43699989108367937
702192.0 0.43840895863225576
655041.0 0.5525100474665813
657492.0 0.545570027523736
735933.0 0.3286630417908309
728217.0 0.35380677811771666
728070.0 0.35593867258682627
694113.0 0.4541801442154778
611442.0 0.7648533760265062
756129.0 0.3166664117101679
654153.0 0.5704164003111345
622209.0 0.6453425611516692
614247.0 0.7376545506818722
614412.0 0.7089870771944548
636552.0 0.6031370539760347
681051.0 0.4804196891093201
628113.0 0.6114646520652027
644028.0 0.5802158836647902
618813.0 0.6734311157178064
751185.0 0.32439241113933825
626958.0 0.6299805191623079
661971.0 0.5484641509339209
618486.0 0.687270881952341
685752.0 0.4685217048778181
666438.0 0.5242648100689874
703815.0 0.4430250853355426
659397.0 0.5526236910623418
677073.0 0.4983157613217944
709026.0 0.4315897996064605
700026.0 0.45208643104994667
721749.0 0.3672618741872615
742086.0 0.326096554834988
710043.0 0.4180509983604612
692655.0 0.4676309404233257
711222.0 0.390277446108696
717201.0 0.3846636668304881
641175.0 0.5926307578939999
719061.0 0.3807161928106552
710283.0 0.39813391638210727
730650.0 0.3326310661176201
725538.0 0.3621085059564263
695568.0 0.4610678449603933
669756.0 0.5240125957937456
740073.0 0.3275383429952199
642510.0 0.5880835139057916
730074.0 0.3442469485647295
672321.0 0.5150257852886384
735927.0 0.331764966517394
674565.0 0.5053656352047204
672075.0 0.5190310059708116
673782.0 0.50564642723579
735933.0 0.3296377682565621
695073.0 0.4618566097364999
729414.0 0.35031974797888915
727839.0 0.35930074024699554
728073.0 0.35616436954713226
729690.0 0.3493458147959865
728073.0 0.3585028633618026
735933.0 0.3307611102261224
735933.0 0.33146697606242254
619095.0 0.7149923550830836
748569.0 0.3273724151555793
748569.0 0.32806244169714033
700965.0 0.45218384994418886
622257.0 0.6723625356648579
687273.0 0.4729712554978239
623232.0 0.6484362957456635
666924.0 0.5257355829153951
674538.0 0.5211705627887836
657570.0 0.5720560048177142
710055.0 0.4227194261763649
632100.0 0.6126675340820953
706053.0 0.4495325033351035
645486.0 0.6110659813920667
619908.0 0.7086131113667208
646992.0 0.5808519889126409
710571.0 0.40204107641947073
629097.0 0.6281228229063569
679236.0 0.49918220331591
662814.0 0.5498060378747088
659727.0 0.5564603311598153
741702.0 0.33030189528139786
715317.0 0.393346336058275
718659.0 0.3862390931424096
683589.0 0.48987501299014535
679569.0 0.4989414107817791
721749.0 0.38298711580670264
629964.0 0.6249710101576379
685131.0 0.48516908963001293
727413.0 0.3649237882650823
729969.0 0.3514746847316069
740565.0 0.3313047932639206
645612.0 0.5974751335741327
686547.0 0.47563768009263646
723168.0 0.37392371237841765
716064.0 0.39198887228379087
645753.0 0.5928850707800061
645777.0 0.5819589255402539
735933.0 0.33342639877749686
661872.0 0.5536763878690595
730650.0 0.34445361257924767
729354.0 0.36116902539871176
722577.0 0.37566064705193725
732843.0 0.33884816996524586
731427.0 0.340699811104507
733680.0 0.33486329482516297
723168.0 0.3698793446611172
683781.0 0.48882409176172253
735369.0 0.33449162996323845
662748.0 0.5500419619748825
629844.0 0.6274266127654429
728175.0 0.3640768071178237
728523.0 0.3631081844361338
729354.0 0.3630766401511988
735933.0 0.3327040210729711
760023.0 0.32966108066218486
622629.0 0.7481000701753117
623532.0 0.70614628759803
744063.0 0.3328115672984079
634164.0 0.6140253080871202
667707.0 0.5371274976625591
710832.0 0.44627228635170113
698700.0 0.4734511215655306
647646.0 0.5811239150234371
645891.0 0.6039597596498011
688941.0 0.4790494432881578
673377.0 0.5259460048850708
622647.0 0.7475558212294798
715509.0 0.39749574691471445
658146.0 0.5741565276641455
662136.0 0.5557424760494688
685722.0 0.4870582068239197
701349.0 0.453118078704233
679587.0 0.5235251334589363
631335.0 0.629382046867531
684021.0 0.5049133734867524
623667.0 0.6720411023368348
711624.0 0.42183868604341324
629187.0 0.6370619582578788
679989.0 0.5068516251382313
624516.0 0.6509710633483916
712230.0 0.4151329470048193
701241.0 0.4566850963104306
646041.0 0.5945226079483098
627138.0 0.6491379501829072
736917.0 0.3329011470086912
660180.0 0.5566547293956258
659601.0 0.5737939975357403
624285.0 0.6712227848568056
719322.0 0.3895354930943219
724071.0 0.3836324516111034
727791.0 0.3663744056279792
719175.0 0.39216958781683
725892.0 0.37200990159132435
733845.0 0.3432529193331627
724161.0 0.3748585030317803
730650.0 0.35479251912503307
729855.0 0.36142181677108576
732009.0 0.3456841807595914
729600.0 0.3633529265535038
724161.0 0.3829663799642003
735759.0 0.34058703967609294
731760.0 0.3510968742260506
711735.0 0.41583154926522814
731955.0 0.34918966934032303
735933.0 0.3381385047238209
731853.0 0.3497885307242644
735933.0 0.3345860248688472
735933.0 0.33597380300472746
735933.0 0.33770737427078057
735933.0 0.3370742733722994
735933.0 0.3351222662048128
735933.0 0.34013795039396005
735933.0 0.3357813452191788
735933.0 0.3385908990589084
735933.0 0.33886292368514537
735933.0 0.3392554391548367
735933.0 0.33973945485290014
735933.0 0.3365162924778068
735933.0 0.3368100254543612
735933.0 0.33950247954974866
735933.0 0.3405317565577728
735933.0 0.33490476695249444
735933.0 0.33470160371220514
735933.0 0.3365330549518845
735933.0 0.3358794666653467
735933.0 0.3405848133055332
745191.0 0.3340908994982258
623880.0 0.710230275586943
631218.0 0.6457933471823178
711141.0 0.44687137036058105
625509.0 0.6707288928300872
625065.0 0.7070165781633477
634203.0 0.6316637876176964
675891.0 0.5277645997693764
626664.0 0.6638561937664362
705672.0 0.45647132705589744
720966.0 0.39788193043335346
652185.0 0.5829383512182843
640812.0 0.6249634418809712
663690.0 0.5593923287632123
651645.0 0.5976136062203117
719061.0 0.4201676044789854
669093.0 0.5412458982118901
647580.0 0.6115568518218971
658275.0 0.5768347427700746
700347.0 0.4742991391257173
691977.0 0.48135814338473254
713781.0 0.4280278784010618
668175.0 0.5425456585130809
682467.0 0.5239994766361328
703782.0 0.4660060359583216
639300.0 0.6266930474642921
648303.0 0.6107578631311381
724233.0 0.38001864600129265
662154.0 0.5764742283772034
678216.0 0.5263243523569328
740262.0 0.33666425651604065
662601.0 0.5652896933469451
685860.0 0.5055326543956156
684897.0 0.5166525039498648
724233.0 0.39463698673805014
701256.0 0.4728933054704764
686832.0 0.4954358719680855
733257.0 0.3487764666365152
729855.0 0.37245363092749145
744237.0 0.3358062093080707
715767.0 0.42098558730284097
737508.0 0.33863696074575667
732009.0 0.35289644880970233
726261.0 0.3735131790409027
685023.0 0.5109944836020069
715662.0 0.42509202789639444
689793.0 0.48934569150028234
731700.0 0.35927213941130504
690171.0 0.4825474583214686
729858.0 0.3684427887524249
735483.0 0.3462662289650055
687306.0 0.49177858165080046
724989.0 0.3783242835148683
688542.0 0.49040631290466735
731403.0 0.3663682244713315
726117.0 0.3755554011964329
731529.0 0.36400268787221685
736053.0 0.3390601331168934
690888.0 0.48178368962872736
744825.0 0.33493441600253043
735729.0 0.3459027662074419
735933.0 0.34144409684141974
735933.0 0.3445427976831006
735933.0 0.34361326821131066
735933.0 0.3424983445609323
735933.0 0.341714540551581
735933.0 0.3430731946404872
735933.0 0.3444318072064846
735933.0 0.3441475048709345
735933.0 0.34362388475274813
735933.0 0.34285734629808756
735933.0 0.34422851842646934
735933.0 0.3416583620557552
735933.0 0.3426086378938118
735933.0 0.3444946287704509
735933.0 0.34254682026711347
735933.0 0.3426053268192483
735933.0 0.34169987595329543
735933.0 0.3445423432333149
745095.0 0.33659026966149197
626916.0 0.7064435416087275
630138.0 0.6676386529780343
643881.0 0.6318270192082509
648312.0 0.6114861665688146
682467.0 0.5264211938744567
635601.0 0.6350398228251992
653163.0 0.5846066466467011
632544.0 0.6530661158387977
628425.0 0.7041451648392116
687888.0 0.5060778213884425
676899.0 0.5290591750239441
663486.0 0.5794044548390584
652470.0 0.5993392721978307
692694.0 0.4831753854764259
702015.0 0.4818379343103031
673887.0 0.544936296513991
713529.0 0.45367973982461507
722220.0 0.4222027052879121
706917.0 0.4585627887207485
705849.0 0.47411657524565687
713943.0 0.43033647811766795
724293.0 0.38148459152227193
722919.0 0.4020666470165278
711129.0 0.4575750109348798
723168.0 0.3995648965072864
739647.0 0.3401294454777114
744153.0 0.3367300938787024
689550.0 0.5005283546486897
703452.0 0.47863879787760716
666516.0 0.5654920768135275
668367.0 0.5575190242327894
719469.0 0.4287110730552225
714627.0 0.42959176173132935
692550.0 0.4932538498189116
664032.0 0.5741776239840234
690609.0 0.4946933952368525
664953.0 0.566463766699722
668550.0 0.5524747153162753
729249.0 0.3754608269443769
729930.0 0.36893565498131964
720099.0 0.4275499987110709
727083.0 0.3755573219022103
671943.0 0.5496162966036249
671595.0 0.5513060405901485
738123.0 0.34226188104332056
731613.0 0.3673751688251101
725538.0 0.3788156808831364
733512.0 0.3583777772613121
732171.0 0.36225095561701887
736455.0 0.3424799248847471
733767.0 0.3572945417258007
734004.0 0.3500290200849668
733908.0 0.3508358543615162
735735.0 0.3484887060966311
731874.0 0.3630758118120726
725247.0 0.3802786848376002
735960.0 0.34525753674273013
735933.0 0.3475453166923938
735933.0 0.34602195143508746
735933.0 0.3470471585292024
735933.0 0.3481037664878842
735933.0 0.3464413335985305
735933.0 0.3467442457844192
735933.0 0.34783108955909525
735933.0 0.34661486516400136
735933.0 0.346256006599565
735933.0 0.34696351241522666
735933.0 0.34827811264930614
735933.0 0.3477817852197492
735933.0 0.3463214466406736
735933.0 0.3476375408070249
735933.0 0.34821019901034156
735933.0 0.34702562281624316
735933.0 0.34759845776064363
735933.0 0.3475617437781673
627963.0 0.720827870610309
750579.0 0.33678965192437765
640425.0 0.635134665995539
633663.0 0.6533538146525282
651822.0 0.6198350233595807
723003.0 0.41986736181492845
631410.0 0.6809891962392802
630936.0 0.7027779376451415
697329.0 0.48504671558015977
724773.0 0.3868770729348078
715590.0 0.45123657286268504
652638.0 0.6001522719220468
680979.0 0.5327327881973818
707817.0 0.45980514374653464
744222.0 0.3418238055716835
693393.0 0.5036257301305336
740073.0 0.3460886386272918
660885.0 0.5849080909127491
706599.0 0.4828826478652998
694110.0 0.4871888411017147
666588.0 0.5753495969446148
689478.0 0.5095677493126678
686334.0 0.5266488363233954
719775.0 0.4322298788280429
671475.0 0.5614409198261323
676998.0 0.5368166727671221
669249.0 0.57252046860103
717186.0 0.4460017041827515
707145.0 0.46110451491681315
748353.0 0.3377567695705122
733095.0 0.3634860835159863
657504.0 0.595342299649532
706659.0 0.4819709259132019
676137.0 0.5459529176724979
733962.0 0.35158650606772973
685941.0 0.5284363449691689
719073.0 0.4362750551578911
728073.0 0.37860830535211776
673686.0 0.5496982465901714
673080.0 0.556017869462353
725121.0 0.3831797828249264
689709.0 0.5070831888365951
659490.0 0.585544123882798
658707.0 0.595271617727245
730059.0 0.37724916462916414
735933.0 0.3490298529789628
732003.0 0.3697561823739369
731268.0 0.3737008357401987
666816.0 0.5727387833107976
735861.0 0.34912543585269157
731631.0 0.3705451870871873
735933.0 0.3486402128476968
735933.0 0.34868835606917165
735933.0 0.3488403764152474
735933.0 0.34904232794958656
767025.0 0.34002982062762344
634632.0 0.7453288292819131
635334.0 0.6555399133827414
660642.0 0.5860998656582908
672891.0 0.5759600533504786
754161.0 0.34141529302526374
691587.0 0.5161571554264309
694746.0 0.49208908661532663
725247.0 0.39412203751575176
643191.0 0.6410365396215546
707607.0 0.468399887872024
657627.0 0.600876841905781
641115.0 0.650537180006218
725121.0 0.4227651468528049
710187.0 0.4643030936175448
652518.0 0.636034043954872
653109.0 0.6089790786584242
715767.0 0.4551048177375894
697155.0 0.4888386503821113
684021.0 0.5331223265262891
721173.0 0.4373488519193125
650709.0 0.6397970510097889
678903.0 0.5387248075641894
745872.0 0.34449429042907004
748353.0 0.34198519757623785
704955.0 0.4870244242787771
689778.0 0.5248301269820272
723597.0 0.4274494333499954
686394.0 0.5270736168577845
704901.0 0.4885421830984873
672894.0 0.5626861494162064
719733.0 0.4495927692178642
726759.0 0.3841826838523609
674721.0 0.5559901307941374
654168.0 0.6049147993901378
676869.0 0.5521658466785728
740487.0 0.3468900087172554
677652.0 0.5430499749201465
718515.0 0.45368293596608894
729642.0 0.38360146563095987
740109.0 0.3472285186313008
734034.0 0.3610545988386144
731853.0 0.3711789443591991
735933.0 0.35593142948269674
733446.0 0.3686844721970832
731727.0 0.37684625164347996
735858.0 0.3571033510896563
731283.0 0.38091056349203833
733893.0 0.3666754558088248
731712.0 0.38072451122607776
733893.0 0.367167197664104
735933.0 0.3491715645084726
735933.0 0.3515698497032984
735933.0 0.3500827146464127
735933.0 0.35277004299511505
735933.0 0.3521555995502569
735933.0 0.3520940374344932
735933.0 0.35375184074630694
735933.0 0.3533387578015208
735933.0 0.35096241498045033
735933.0 0.3504838103856197
735933.0 0.349514642812892
735933.0 0.35524845088035517
735933.0 0.3555340203465005
735933.0 0.34978497084681914
735933.0 0.3491777701753218
735933.0 0.35283806031029197
735933.0 0.35310175048123865
735933.0 0.350889314267709
735933.0 0.3569419589540046
735933.0 0.3560467908423533
735933.0 0.3506517676868928
735933.0 0.3513810489639407
735933.0 0.3538375083472515
735933.0 0.356233680740668
735933.0 0.34957026067925007
735933.0 0.35684428856718364
735933.0 0.3542890678940354
735933.0 0.349733342875773
735933.0 0.3541723343842519
735933.0 0.35399741352720443
735933.0 0.355882349718166
735933.0 0.3544599670675094
735933.0 0.35655482747755596
735933.0 0.35108597316270845
735933.0 0.355707485411857
735933.0 0.3531549406903595
735933.0 0.3532920856062069
735933.0 0.3546114260225807
735933.0 0.3540390655849523
735933.0 0.3551421288680109
735933.0 0.3513236508969475
735933.0 0.3567165532753156
735933.0 0.3563987794553666
735933.0 0.35652259937330255
735933.0 0.3504987850570487
735933.0 0.3547311714839983
735933.0 0.35063902180859857
735933.0 0.3548601766825735
735933.0 0.35121705481877624
735933.0 0.3549466544413972
735933.0 0.35628661426906266
735933.0 0.3567250904161355
735933.0 0.3542444179647611
735933.0 0.3563665460852741
735933.0 0.3556091538654153
735933.0 0.3511548074576011
735933.0 0.355981864825764
735933.0 0.354555809076184
735933.0 0.3547959798346132
735933.0 0.35507906469270245
735933.0 0.35563394466490106
735933.0 0.3556910401129223
735933.0 0.3549972563355264
735933.0 0.35476556916321444
735933.0 0.35118181284150135
735933.0 0.3550182996027349
735933.0 0.3521322828054311
735933.0 0.35505911418350594
735933.0 0.35595161156284966
735933.0 0.35590846787499486
735933.0 0.35448817619565853
735933.0 0.35451629711763144
735933.0 0.35450666632726124
735933.0 0.35451091706846954
735933.0 0.3567165532753156
735933.0 0.3567165532753156
735933.0 0.3567165532753156
735933.0 0.3567165532753156
735933.0 0.3567165532753156
634713.0 0.8464537096043575
772863.0 0.34149076533655925
635259.0 0.750848886029097
749613.0 0.34416115850021367
635913.0 0.708820635446746
727413.0 0.4150620056764041
636339.0 0.6627927392068726
720666.0 0.4611522794126156
645324.0 0.6594153122111813
665880.0 0.5880658753582769
678774.0 0.5434563643251082
636126.0 0.6849555400704089
713688.0 0.4650045173916587
723003.0 0.4398742784835838
651870.0 0.6413210305131409
660387.0 0.6116546982608847
688929.0 0.5428311769525361
661683.0 0.588648191898433
673635.0 0.5830977493005456
727587.0 0.38789989197334623
747687.0 0.3468848728641235
653370.0 0.6197574268377688
703782.0 0.4985879472081603
711615.0 0.47479668482806237
648252.0 0.6472879163158217
740517.0 0.34768321663906515
674811.0 0.5652038201424294
691875.0 0.5223003779806303
698772.0 0.5021323358544331
676374.0 0.5583095056726182
655650.0 0.6120362702956355
695490.0 0.5180703092815789
722325.0 0.4454408034570859
708072.0 0.4951405118287542
689811.0 0.5248379408069413
678498.0 0.5528593377606743
695946.0 0.5117216448406918
647310.0 0.653540393553511
673749.0 0.5763445677166085
689169.0 0.5361625403327351
708510.0 0.4808784702545194
698127.0 0.5041780478645199
737895.0 0.3498938842585294
706659.0 0.49821644700693174
729972.0 0.3869365920827888
708795.0 0.4768551439471631
654825.0 0.6169200236538808
734004.0 0.37032555352729657
734046.0 0.3635554128877061
731709.0 0.38389615147823886
732084.0 0.3711821606582304
736083.0 0.3551828624432091
739845.0 0.3494115163944668
722880.0 0.44511564087132327
731748.0 0.3794902358679686
735855.0 0.36285141577135055
732015.0 0.37661085673189826
740325.0 0.34867332806514556
731919.0 0.37684510574762703
735960.0 0.35635355129780694
736002.0 0.3555429581249644
735933.0 0.35711088379796946
735855.0 0.36254238549931384
735933.0 0.361508780451074
735933.0 0.35789627271596836
735933.0 0.35750872698170755
735933.0 0.3608060755247575
735933.0 0.3611360745962728
735933.0 0.35809285150960735
735933.0 0.36229312689095283
735933.0 0.36120628698573165
735933.0 0.35963165121680835
735933.0 0.3599513500980335
735933.0 0.3582859245784924
735933.0 0.3619989932887645
735933.0 0.36021456056871476
735933.0 0.35880087027476326
735933.0 0.35908906954372244
735933.0 0.35934016144067477
735933.0 0.35996053014235835
735933.0 0.35734383524435775
735933.0 0.3623762910140009
735933.0 0.35899588969390467
735933.0 0.3618943786849476
735933.0 0.36159742000336903
735933.0 0.36025260162539186
735933.0 0.36063274341243673
735933.0 0.36177942671214575
735933.0 0.35720768993154733
735933.0 0.3604122497442865
735933.0 0.3586474125102337
735933.0 0.3574684757723552
735933.0 0.35851032449744025
735933.0 0.3584062162427756
735933.0 0.359454982819197
735933.0 0.3615798766366781
735933.0 0.36052946518791085
735933.0 0.3617796765147484
735933.0 0.3593559046028521
735933.0 0.3619812008509941
735933.0 0.35949446790291967
735933.0 0.3587219115131785
735933.0 0.3571676357584689
735933.0 0.3607193011660863
735933.0 0.35957445232095636
735933.0 0.3604453676699555
735933.0 0.3607230256974287
735933.0 0.36051406913377027
735933.0 0.3584421390226989
735933.0 0.35904635115108213
735933.0 0.36157544888364385
735933.0 0.35848640536059745
735933.0 0.35711573179017325
735933.0 0.3586812544397757
735933.0 0.3596196254027594
735933.0 0.3595835543147458
735933.0 0.3590717401826243
735933.0 0.3594766962055152
735933.0 0.36042573169338654
735933.0 0.3586995811611597
735933.0 0.35870638075040867
636330.0 0.7429574934265625
765369.0 0.34769845631218294
727584.0 0.4242696001992614
745671.0 0.34793393123888006
636792.0 0.678535658840763
722835.0 0.45282479140066206
670764.0 0.5888152703912325
662622.0 0.5964428397590941
728841.0 0.38791138725687013
698901.0 0.5276598223722302
643653.0 0.6633137076421929
721077.0 0.47825926744459707
708690.0 0.49172764425110915
712056.0 0.48199895210235477
703425.0 0.5029532171706911
638367.0 0.6712943096510924
660777.0 0.6128138839296541
675168.0 0.5781302794013212
690297.0 0.5279204112091487
684042.0 0.5461079509869271
699222.0 0.5113512104135204
650634.0 0.6512969689908218
653100.0 0.6458524627720363
677553.0 0.563274685858463
679842.0 0.5517959997054714
688821.0 0.5451403719239325
740475.0 0.35010538994909085
721392.0 0.46328417545494355
648636.0 0.6604762072447243
710643.0 0.48523951612938104
680334.0 0.5472079478499633
653856.0 0.6356609713052703
657594.0 0.615244232329034
721134.0 0.46818828634062604
731748.0 0.3848800895967651
654270.0 0.6313076275864572
648651.0 0.6585425558901976
733977.0 0.37716803132365534
689457.0 0.5395850441968815
654393.0 0.6217935741417705
738990.0 0.3532356310967559
656943.0 0.6176863279018079
701778.0 0.5090624586362565
655326.0 0.6210540654533003
738165.0 0.35978509761374455
734184.0 0.37115906548315875
676284.0 0.5773158919901155
702162.0 0.5084148880842079
690018.0 0.5344307454486454
732093.0 0.37970023453400437
737940.0 0.3616543655146273
676365.0 0.5704743642714114
676794.0 0.567491788748474
740115.0 0.3527191758839598
735609.0 0.37057981254856326
735933.0 0.3633122322877566
690132.0 0.5309707305459093
731853.0 0.3812220579529155
676677.0 0.5690599903264666
690249.0 0.5295404432312327
731955.0 0.3805852289096198
735906.0 0.37017659065618563
735933.0 0.362545980873794
735933.0 0.3670389341107458
735933.0 0.365022729808944
735933.0 0.36764586761394286
735933.0 0.3656097006920999
735933.0 0.3667150937292357
735933.0 0.3684826584381874
735933.0 0.3661767747501461
735933.0 0.36880256327019506
735933.0 0.36804484163817236
735933.0 0.3683197066520961
735933.0 0.36360072706823593
735933.0 0.3691350571973296
735933.0 0.3638841429623509
735933.0 0.36488273788185815
735933.0 0.3677329392786422
735933.0 0.3664559902984586
735933.0 0.36413821672698743
735933.0 0.3659793509904277
735933.0 0.3695431967420052
735933.0 0.3681387269065753
735933.0 0.36418510327013587
735933.0 0.36978156198312107
735933.0 0.36448419908220253
735933.0 0.36440840387559265
735933.0 0.3689794310159539
735933.0 0.369986868023974
735933.0 0.3646730065504155
735933.0 0.3634628676157875
735933.0 0.3693144418341749
735933.0 0.3631592065467904
735933.0 0.36470012172369404
735933.0 0.36380305809444785
735933.0 0.3658831438557266
735933.0 0.3665336987012826
735933.0 0.36275827451814163
735933.0 0.36305800018179846
735933.0 0.36970038487824003
735933.0 0.3632687449278997
735933.0 0.37000087444029955
735933.0 0.36264820669390774
735933.0 0.3701380419853914
735933.0 0.3657742031031479
735933.0 0.3689156630015686
735933.0 0.369414811733512
735933.0 0.36567064986996395
735933.0 0.36883812024822366
735933.0 0.3628494484860333
735933.0 0.3629945221710362
735933.0 0.36573552815537125
735933.0 0.36260809418246914
735933.0 0.36295046400763686
735933.0 0.36772278731456665
735933.0 0.362897287732075
735933.0 0.36380809420348303
735933.0 0.3644263229144497
735933.0 0.36338720929169366
735933.0 0.36934790813659835
735933.0 0.3633402197858587
735933.0 0.36973932437346974
735933.0 0.3693846302294893
735933.0 0.366481101134299
735933.0 0.3665110787588084
735933.0 0.3628687650701974
735933.0 0.3633812766522664
735933.0 0.36971899107862055
735933.0 0.3701499262155121
735933.0 0.36940889908960944
735933.0 0.3701728319500249
735933.0 0.36970302550356593
735933.0 0.36338329373162037
735933.0 0.36338720929169366
