531174.0 0.740599831494891
731775.0 0.22773387908790754
618372.0 0.4784701533913346
577152.0 0.5879852467372643
704508.0 0.28830860784943635
691113.0 0.32791357983943514
599439.0 0.5786906551136864
555666.0 0.604572433957296
715809.0 0.23854976242691045
532362.0 0.685337998344753
639363.0 0.45963019508105235
605790.0 0.524736194479236
666045.0 0.41109550072282813
706755.0 0.25895012354181407
680910.0 0.40124250884160445
547350.0 0.6550997862190773
659748.0 0.4260195545167274
539610.0 0.6671271706105847
653298.0 0.44731123782889953
601437.0 0.5443701735317124
644196.0 0.4499142273589173
690777.0 0.3616287458440184
551094.0 0.6255598731640425
688197.0 0.39371263406490503
552546.0 0.6248626578313432
602331.0 0.5316992192628827
688254.0 0.378664652460407
690306.0 0.3724993867379853
690669.0 0.37202670355945705
535380.0 0.7048852426045172
723219.0 0.24264246273691867
610284.0 0.5553636174229862
589635.0 0.5888850365256573
662967.0 0.4275212510648525
705081.0 0.30642011073134773
641811.0 0.4879668788987903
686598.0 0.4128186035523389
697017.0 0.33526474022510266
576786.0 0.6081100063588488
633282.0 0.5122524705883794
649872.0 0.47312886390581593
565632.0 0.6247523381475604
716196.0 0.27349141557976353
631707.0 0.5325090836946238
659946.0 0.46615318196698874
587058.0 0.6077332322122033
709908.0 0.28128961181386963
662034.0 0.44987225212740534
622848.0 0.5434395926333369
541704.0 0.672117318724614
622275.0 0.5550568132490552
559659.0 0.6300599601546399
548322.0 0.6630525677143072
540456.0 0.6865800549514353
690531.0 0.3910884157787346
537798.0 0.6988843494946754
691440.0 0.35596588893678816
689112.0 0.4018995090075699
694503.0 0.35034105177118174
713391.0 0.2760832446856184
690777.0 0.3730486394784839
690777.0 0.3743994989326371
552546.0 0.6564054491975123
688197.0 0.411019459036184
552546.0 0.6474127291776641
552546.0 0.6380553509293335
552546.0 0.6573610655320284
694503.0 0.3525013327195049
552546.0 0.6547961069572454
552546.0 0.6333324483455278
552546.0 0.6596957132701041
552546.0 0.6612029605477243
552546.0 0.6556881636336367
552546.0 0.6583167551886814
552546.0 0.658905392883526
552546.0 0.6622083816556474
552546.0 0.6567884759199842
552546.0 0.661694254695902
552546.0 0.6615254230779519
730755.0 0.2531488386638821
535656.0 0.7434185510122714
535656.0 0.7674264225883175
730755.0 0.24818985057345758
697911.0 0.34559184457205916
590190.0 0.5942986557441516
618990.0 0.5735289723774222
705096.0 0.30692736990138164
690669.0 0.3940527485057044
568437.0 0.6252253444349811
586710.0 0.6088257168576335
650733.0 0.5020958269418954
677043.0 0.4293474040759135
660609.0 0.4728760246481582
667923.0 0.441135304804984
639861.0 0.5278896025540926
552810.0 0.6394842973903919
564402.0 0.6390881803883671
710391.0 0.2813144488859854
689061.0 0.4178008710309469
651498.0 0.4829452612872745
723411.0 0.27313401247648106
537459.0 0.7321068958584548
667923.0 0.43157948092667414
537459.0 0.7080379776866331
659925.0 0.48235090494658545
713655.0 0.27775396929512675
723519.0 0.26224077091585535
546558.0 0.6761609588931144
552546.0 0.663455650574675
637197.0 0.5395304299677707
621291.0 0.5721222856726605
543870.0 0.7002667954531462
689472.0 0.4143547028944937
632115.0 0.5407664469482645
623616.0 0.5572670385828603
629988.0 0.550999707140968
623931.0 0.5539103867075934
550458.0 0.6683650886319427
730755.0 0.2576113549064305
638658.0 0.5287373326703729
544254.0 0.6860658568042469
544254.0 0.6827476786131633
629994.0 0.5467193983723907
539613.0 0.7021721838880114
713595.0 0.2793328833211468
539397.0 0.7024505134909168
551094.0 0.6662820582791547
730755.0 0.25746616207197065
552546.0 0.6657009245860309
730755.0 0.26094450377656897
730755.0 0.2590805387517302
730755.0 0.25864745343202283
730755.0 0.26159053675420296
738447.0 0.25534913921779134
537798.0 0.7243357192207074
671067.0 0.45870134299952353
591957.0 0.6266025873729453
617019.0 0.5947101299441404
576333.0 0.6313502609378246
660258.0 0.48680256089676377
687072.0 0.4349984411922133
673380.0 0.4432771189846755
697911.0 0.39515739493760693
599808.0 0.59924665939813
619230.0 0.578992233093283
707454.0 0.3084781691150796
628416.0 0.5569642147353695
623682.0 0.5585104843088078
641016.0 0.552996189080144
643335.0 0.5309812371976929
700131.0 0.37374361795232897
705183.0 0.32598330292787325
568890.0 0.6353791863980696
655008.0 0.5085961459038058
705183.0 0.3421871376804226
692157.0 0.4133575726138288
710751.0 0.29034999244170556
651288.0 0.5290250550088124
657045.0 0.4882563448252348
546654.0 0.6809977968625623
726333.0 0.2770117673812418
592215.0 0.6015779896483289
546558.0 0.7000123016161591
703542.0 0.3568804268796621
690531.0 0.4219515617818874
718215.0 0.27846244755113375
641823.0 0.5465769389766968
541704.0 0.713413832663923
701775.0 0.36550200414432327
543786.0 0.706015595810692
730899.0 0.25786852384470177
726537.0 0.2635507004072113
565212.0 0.6426967138740178
562539.0 0.644015431073862
713655.0 0.287787629578165
594576.0 0.6004394936479189
539682.0 0.7224848288786667
715809.0 0.28099231721910906
558729.0 0.649474325858856
553308.0 0.6607127298756377
652929.0 0.5192646813609011
556038.0 0.6569776509459812
653853.0 0.5175814652764111
552546.0 0.6684032507545973
691839.0 0.41702420640388776
730755.0 0.263370910071554
557355.0 0.6531437309450706
552546.0 0.66634825675839
730800.0 0.2616772986480417
558309.0 0.6519435092238012
557976.0 0.6520944527725944
552546.0 0.6716369147736592
552546.0 0.6739166623135882
552546.0 0.6747506166978213
552546.0 0.6674434549660186
726333.0 0.27788287310731935
552546.0 0.6779236982514526
552546.0 0.6763604488267232
552546.0 0.6689768754730401
552546.0 0.6706781580048359
552546.0 0.6790751927526097
552546.0 0.6699823473635355
552546.0 0.6781043248350851
552546.0 0.6755390564357836
552546.0 0.6801915162211685
552546.0 0.6758088670268788
552546.0 0.674872016360999
552546.0 0.6701388585411219
552546.0 0.6763397601802777
552546.0 0.6743641235668132
552546.0 0.6793060813695563
552546.0 0.6798434539773053
552546.0 0.6740559461826962
552546.0 0.679570680965936
552546.0 0.6742739175644586
552546.0 0.6801107297729034
552546.0 0.6799196365936119
552546.0 0.679504278465152
552546.0 0.6739333059677349
538047.0 0.7517577094184291
538047.0 0.7602843784941985
743313.0 0.259589905934641
712047.0 0.2977895285242602
706575.0 0.3434539399658565
598539.0 0.6009520514218318
590190.0 0.6389443666532847
569946.0 0.6433106787282815
651642.0 0.539434618805512
624186.0 0.572991036901909
539397.0 0.7268062273605057
662955.0 0.49008560485558417
587058.0 0.6394958837683157
700869.0 0.3845997133961724
657720.0 0.52264295785323
672426.0 0.4818265718712422
638511.0 0.5680593396373755
603105.0 0.5997935038879539
693447.0 0.4151277052699149
661383.0 0.5098517003159228
705861.0 0.36681442945565235
618468.0 0.5958426551655165
617151.0 0.5977003947853213
630969.0 0.5694521515610919
543960.0 0.7094270458199434
691686.0 0.4367218560285579
687504.0 0.43958872321280534
719493.0 0.2816648928607937
738831.0 0.26045685512506883
718683.0 0.29728850239531684
642825.0 0.5476269089267013
698406.0 0.4022381604246253
681063.0 0.4468747932791881
564456.0 0.646591513060533
643728.0 0.5468267443362983
674199.0 0.4645326887555039
706575.0 0.3555258456815311
547638.0 0.6877134203718059
730755.0 0.27118349490374044
674253.0 0.4598261745411408
677043.0 0.4498299265403091
547434.0 0.6984192629389677
547413.0 0.7072198066254615
726594.0 0.2720670718847143
726333.0 0.28013321188753054
698406.0 0.4049605526443343
560892.0 0.662003356128498
564345.0 0.659428076545984
556812.0 0.6635142172248018
550293.0 0.6834787738035281
556302.0 0.6662072189898521
678003.0 0.4481348900211634
730755.0 0.2663966755225111
554499.0 0.6760434212150328
556302.0 0.6722244153633548
562920.0 0.6605737858656119
726405.0 0.2795581763894931
551160.0 0.6820624172332984
552546.0 0.681042064195092
553308.0 0.6782758742955978
730755.0 0.2644660705259363
553410.0 0.6766948252863011
730755.0 0.2698950683687325
552546.0 0.6818070951349436
730755.0 0.2679886260230408
730755.0 0.26563719273330777
730755.0 0.2688093223581585
730755.0 0.26851821849572954
552546.0 0.6814010268975452
552546.0 0.6816502347342485
743562.0 0.2603251452337938
538083.0 0.7623890797793434
616200.0 0.6029475009754335
666351.0 0.49292714956492567
625500.0 0.5788350432192141
713595.0 0.3023280390725564
676572.0 0.46541756213176233
587844.0 0.6397936650238685
598707.0 0.623347340172432
601362.0 0.6049374513065132
635871.0 0.5700251710317131
710928.0 0.35163179248051213
684327.0 0.45628561080615126
646896.0 0.5690076359078684
700869.0 0.41500736401362953
663252.0 0.5152180779558293
706401.0 0.3683633031441024
576957.0 0.6443072060614204
539640.0 0.7405963535155273
650562.0 0.5536096200655798
556440.0 0.6676005964130566
720285.0 0.29355297956399545
696102.0 0.4290677389343492
568926.0 0.6482870884862669
701595.0 0.39144864616798336
690213.0 0.44190474588194567
689355.0 0.44238386047906025
661887.0 0.5246164467961775
704421.0 0.3866757157461578
550353.0 0.6985502725538324
724752.0 0.2819447913049935
738021.0 0.26759693145415625
698445.0 0.42760988575767556
565086.0 0.6566789001631377
654615.0 0.5413894315455374
573375.0 0.6443787103917799
709350.0 0.3574572739454711
722022.0 0.28690217023029546
560430.0 0.6659724146000522
731616.0 0.26798010208802975
654150.0 0.5499305477358073
547638.0 0.7018018444919218
741711.0 0.2668668266119154
659856.0 0.535267675612577
551955.0 0.684412051530428
659364.0 0.5387902429296901
547350.0 0.7120505928445354
544542.0 0.71277282176389
539640.0 0.7299440965926332
544116.0 0.7207285679509161
552546.0 0.6827440082893058
730755.0 0.2787381607756564
564312.0 0.6645380812917046
541929.0 0.7279588427567254
543714.0 0.7271466216499826
564849.0 0.6639195880429954
710373.0 0.35518377277793234
552546.0 0.6829553841327627
703335.0 0.3888460590506271
730755.0 0.2721193614986793
703335.0 0.38881588239542697
730755.0 0.27908913787382694
730755.0 0.276122852929845
730755.0 0.2776274757258846
552546.0 0.6835931178887531
730755.0 0.2734130797449466
730755.0 0.2812502651323925
730755.0 0.27566797559530687
730755.0 0.2748182204384972
552546.0 0.6837683109656915
730755.0 0.2782906787939572
730755.0 0.27961514403346
730755.0 0.27369562575885326
730755.0 0.2800064465292948
730755.0 0.2805602723134441
730755.0 0.27408456904340706
730755.0 0.28082566855818547
552546.0 0.6834508807165433
552546.0 0.6830549752087686
730755.0 0.27578125027833655
730755.0 0.27793314571667177
730755.0 0.2742659829195983
730755.0 0.27876450974775363
730755.0 0.27448848504089757
730755.0 0.2778862942857356
730755.0 0.2798275041728046
730755.0 0.27470999874465835
730755.0 0.28071020737784347
730755.0 0.2745819452626966
552546.0 0.68289405322437
730755.0 0.27989643783009627
730755.0 0.2806039639767827
539682.0 0.7613056621152258
751434.0 0.2622041483850709
607647.0 0.609654612720581
626796.0 0.6050454734848887
631200.0 0.5906936048415761
713655.0 0.31484193903922914
642363.0 0.5801202004533506
713601.0 0.3485530535416885
701223.0 0.41755659315051324
745863.0 0.26960972719207343
584523.0 0.6482672495503211
675942.0 0.4966780476841771
677028.0 0.46793459514667224
699789.0 0.4367817123018277
570495.0 0.648899638137214
588759.0 0.6449253187328968
599808.0 0.6446666751253631
718065.0 0.306354247529892
665853.0 0.5219065261317722
735033.0 0.2706151235472958
671175.0 0.5088955728535605
684612.0 0.4628126429221626
690171.0 0.45186796960291675
709836.0 0.36491758615289466
695394.0 0.4442647279880837
662172.0 0.5380281539549943
652449.0 0.5680842937433205
550458.0 0.7042866707085699
545967.0 0.7140585733922219
703086.0 0.3974538280702493
565632.0 0.6573184108923319
663573.0 0.525158362531645
628179.0 0.6005115883441509
647754.0 0.5791588527367727
671211.0 0.5009454623910049
682569.0 0.4660100678401773
650061.0 0.5746505022517809
721971.0 0.29468321828434574
654783.0 0.5577401875716701
552438.0 0.6879182603755561
556662.0 0.6800790136894659
708747.0 0.37260885621300005
721659.0 0.2971766428694078
725427.0 0.28427859822160856
547746.0 0.7048766347072197
693009.0 0.4506056525465118
569640.0 0.6531251858323468
707160.0 0.37972011486249796
602616.0 0.6409870943927226
706575.0 0.38680059776764464
658407.0 0.5425751599026172
655041.0 0.5525100474665813
604320.0 0.6178444318280077
564324.0 0.6655522321654742
604320.0 0.624404823363858
657492.0 0.545570027523736
543528.0 0.7456088786094428
604320.0 0.6359908957837419
713601.0 0.3535056635076951
704730.0 0.39299286370730324
543714.0 0.7396202047360715
556791.0 0.6739789723444447
732591.0 0.27243572718061576
544542.0 0.7250213918654496
541764.0 0.7525923448444918
730800.0 0.2760211517082995
562818.0 0.6688665890109496
726102.0 0.28366574952867035
541764.0 0.7550185153723619
559734.0 0.6717653337215757
604320.0 0.6138875461749694
730683.0 0.2835015821524853
560856.0 0.6710249438746059
552546.0 0.6855933795886479
544371.0 0.7319021742967503
703626.0 0.39598928751285484
544542.0 0.725774197855705
730755.0 0.28228201000184994
544374.0 0.7315170940132955
552546.0 0.6853580005781497
552546.0 0.6862908115514263
552546.0 0.6875687385175473
552546.0 0.6868978166658437
552546.0 0.6869887019850642
730755.0 0.28321799630782823
730755.0 0.28287634513827986
730755.0 0.2826105253680167
552546.0 0.6858527629013424
730755.0 0.2834281548063239
552546.0 0.6861766537549107
552546.0 0.6877903013283492
552546.0 0.6856041120554729
773802.0 0.2650021392963076
541764.0 0.7715607480312741
735651.0 0.27195542930789773
636552.0 0.6031370539760347
612795.0 0.6103935769611949
585816.0 0.6483767756153164
607173.0 0.6148509641177312
543786.0 0.7412359897291214
567993.0 0.65810039945611
654153.0 0.5704164003111345
597294.0 0.6464033723767366
661971.0 0.5484641509339209
644028.0 0.5802158836647902
547350.0 0.7153980970350592
666438.0 0.5242648100689874
659397.0 0.5526236910623418
680304.0 0.4754150707228956
713727.0 0.3607644719068786
707628.0 0.40044157172469863
677604.0 0.4909511655614053
713727.0 0.33770627930034586
706278.0 0.41797061918812956
721989.0 0.2980708537683781
641175.0 0.5926307578939999
692754.0 0.46196361238351813
597036.0 0.6477687723487486
698730.0 0.4444616582307213
710217.0 0.39441255241899115
703194.0 0.4191703144556592
554586.0 0.6874341048463852
685923.0 0.4672196490831299
550353.0 0.7077060593838517
564960.0 0.6672160657914255
726495.0 0.2885596838912261
558582.0 0.6767002886433453
703104.0 0.43699989108367937
677073.0 0.4983157613217944
717768.0 0.31707064192045514
684498.0 0.4683860231598143
696465.0 0.45292590236168373
642510.0 0.5880835139057916
552444.0 0.6940915040042264
717627.0 0.3274232118943106
669756.0 0.5240125957937456
733104.0 0.2726618670857525
672321.0 0.5150257852886384
702192.0 0.43840895863225576
712899.0 0.3719626414099875
730890.0 0.2788421219209482
710292.0 0.38022492747282577
721812.0 0.30656402589595166
672075.0 0.5190310059708116
673782.0 0.50564642723579
562845.0 0.67005203610128
674565.0 0.5053656352047204
548244.0 0.7087461358509501
710571.0 0.37978405784693847
718524.0 0.30841707711724914
713601.0 0.3698767546434568
560394.0 0.6717829137942338
716325.0 0.3318978043663819
714738.0 0.3336711037520146
693480.0 0.4557362113610748
728562.0 0.28604457763190166
694113.0 0.4541801442154778
719139.0 0.30659219483645583
726786.0 0.2863973130019147
559077.0 0.6745452228782238
730755.0 0.283866002178455
730755.0 0.28371214626868857
552546.0 0.69112259221348
558753.0 0.6746958630638626
552546.0 0.6883006016464825
552546.0 0.6899648568283199
552546.0 0.6906534404051715
730755.0 0.285112578143271
552546.0 0.6896078772773923
730755.0 0.2855267293288345
730755.0 0.2843826188263267
552546.0 0.6932804646711477
552546.0 0.688784046522566
552546.0 0.6939833195114371
552546.0 0.6892120384888966
552546.0 0.6936291263046045
552546.0 0.6919759756972191
730755.0 0.2839908105804216
730755.0 0.2857002106118141
730755.0 0.2840481361386371
552546.0 0.689088883283049
552546.0 0.6916502384376615
730755.0 0.28487357676095887
552546.0 0.6908307231060326
552546.0 0.6927283093111897
552546.0 0.6886087540577834
730755.0 0.2845594657549544
552546.0 0.6924754756437145
552546.0 0.6930005430657052
552546.0 0.6910467231261493
552546.0 0.6924338039175659
552546.0 0.6920698915354704
552546.0 0.6897736150574947
552546.0 0.6934932241885646
552546.0 0.6884769676720963
552546.0 0.6913253477561704
552546.0 0.6915360238150979
730755.0 0.2846892778096818
552546.0 0.6913837264123377
552546.0 0.6928052671475068
552546.0 0.6911530640754034
552546.0 0.6922531952968812
552546.0 0.6898815303695506
730755.0 0.2847736019449153
552546.0 0.6929351293620791
552546.0 0.6907116880923191
552546.0 0.6883686086890156
730755.0 0.28564622687620916
552546.0 0.6924196187098959
552546.0 0.692266672035982
552546.0 0.6935319886533444
730755.0 0.2837597470057845
730755.0 0.28393522298331714
552546.0 0.6891553161639841
552546.0 0.6916074216417929
552546.0 0.6929877401118318
730755.0 0.28374088180383483
738453.0 0.2722181386273373
543573.0 0.8117788196055268
603312.0 0.6585683737917596
568932.0 0.6599599457132181
544182.0 0.7475504926087573
609189.0 0.6246400233874959
645486.0 0.6110659813920667
666924.0 0.5257355829153951
674538.0 0.5211705627887836
657570.0 0.5720560048177142
703872.0 0.4303993056587821
628113.0 0.6114646520652027
709098.0 0.4053968085292461
616467.0 0.612480452537495
681051.0 0.4804196891093201
685752.0 0.4685217048778181
646992.0 0.5808519889126409
700026.0 0.45208643104994667
547413.0 0.7436177410413398
679236.0 0.49918220331591
662814.0 0.5498060378747088
627399.0 0.6121836499909753
719493.0 0.3255333420830236
692655.0 0.4676309404233257
703815.0 0.4430250853355426
610536.0 0.6152276039913396
717201.0 0.3385365064983916
659727.0 0.5564603311598153
734586.0 0.2751535107443464
716295.0 0.36436128048024524
716295.0 0.3476927425027853
713283.0 0.3800740921337364
547413.0 0.7195953190694109
714435.0 0.3709116873730243
679569.0 0.4989414107817791
695568.0 0.4610678449603933
711222.0 0.390277446108696
719961.0 0.3134093399959771
726537.0 0.2970020677327092
556764.0 0.6898915682182366
645612.0 0.5974751335741327
560424.0 0.6732285378151127
720285.0 0.3067951303775554
722013.0 0.2989994466990144
645753.0 0.5928850707800061
554574.0 0.6939441651002979
645777.0 0.5819589255402539
560394.0 0.6783551527386217
564804.0 0.6725301284167361
661872.0 0.5536763878690595
695073.0 0.4618566097364999
710283.0 0.39813391638210727
567420.0 0.6683748348115137
568326.0 0.6630460663254166
722013.0 0.3014648423808714
731418.0 0.2823751207038824
731418.0 0.2858254732891644
728694.0 0.29667525592944954
558963.0 0.685901052552413
559002.0 0.6845097803252692
730413.0 0.29099106956982695
710403.0 0.39549813356131197
728787.0 0.2911861211623605
565884.0 0.6692568651835796
550293.0 0.7133059972620694
730749.0 0.2860548910436115
550533.0 0.7120934576976855
547746.0 0.7192570302753031
548496.0 0.714909367348687
662748.0 0.5500419619748825
548496.0 0.715316795932766
565332.0 0.6719557935868591
552546.0 0.7039225099923908
552546.0 0.7080001337845738
552546.0 0.6998131233054499
552546.0 0.6975212078691937
552546.0 0.6990965057249249
552546.0 0.7108480198736508
552546.0 0.7043097815065562
552546.0 0.6943894552937377
552546.0 0.7075478778852143
552546.0 0.6971012889090119
552546.0 0.6949290410032667
552546.0 0.6983888397235566
552546.0 0.7058968188084315
552546.0 0.6988721899176686
552546.0 0.7054164079394519
552546.0 0.7098037317731687
552546.0 0.7085618633586591
552546.0 0.7089310451256701
552546.0 0.7079998103884602
552546.0 0.7020731375434923
552546.0 0.7093584836975243
552546.0 0.7007075267270539
552546.0 0.7093763824522321
552546.0 0.7112458183300377
552546.0 0.7027252832301352
552546.0 0.7050257063658933
552546.0 0.6967736732500488
552546.0 0.7023078964137806
552546.0 0.6964261531206887
552546.0 0.7039471499873776
552546.0 0.7012823329834954
552546.0 0.7035890324263512
552546.0 0.7004393584353227
552546.0 0.698283614793887
552546.0 0.7088476341208841
552546.0 0.6954637982624449
552546.0 0.6978613811716976
552546.0 0.704625221385877
552546.0 0.7116213988525758
552546.0 0.6957677189070721
552546.0 0.7010548547917315
552546.0 0.6999153338436743
552546.0 0.7105182635516298
552546.0 0.708311693951599
552546.0 0.6941109885655726
552546.0 0.6951067052209333
552546.0 0.7080001337845738
552546.0 0.7065265305168043
552546.0 0.7047181672948818
552546.0 0.7018586283921044
552546.0 0.70685653069514
552546.0 0.6953088752496613
552546.0 0.7037648510392699
552546.0 0.7100094401033396
552546.0 0.7030338492874116
552546.0 0.71186861980254
552546.0 0.6980104700716987
552546.0 0.7015036431065103
552546.0 0.700157544402269
552546.0 0.7115146878756973
552546.0 0.7066049183273585
552546.0 0.7031210880921499
552546.0 0.7028444049110751
552546.0 0.6969189676905585
552546.0 0.7002184399997076
552546.0 0.7083278488806029
552546.0 0.7062824087859852
552546.0 0.7033851568149656
552546.0 0.7101882999633372
552546.0 0.7023045560032521
552546.0 0.7118973217014263
552546.0 0.7032955930082294
552546.0 0.7053534643999056
552546.0 0.6960457451263948
552546.0 0.7051957283872907
552546.0 0.6989492748857303
552546.0 0.7073462142949954
552546.0 0.7099048957079577
552546.0 0.7061250145451884
552546.0 0.7113544820098587
552546.0 0.6949878247558844
552546.0 0.7005970163684249
552546.0 0.6961699988572689
552546.0 0.70513946608874
552546.0 0.7070547149236749
552546.0 0.6942668745402467
552546.0 0.7011228378557004
552546.0 0.7038755336815308
552546.0 0.7062824087859852
552546.0 0.6954041107129529
552546.0 0.6990841572851128
552546.0 0.6968466046986762
552546.0 0.6958124224516855
552546.0 0.6959555323770468
552546.0 0.7102457993713667
552546.0 0.7072541663885815
552546.0 0.6979421838475867
552546.0 0.7069510607143895
552546.0 0.6942717144950802
552546.0 0.6963785105773066
552546.0 0.7017721719381184
552546.0 0.7103478068950825
552546.0 0.705992711250602
552546.0 0.7071165773677683
552546.0 0.7006167219134233
552546.0 0.7104348034784665
552546.0 0.7103211501849868
552546.0 0.7060844295949342
552546.0 0.6959092456470624
552546.0 0.7027750281057279
552546.0 0.7073378639260115
552546.0 0.7017019562248307
552546.0 0.7033458519768577
552546.0 0.7112752445026748
552546.0 0.696296512973951
552546.0 0.7016470696164059
552546.0 0.7113302469674287
552546.0 0.6963063213410644
552546.0 0.6962177854183244
552546.0 0.7065908758448102
552546.0 0.7060277744688529
552546.0 0.706902614298537
552546.0 0.7017391125060958
552546.0 0.7072088063259574
552546.0 0.6980104700716987
552546.0 0.7015554047613415
552546.0 0.7010942472453386
552546.0 0.7001872258077243
552546.0 0.6978830824872547
552546.0 0.7071653569337155
552546.0 0.7016112507938229
552546.0 0.7046685164377963
552546.0 0.7047181672948818
552546.0 0.7069277222843555
552546.0 0.6962177854183244
552546.0 0.710479602582107
552546.0 0.6959092456470624
552546.0 0.7104563850999678
552546.0 0.7046685164377963
552546.0 0.7027484468656693
552546.0 0.7010548547917315
552546.0 0.701571878445486
552546.0 0.7071853764890377
552546.0 0.7060074788570088
552546.0 0.7011228378557004
552546.0 0.7016217484388151
552546.0 0.7105040466501298
552546.0 0.7027348325950215
552546.0 0.6978830824872547
552546.0 0.7071714467124924
552546.0 0.7093763824522321
552546.0 0.701571878445486
552546.0 0.7105040466501298
552546.0 0.7016217484388151
552546.0 0.6962994557554911
552546.0 0.7023078964137806
552546.0 0.6980104700716987
552546.0 0.6980104700716987
552546.0 0.6959092456470624
552546.0 0.7062824087859852
552546.0 0.6980104700716987
552546.0 0.6980104700716987
552546.0 0.6980104700716987
552546.0 0.7105040466501298
552546.0 0.6980104700716987
552546.0 0.7093763824522321
552546.0 0.6980104700716987
552546.0 0.6980104700716987
552546.0 0.6980104700716987
552546.0 0.6980104700716987
552546.0 0.701571878445486
552546.0 0.7016217484388151
552546.0 0.701571878445486
552546.0 0.6980104700716987
552546.0 0.6980104700716987
552546.0 0.6980104700716987
552546.0 0.6980104700716987
552546.0 0.6980104700716987
552546.0 0.6980104700716987
552546.0 0.6980104700716987
552546.0 0.6980104700716987
552546.0 0.6980104700716987
552546.0 0.6980104700716987
552546.0 0.7011228378557004
552546.0 0.6980104700716987
552546.0 0.7062824087859852
552546.0 0.7105040466501298
552546.0 0.7062824087859852
552546.0 0.6980104700716987
552546.0 0.6980104700716987
552546.0 0.6980104700716987
552546.0 0.6980104700716987
552546.0 0.6980104700716987
552546.0 0.6980104700716987
552546.0 0.6980104700716987
552546.0 0.7011228378557004
552546.0 0.6980104700716987
739770.0 0.27261282878550297
547710.0 0.746949226804773
611451.0 0.6287145839702025
582690.0 0.660505821313114
632100.0 0.6126675340820953
667707.0 0.5371274976625591
698949.0 0.4679060115907631
645891.0 0.6039597596498011
647646.0 0.5811239150234371
620364.0 0.617563362254406
679989.0 0.5068516251382313
673377.0 0.5259460048850708
687273.0 0.4729712554978239
662136.0 0.5557424760494688
710571.0 0.40204107641947073
658146.0 0.5741565276641455
572931.0 0.6622129626782739
700965.0 0.45218384994418886
679587.0 0.5235251334589363
624312.0 0.6144188555959768
710043.0 0.4180509983604612
715974.0 0.37691874359272204
717201.0 0.36014240306378853
719985.0 0.3288346610039017
552753.0 0.697832546444861
569322.0 0.6641863279154054
683589.0 0.48987501299014535
566397.0 0.6734747387443946
718839.0 0.3489393599368407
646041.0 0.5945226079483098
715317.0 0.393346336058275
706053.0 0.4495325033351035
660180.0 0.5566547293956258
550314.0 0.7134499461683651
659601.0 0.5737939975357403
709026.0 0.4315897996064605
551094.0 0.7121414395592195
548766.0 0.7291400103766118
685131.0 0.48516908963001293
547854.0 0.7309799765222832
706278.0 0.43987462973643293
734961.0 0.27556354698804814
715974.0 0.3883083634853818
686547.0 0.47563768009263646
721944.0 0.3267191449682949
557106.0 0.6921328496677849
559053.0 0.685657799261663
734685.0 0.2827200912738843
556614.0 0.6969087369121668
562173.0 0.673893486855197
717363.0 0.3496312635989277
707628.0 0.43409686132877645
721989.0 0.31634852167881916
724650.0 0.3002425713312262
724419.0 0.30632109499770893
560562.0 0.6835909890804708
730755.0 0.2947938594363012
722022.0 0.3138250424698775
726558.0 0.29946877061210164
729603.0 0.2988338817528387
560856.0 0.6784124477681874
683781.0 0.48882409176172253
727689.0 0.29903618645443486
722379.0 0.3078566787287793
734913.0 0.2795071296159911
560898.0 0.6758945197911824
722793.0 0.3076806220660278
729918.0 0.2958655534941185
548496.0 0.7291982432513141
730755.0 0.2861479337190995
730755.0 0.28761714848086906
730755.0 0.2867650111765741
730755.0 0.291047831182907
730755.0 0.2904316350622845
730755.0 0.28813923142506626
730755.0 0.28853240741392855
730755.0 0.29194527938432313
730755.0 0.2925148469354347
730755.0 0.28884988997396804
730755.0 0.28781100335570464
730755.0 0.29438246370420335
730755.0 0.2899715554572103
730755.0 0.2929486494383794
730755.0 0.29346884568989506
730755.0 0.29027458448689725
730755.0 0.2952712030530113
730755.0 0.2918183612077343
730755.0 0.2864014766226029
730755.0 0.2913498723705354
730755.0 0.29260930376445
730755.0 0.29409197922359404
730755.0 0.2932447965513135
730755.0 0.29151229783861915
730755.0 0.2865583218106994
730755.0 0.29555894512105907
730755.0 0.2949884145727647
730755.0 0.29388876708740364
730755.0 0.28954826815634827
730755.0 0.289266748525038
730755.0 0.2930847227673532
730755.0 0.29427503386027515
730755.0 0.29542714911660933
730755.0 0.29576293050482294
730755.0 0.2937177385831714
730755.0 0.2890820456624297
730755.0 0.28957987197796287
730755.0 0.2897839689429419
730755.0 0.294936417942027
730755.0 0.28979735166572484
730755.0 0.2914506731956596
730755.0 0.2891970272375421
730755.0 0.29376284263957453
730755.0 0.28908721549334326
730755.0 0.2958254656401402
730755.0 0.2925558050852436
730755.0 0.2892471656737993
730755.0 0.29373433711579316
730755.0 0.2937183313393203
745425.0 0.2733080877358947
547872.0 0.7559823923409438
612570.0 0.6614363636570922
589704.0 0.6617485106516222
616746.0 0.6332737948381527
626220.0 0.6204207782700039
634164.0 0.6140253080871202
698700.0 0.4734511215655306
709671.0 0.4520709590170629
550305.0 0.738965507669855
688941.0 0.4790494432881578
684021.0 0.5049133734867524
719025.0 0.36716641077191653
581334.0 0.6623763474771686
685722.0 0.4870582068239197
647580.0 0.6115568518218971
651645.0 0.5976136062203117
675891.0 0.5277645997693764
652185.0 0.5829383512182843
663690.0 0.5593923287632123
682467.0 0.5239994766361328
710055.0 0.4227194261763649
669093.0 0.5412458982118901
716805.0 0.3829820296520546
668175.0 0.5425456585130809
658275.0 0.5768347427700746
720993.0 0.33834677177550504
719391.0 0.3493710329208809
701241.0 0.4566850963104306
714750.0 0.40533032975846034
550353.0 0.7154534270491878
573621.0 0.6623815572020049
701349.0 0.453118078704233
721995.0 0.31647673696888806
648303.0 0.6107578631311381
565278.0 0.6768845898260539
662154.0 0.5764742283772034
662601.0 0.5652896933469451
568890.0 0.6758033438616998
678216.0 0.5263243523569328
561276.0 0.6805512815300843
744915.0 0.2748814611589896
712230.0 0.4151329470048193
716064.0 0.39198887228379087
738963.0 0.27564665182958115
557355.0 0.6934168897649315
715509.0 0.39749574691471445
554448.0 0.7112034954874928
720303.0 0.34149986978596786
736992.0 0.2811948464300409
559314.0 0.690593808072987
725100.0 0.3091177888940858
554910.0 0.7023471692186208
572190.0 0.6652755372951559
569382.0 0.6664482683032898
728667.0 0.3005085232115141
735048.0 0.28268367237489
730839.0 0.288646906986977
711624.0 0.42183868604341324
556500.0 0.7004426756998277
734466.0 0.2865616815795809
738666.0 0.2766523258354659
725652.0 0.3013001335051581
723807.0 0.3132888512290383
560394.0 0.6861313267104391
725427.0 0.3028601568565692
711735.0 0.41583154926522814
569748.0 0.6656055409756302
560856.0 0.684560486943664
722949.0 0.3136818810905689
730827.0 0.29473345179444255
732795.0 0.2878142823157969
556470.0 0.7020688804589399
552546.0 0.7122047420101697
732585.0 0.28794399894330924
722097.0 0.3163878392599634
551955.0 0.7122334325622207
550707.0 0.7144109248412938
729807.0 0.29967300140036424
551955.0 0.7142912131383646
729918.0 0.29883917716442304
730755.0 0.29779254454353044
730785.0 0.295654292302029
552546.0 0.7122296831741627
730755.0 0.29728202400689424
730755.0 0.29613847541173355
730755.0 0.2983966968630954
730755.0 0.2987449151406838
730755.0 0.29758982871748385
730755.0 0.29814700085417223
730755.0 0.29706237431727667
730755.0 0.2980147539977004
730755.0 0.29831629672685056
730755.0 0.2963590290402002
730755.0 0.2978747125995871
730755.0 0.29615864709586753
730755.0 0.2967365863060813
730755.0 0.29650776093022346
730755.0 0.29767021937741267
730755.0 0.29659564700609864
730755.0 0.29639737764060187
730755.0 0.2968044952493555
730755.0 0.2968808195444026
730755.0 0.2969431174634461
730755.0 0.2970094285713163
730755.0 0.29878256547818444
730755.0 0.2965837127898056
730755.0 0.2977275791926185
730755.0 0.2976379701951763
730755.0 0.29761354442231647
730755.0 0.2977689414378434
730755.0 0.2977515914883011
730755.0 0.29774475351015955
