726759.0 0.17473616181667076
474312.0 0.7764269788546375
527094.0 0.6197390392868968
618372.0 0.4784701533913346
555666.0 0.604572433957296
605790.0 0.524736194479236
639363.0 0.45963019508105235
572274.0 0.564317529929349
601437.0 0.5443701735317124
560220.0 0.5870019586589957
681951.0 0.24638936078608992
709350.0 0.19521700839596495
514008.0 0.669981244787588
491238.0 0.7219366260637455
572274.0 0.5473710120108082
649575.0 0.39687886353825347
481956.0 0.7750565328571773
644196.0 0.4499142273589173
671157.0 0.2993273038479797
504162.0 0.7054503983404897
666462.0 0.3674921143782328
500070.0 0.7199290321473819
714183.0 0.18473068553569663
514008.0 0.7020875133096741
514008.0 0.7027270675275692
681951.0 0.201957850684131
482730.0 0.7551157138243234
681951.0 0.22880343872600123
680391.0 0.28524804675826965
602331.0 0.5316992192628827
649407.0 0.44356883825892657
660189.0 0.39023400371168154
500154.0 0.7080361728843715
486756.0 0.7404347608789873
572274.0 0.5665730424679624
649575.0 0.4145413860926667
714183.0 0.18108085388142037
514008.0 0.6761793223530128
671157.0 0.363305479302273
486756.0 0.7454182960322709
660189.0 0.3919641994722009
671157.0 0.34814472015188125
660189.0 0.3726911870549171
660189.0 0.3851459925363636
671157.0 0.34476966424029887
514008.0 0.6896209756500589
681951.0 0.23358388498169488
671157.0 0.291434524040199
681951.0 0.2540485720857182
486756.0 0.754791631552519
671157.0 0.3374684870158249
709803.0 0.19465055603974066
681951.0 0.2438823417840357
514008.0 0.6915029670556309
649575.0 0.4338547969857109
671157.0 0.3201229330750119
681951.0 0.2601164699013196
671157.0 0.3093620960365735
671157.0 0.3300132802362286
680445.0 0.2826318831426306
671157.0 0.30855178951373113
649575.0 0.427840276403585
649575.0 0.42067513705294607
681951.0 0.26567658408101313
671157.0 0.3436515837424085
714183.0 0.19094556743656885
714183.0 0.18605844237581234
649575.0 0.41940036060524954
486756.0 0.7510206014408609
681951.0 0.2697165616419731
486756.0 0.7490037005472977
649575.0 0.3946661896009772
671157.0 0.32559150279786636
660189.0 0.3900442430796381
681951.0 0.27346277459061835
681951.0 0.2746432108383927
671157.0 0.32122983229265634
671157.0 0.32621368288030655
681951.0 0.27870983896762996
681951.0 0.2677199169571809
649575.0 0.43144399460955213
714183.0 0.19329896944998443
649575.0 0.42995828873883735
681951.0 0.2779718552689486
681951.0 0.2746562082732407
660189.0 0.3910780979300759
671157.0 0.3210756973484293
514008.0 0.7023930417363752
681951.0 0.27835525615592593
681951.0 0.2782101492786332
660189.0 0.3900896122341839
477810.0 0.9026504849343827
717306.0 0.18526542183030795
477996.0 0.8112688301756791
569958.0 0.6055522838872517
622848.0 0.5434395926333369
604464.0 0.5454460241229582
477810.0 0.8852358801901885
641811.0 0.4879668788987903
551673.0 0.6211788098900205
633282.0 0.5122524705883794
588861.0 0.5644216209356214
541446.0 0.629346742346938
484521.0 0.7892245061220119
631707.0 0.5325090836946238
581250.0 0.5866711879221268
659748.0 0.4260195545167274
491280.0 0.7295708833105883
576132.0 0.587911697493493
522744.0 0.6719897277980534
518490.0 0.6783410167538354
527202.0 0.654329292148443
499779.0 0.7293109647572974
531438.0 0.6320954225526938
593298.0 0.5480386245186731
702411.0 0.20873926249215988
691278.0 0.21879176653840274
514152.0 0.6937359030299307
660261.0 0.3762066640275635
503586.0 0.71918886816343
551094.0 0.6255598731640425
649575.0 0.46634212589580515
489051.0 0.7515412442804881
649575.0 0.48063546335543866
666462.0 0.37487838300173054
685122.0 0.24894843345991982
685122.0 0.2191466785370306
676875.0 0.2986677395682307
593298.0 0.5561030482499286
705741.0 0.20297415055156998
691278.0 0.20987048569853906
486135.0 0.7715119917739809
649575.0 0.4458464939284842
685122.0 0.251440913801278
684765.0 0.27895692788996485
712215.0 0.20018129913757932
531174.0 0.6498119878753144
660189.0 0.3975996187841357
507891.0 0.7102344601610859
672240.0 0.34038091819505184
507282.0 0.7109167585045946
672240.0 0.32229255875654306
680457.0 0.28495357620792483
514008.0 0.708914911904597
670314.0 0.3700831948588447
674241.0 0.3188480296209741
531414.0 0.6442664603893201
660189.0 0.4014115986363897
705399.0 0.2086504725692563
672240.0 0.3489401688661799
660189.0 0.41518790232859726
514008.0 0.7070959157317959
680445.0 0.2870681062908084
676875.0 0.3113972671651395
676875.0 0.31190438578969115
486588.0 0.7709296926965927
486942.0 0.756522538900718
672240.0 0.35948343256315907
486747.0 0.7612470577113082
680445.0 0.29232533311027564
685122.0 0.27163826927085705
670314.0 0.37283346287486935
660189.0 0.41640063485797346
714183.0 0.19470315951673284
685122.0 0.25683796513773643
714183.0 0.1987144477711384
649575.0 0.4765289733568645
649575.0 0.45879453079716664
672240.0 0.3643958848158807
672240.0 0.36010567503037055
672240.0 0.3615075156274435
685122.0 0.2757168214696661
712308.0 0.1997005372088398
685122.0 0.26515093724674094
714183.0 0.19792561553390225
649575.0 0.4715031307640694
649575.0 0.4500282176054954
486942.0 0.7518797728368715
680445.0 0.28790638455264667
649575.0 0.45747122706002086
685122.0 0.2611621378939429
672240.0 0.34471939500835574
676875.0 0.31601205587919645
685122.0 0.2645263741891677
672240.0 0.3442092859618804
649575.0 0.45369393784839696
649575.0 0.4700830755959085
649575.0 0.45206751918863697
685122.0 0.26181923166225557
672240.0 0.36191142774493723
486756.0 0.7575768531178665
676875.0 0.3163473028673865
660189.0 0.39926672763881144
660189.0 0.4159789241783102
486756.0 0.7593607922931457
649575.0 0.4677679467483925
685122.0 0.25053175770702935
714183.0 0.1957969574223877
486756.0 0.760358508903772
514008.0 0.7085314485876295
660189.0 0.39862844325077335
649575.0 0.4535114993915843
714183.0 0.1971600536267757
514008.0 0.7074884071507067
649575.0 0.46651987665428696
649575.0 0.46773524514195136
714183.0 0.19519870303039874
486756.0 0.7593869900104936
685122.0 0.2511923604879106
714183.0 0.19893347432533773
714183.0 0.19867605909991232
714183.0 0.19743260371163754
714183.0 0.19732605508792506
685122.0 0.2513386523492323
714183.0 0.1988730482935196
649575.0 0.45368994953269565
714183.0 0.19890431284869448
478338.0 0.8315272461432593
726387.0 0.1870222422751363
649872.0 0.47312886390581593
599439.0 0.5786906551136864
577152.0 0.5879852467372643
639861.0 0.5278896025540926
552546.0 0.6248626578313432
538974.0 0.6322038049093166
527973.0 0.6556942963086084
520698.0 0.6785088622221105
610284.0 0.5553636174229862
653298.0 0.44731123782889953
565632.0 0.6247523381475604
533469.0 0.645219303972059
606027.0 0.5768007004417604
622275.0 0.5550568132490552
488784.0 0.7528645451603699
660189.0 0.44060935406955704
491316.0 0.7360715461692228
700863.0 0.21275640192261178
503958.0 0.7258636835295686
484749.0 0.7935747210308544
717963.0 0.19028691633295391
691278.0 0.22172561601150242
572559.0 0.62370001665831
637197.0 0.5395304299677707
478680.0 0.8155662546632159
705807.0 0.210025850736822
484668.0 0.8126177096132123
576132.0 0.6205220246740011
519084.0 0.6980374116755961
666462.0 0.3912317118006756
632115.0 0.5407664469482645
670314.0 0.37562123679578685
518241.0 0.7099027738752531
623931.0 0.5539103867075934
495588.0 0.7345881383304805
629988.0 0.550999707140968
505470.0 0.7248608513727975
510447.0 0.7201670961787983
700863.0 0.2194893718052791
577143.0 0.6069515266063363
660261.0 0.3978916579563623
688956.0 0.23212368470022907
495588.0 0.7335430586911128
717306.0 0.19717723298002907
638658.0 0.5287373326703729
482730.0 0.815048064846429
666462.0 0.3835460780841784
673704.0 0.3614287463321658
672240.0 0.3723315606944792
688956.0 0.2452148611882944
576786.0 0.6081100063588488
681951.0 0.2957588748331668
629994.0 0.5467193983723907
486651.0 0.7836555278203085
709734.0 0.205432811097538
709311.0 0.20753613676170585
486942.0 0.7602520488976352
680445.0 0.3043539436864824
518268.0 0.6984134776326962
688956.0 0.24994314796516343
688479.0 0.27935411769588253
688956.0 0.2626952855880626
674241.0 0.34378585906092457
714183.0 0.20084763609412365
676875.0 0.3300290533795146
660189.0 0.42993781026382905
514008.0 0.7187046610536111
674241.0 0.3520478349937129
660261.0 0.41986442658248363
676875.0 0.33221183985537484
511818.0 0.719205852444667
688956.0 0.22620706472620425
685122.0 0.28093463525986034
685122.0 0.28068149153978866
688956.0 0.26421966050666984
660261.0 0.4158095411015673
660261.0 0.4267340079915561
514008.0 0.7129077893308422
714183.0 0.20409847033710385
674241.0 0.34583085503788413
688479.0 0.27475584747158976
674241.0 0.34005480489227724
674241.0 0.3574381360319532
660261.0 0.4020183310865117
672240.0 0.3732684772500638
660261.0 0.4104883463806834
660261.0 0.40481738329627875
660261.0 0.39782845955052143
681951.0 0.28985365884640135
676875.0 0.32127589442316273
680457.0 0.2978699259084113
660261.0 0.40876945528732805
680445.0 0.3114193781999575
688956.0 0.26707884983409924
688956.0 0.2718300324409732
681951.0 0.2887768720779637
666462.0 0.3877975464250972
685122.0 0.28451344428991365
676875.0 0.3241550074225747
674241.0 0.33473988330485643
688956.0 0.2221341414477307
680445.0 0.3089043833605846
674241.0 0.3359360117495953
680445.0 0.3012727215305967
514008.0 0.7145974596638727
676875.0 0.3261193531915843
680445.0 0.3180284236974925
674241.0 0.35975018295708483
676875.0 0.3281891646878976
666462.0 0.3861344641710638
514008.0 0.7170546540252241
486756.0 0.7700378538651218
681951.0 0.2871280460019826
688956.0 0.2486254650809109
680445.0 0.31452855618078696
660189.0 0.42865274299648554
514008.0 0.7118981766789917
688956.0 0.2723773174115053
685122.0 0.2820572356542974
688956.0 0.2664220051213699
486756.0 0.7621799714589728
714183.0 0.19990138221051043
680445.0 0.30656219381605404
680445.0 0.31724602043278455
486756.0 0.7660129396385521
486756.0 0.7724328469264035
666462.0 0.38406792421606795
486756.0 0.764508953134202
680445.0 0.3153751558471031
680445.0 0.3071587405455887
680445.0 0.299359306024836
676875.0 0.3310061357809057
486756.0 0.7773491240853413
680457.0 0.2975295136079829
680445.0 0.30018756430205584
486756.0 0.7796780438828708
514008.0 0.7182453589315148
681951.0 0.2880737825228462
486756.0 0.7751166767654499
486756.0 0.7759192875778681
486756.0 0.7688185642545229
486756.0 0.7741200417992505
714183.0 0.20257947308103239
495588.0 0.7347804006809464
486756.0 0.7784581040835508
685122.0 0.27972148311910777
688956.0 0.24876385533106327
486756.0 0.7671493000017464
495588.0 0.73594924684588
486756.0 0.781136165811776
486756.0 0.7802284510746459
688956.0 0.2630085495240793
486756.0 0.767785484437118
674241.0 0.335457647503994
685122.0 0.2816449945281561
681951.0 0.2894154064240325
486756.0 0.7684462666445054
486756.0 0.7635825315064798
486756.0 0.763104678667128
714183.0 0.20002599880927407
714183.0 0.20177892553294438
680445.0 0.3148840167086851
714183.0 0.20466470001405948
486756.0 0.7757495041267886
714183.0 0.20093637219394264
714183.0 0.20513880368689874
486756.0 0.7818735628904878
714183.0 0.20163396763723673
486756.0 0.7783186473007708
486756.0 0.7805883137831726
486756.0 0.7829823073711256
486756.0 0.7729602945783481
486756.0 0.767316290665662
486756.0 0.7824531261038082
486756.0 0.7735334437313971
714183.0 0.2031687092011128
486756.0 0.7735812276773056
486756.0 0.7777973090109287
666462.0 0.3835866760815877
514008.0 0.7190589429823683
714183.0 0.20379730021537135
714183.0 0.2033556782197283
674241.0 0.33586329074266796
486756.0 0.7820363426611036
486756.0 0.7777905081122567
486756.0 0.7634957175950536
714183.0 0.204308561453365
486756.0 0.7823553434316952
486756.0 0.7631565857078824
486756.0 0.7833857434965656
486756.0 0.7804790262827714
688956.0 0.26297804799599084
486756.0 0.7832709609063384
486756.0 0.7727006966497054
486756.0 0.7836354515571383
486756.0 0.7726109762412795
486756.0 0.7728927383061441
714183.0 0.20390106970184896
486756.0 0.783100087868593
486756.0 0.7818896067903187
714183.0 0.20331873991844382
714183.0 0.20319557104497052
714183.0 0.20167348538519056
714183.0 0.20424749972257272
486756.0 0.783100087868593
714183.0 0.20418811278838767
714183.0 0.20413122709349277
714183.0 0.20384211352021261
714183.0 0.20388633634364073
486756.0 0.777791627104787
478680.0 0.8357247287760554
718611.0 0.19335339305710858
478680.0 0.8323009272076721
718611.0 0.19325324120556583
589635.0 0.5888850365256573
618990.0 0.5735289723774222
650733.0 0.5020958269418954
643335.0 0.5309812371976929
577068.0 0.6200047839262416
543030.0 0.633808560606178
534834.0 0.6457042913424862
628416.0 0.5569642147353695
552546.0 0.6333324483455278
641016.0 0.552996189080144
651498.0 0.4829452612872745
482976.0 0.817366556349386
559659.0 0.6300599601546399
659925.0 0.48235090494658545
586710.0 0.6088257168576335
568437.0 0.6252253444349811
490782.0 0.7600984920258875
662967.0 0.4275212510648525
528570.0 0.6584080084900432
623616.0 0.5572670385828603
701469.0 0.21354924049911062
527004.0 0.680748372486094
697299.0 0.2234530600319805
531816.0 0.6583135618130725
666045.0 0.41109550072282813
621291.0 0.5721222856726605
564744.0 0.6253352394761038
641823.0 0.5465769389766968
587058.0 0.6077332322122033
490266.0 0.7775925102421667
522882.0 0.690920060072804
659946.0 0.46615318196698874
507456.0 0.7258396631208344
709350.0 0.21227187279707024
660261.0 0.45130082804272226
503958.0 0.7359831585942133
499863.0 0.7379204021343716
521898.0 0.6993479608394153
493398.0 0.7495621889830273
690882.0 0.22636853253622763
519168.0 0.705578317576174
525282.0 0.6810813660755126
700863.0 0.22239688443386887
660261.0 0.4342193353388651
688479.0 0.2823676483925193
505944.0 0.7292185391835508
484788.0 0.8074667428818258
679977.0 0.3299853116366761
514008.0 0.7216252757473859
690882.0 0.26862291759006385
676875.0 0.3510592971326255
690882.0 0.24382375395252007
718035.0 0.2013978714732492
690171.0 0.27004688888837997
688479.0 0.27972796488403384
676743.0 0.35860982720678014
484920.0 0.80321510025418
489120.0 0.7830637459644363
514770.0 0.7159986833539574
670314.0 0.3905990425418651
670314.0 0.3877794178511303
674241.0 0.36190375083370924
666462.0 0.4052843039058451
684765.0 0.29661147173874464
681951.0 0.3027575554054156
486588.0 0.7962698180628368
518199.0 0.7158580657393652
712095.0 0.20919832268560737
676875.0 0.34151195026327613
519150.0 0.7140138788838666
495588.0 0.7438807068059831
660189.0 0.45685814545691394
674241.0 0.37160106520073544
676875.0 0.33802875417875117
666462.0 0.39828027892018564
684765.0 0.28979326358422247
486660.0 0.7940354999024402
714183.0 0.20615147687104846
710340.0 0.2121742370076521
674241.0 0.3675808902458606
718563.0 0.19995541443599438
684765.0 0.2964453950434119
486696.0 0.7852492023314148
680457.0 0.3057719306402135
690882.0 0.25666323918049444
680391.0 0.3281074152054398
690882.0 0.2483244368718429
671892.0 0.3834018329326075
690882.0 0.2652337249459681
676743.0 0.3517805345683534
495588.0 0.7457843613348701
690882.0 0.25563639610878053
680391.0 0.32222193185799086
666462.0 0.4020802907901225
672240.0 0.3788291768022017
660261.0 0.43120750740030545
486756.0 0.7847337764484887
680457.0 0.31535332826053253
666462.0 0.4080118360173259
684765.0 0.30049586072685136
714183.0 0.20882511953861102
680457.0 0.31010837347495757
660189.0 0.4541384793045495
514008.0 0.7197158030246558
684765.0 0.2938160700164911
674241.0 0.37440125025250826
690882.0 0.24677643354213907
672240.0 0.37760119602886477
714183.0 0.20543929765156116
672240.0 0.3808772486475552
680457.0 0.31839429024762467
680457.0 0.3096450556968144
680457.0 0.32067293226134624
495588.0 0.741573850192339
495588.0 0.7393226738635841
690882.0 0.26752890161958826
670314.0 0.38626716453337895
680457.0 0.31652682809228616
660189.0 0.45202385256201927
672240.0 0.3790371534268205
690882.0 0.2438591671347929
670314.0 0.38455231979673693
674241.0 0.3728360172754152
666462.0 0.40586777137338853
514008.0 0.7229977560671437
684765.0 0.294655661594755
514008.0 0.7251302161877303
690882.0 0.2653544834640254
514008.0 0.7233051835533778
495588.0 0.7459756410236589
680457.0 0.30443780072640064
495588.0 0.7478237474765355
514008.0 0.7212173188123168
495588.0 0.7439578852966041
680457.0 0.30375892056581333
690882.0 0.26916899517570686
495588.0 0.7382129453845655
514008.0 0.7226999538823937
495588.0 0.7428709930576082
495588.0 0.7486303580297244
486756.0 0.7837799662131569
690882.0 0.2560842408420239
495588.0 0.74293864638002
680457.0 0.3029414919175652
486756.0 0.7842785573010121
714183.0 0.20577601586752692
495588.0 0.7483347191765952
680457.0 0.3097370625249764
714183.0 0.20804622832805122
495588.0 0.7479764877478018
486756.0 0.7844029629621717
714183.0 0.20842685289146923
486756.0 0.7848857404584735
714183.0 0.20777624286720206
714183.0 0.20641391314214083
714183.0 0.20723113213031064
714183.0 0.20837953955406593
714183.0 0.2066271184174169
714183.0 0.20622588173579073
714183.0 0.20682191451172396
714183.0 0.20745443649856948
714183.0 0.2070088621883838
714183.0 0.20705601362128798
714183.0 0.20891762091514265
714183.0 0.209044522469296
714183.0 0.20760689565393536
714183.0 0.20764231630453028
714183.0 0.20746994248602998
714183.0 0.20671101288043517
486756.0 0.7848319738423375
714183.0 0.20676689314754265
486756.0 0.7847744196157752
714183.0 0.20910118520681795
714183.0 0.20912544859125137
714183.0 0.20617120541516598
714183.0 0.20917675415968312
714183.0 0.20885857728669868
714183.0 0.20702895735680898
486756.0 0.7847471529677019
714183.0 0.208846335970767
714183.0 0.20884672717174385
478758.0 0.876427460479222
740445.0 0.19462492065932785
590190.0 0.5942986557441516
619230.0 0.578992233093283
623682.0 0.5585104843088078
576333.0 0.6313502609378246
642825.0 0.5476269089267013
480864.0 0.8381509012999774
561609.0 0.6328791264170327
651288.0 0.5290250550088124
484920.0 0.808357217087346
541125.0 0.6595124955078717
550974.0 0.6338546697957659
643728.0 0.5468267443362983
570000.0 0.6316427202995877
729393.0 0.19818882594966888
655008.0 0.5085961459038058
519696.0 0.7098325016856625
526446.0 0.6861978171811128
718617.0 0.20082087944811258
528828.0 0.661973544418495
657045.0 0.4882563448252348
522405.0 0.7020274880466789
543414.0 0.6446989295110581
515496.0 0.7209018229115446
727407.0 0.19930968356606818
546621.0 0.6397656284603951
662034.0 0.44987225212740534
531414.0 0.6601228457509697
501810.0 0.7386432048035956
507660.0 0.7317232660395934
478908.0 0.8531947913795095
526098.0 0.6916596544604112
514008.0 0.7258980417477997
668901.0 0.40936581533958627
706335.0 0.21410423451372942
478908.0 0.8599088092691085
713751.0 0.21141064311281169
660258.0 0.48680256089676377
507711.0 0.7266582882382902
670314.0 0.400574857158365
660261.0 0.4677869453922072
716115.0 0.206244541414431
691278.0 0.23845360998878248
701952.0 0.22351608928594766
691278.0 0.2557148546274332
494790.0 0.7574795685344028
692649.0 0.23334341076229334
702411.0 0.21856072927885067
486660.0 0.8051594819166475
676875.0 0.3644930476677447
652929.0 0.5192646813609011
681846.0 0.3138667585972312
660261.0 0.45581339346346306
491031.0 0.7725265280847107
697191.0 0.2327608498386668
697527.0 0.22515508601384113
666462.0 0.4298153276850225
653853.0 0.5175814652764111
681951.0 0.30839301198562397
491520.0 0.7645343866653583
660261.0 0.47416446800585904
498588.0 0.7482327787734382
705675.0 0.21450943063652111
686622.0 0.2923326189302523
666462.0 0.4164108383177234
680457.0 0.32248389027763696
488784.0 0.7851987216417768
679977.0 0.338643696040659
676875.0 0.3546597046209486
666462.0 0.4391320457417311
690882.0 0.27061224277452356
499842.0 0.745512686634118
501564.0 0.7437451522204146
688479.0 0.29037186908185736
671157.0 0.39450398092158373
672240.0 0.39160298374897706
684825.0 0.2953202108782536
690882.0 0.27411989589054797
675687.0 0.37168225751915684
486696.0 0.7947405564148969
666462.0 0.44267878691483425
674241.0 0.3812088065941204
490716.0 0.7806555541908546
495588.0 0.7497599097674641
691278.0 0.2613426145711141
666462.0 0.4218164039690378
674241.0 0.3786889617653829
490716.0 0.7821084448534301
491502.0 0.7649266251614244
684765.0 0.30436965595441784
530430.0 0.6602381689377689
697527.0 0.2283304776796793
672240.0 0.38682623064265365
666462.0 0.42302555036507233
675687.0 0.37271189627045226
679977.0 0.3520668122709029
688956.0 0.2838416085049013
675687.0 0.36471233140778364
666462.0 0.41564801497648257
680445.0 0.3351883202746125
684825.0 0.2988739978408836
691278.0 0.2574404293078409
679977.0 0.34057959136952537
660261.0 0.47144366797168136
690882.0 0.2801352474166221
679977.0 0.34667643954592353
675687.0 0.3753575942708942
671892.0 0.3930592494239211
672240.0 0.38409727207469585
486756.0 0.7928535970292384
691278.0 0.23616708168805758
714183.0 0.20983280884296063
684825.0 0.3018966140196952
688956.0 0.286573597815436
679977.0 0.3452211047527972
690882.0 0.27397881771498717
495588.0 0.7546238032097734
691278.0 0.25873718432492415
495588.0 0.7507979186476293
684765.0 0.30543884615726763
688956.0 0.28556452052138637
495588.0 0.7517449815983327
680445.0 0.3318512542999949
680457.0 0.3244696391515727
688956.0 0.28335256520168445
680445.0 0.32932622091489394
680457.0 0.32601754218750256
666462.0 0.41970864728595375
666462.0 0.41844853783319363
688956.0 0.28032278262373644
714183.0 0.2092259911002062
680445.0 0.3278960213594841
495588.0 0.7562150537017157
684765.0 0.30377103023527413
691278.0 0.2608062865831004
680445.0 0.33142403786274854
679977.0 0.3540686397663859
679977.0 0.34535986805612134
680445.0 0.3279423891287886
486756.0 0.7863029598902795
679977.0 0.34594276622667064
714183.0 0.21120853771616485
486756.0 0.7854193673857085
486756.0 0.7888433334768793
486756.0 0.7893635520094746
486756.0 0.7881929672414903
714183.0 0.21045743854432963
714183.0 0.2101308116068311
679977.0 0.3543450085101393
486756.0 0.7902470128845914
679977.0 0.3454604624736681
486756.0 0.7920963477758576
486756.0 0.7872842225866798
486756.0 0.7909034630170709
486756.0 0.7914376178931238
486756.0 0.7913804229816724
486756.0 0.7868088087263991
486756.0 0.7918962784409371
486756.0 0.7941760925803645
486756.0 0.7924721308372837
486756.0 0.7879582172405123
486756.0 0.7886216504193072
714183.0 0.21075102693843678
486756.0 0.7866719831002975
486756.0 0.7899436312469578
486756.0 0.7897961248149354
486756.0 0.7944372982989155
714183.0 0.20940882592421833
486756.0 0.7929115999144927
486756.0 0.7925589201170858
486756.0 0.793210209301502
486756.0 0.790529839279424
486756.0 0.7937622802314211
486756.0 0.7935815667194105
486756.0 0.7873877589906768
714183.0 0.2098651843297647
486756.0 0.7928150132978331
714183.0 0.21092537542625167
486756.0 0.7876526844414148
714183.0 0.2111733336105088
486756.0 0.7877358614682859
714183.0 0.20958803535958584
486756.0 0.7939700298290234
486756.0 0.7895827965111472
486756.0 0.7907868675725322
486756.0 0.7886216504193072
486756.0 0.7896243922583929
486756.0 0.7932491319596251
486756.0 0.7905949202142223
486756.0 0.7939053178745987
486756.0 0.7919123029313173
486756.0 0.7934226191364723
486756.0 0.7945446062843583
714183.0 0.21088076011531004
486756.0 0.7934472048569766
486756.0 0.7898456611366466
714183.0 0.20982461618418013
714183.0 0.211266137999118
714183.0 0.20968667296079932
486756.0 0.7908526914419077
486756.0 0.7945446062843583
714183.0 0.2096820953790168
486756.0 0.7867608050339882
486756.0 0.7867129273855724
486756.0 0.7876800537514596
486756.0 0.7905771335450846
714183.0 0.2112443279362254
486756.0 0.7913832137334244
486756.0 0.7873413957472424
486756.0 0.7868088087263991
486756.0 0.7873413957472424
714183.0 0.211266137999118
486756.0 0.7873413957472424
486756.0 0.7868088087263991
726726.0 0.20349234243496692
483714.0 0.854301584725002
617019.0 0.5947101299441404
581733.0 0.6327756875077415
638511.0 0.5680593396373755
599808.0 0.59924665939813
650562.0 0.5536096200655798
624186.0 0.572991036901909
657720.0 0.52264295785323
591957.0 0.6266025873729453
552546.0 0.6380553509293335
486198.0 0.8424668563629648
666462.0 0.45626314586240463
651642.0 0.539434618805512
660609.0 0.4728760246481582
566316.0 0.637149476217183
568890.0 0.6353791863980696
630969.0 0.5694521515610919
539235.0 0.6646407562204217
510048.0 0.7343545557608686
486720.0 0.807928018376676
660261.0 0.5006721501163784
660261.0 0.4888981981550603
547554.0 0.6424397757121184
592215.0 0.6015779896483289
502842.0 0.739993789403473
519084.0 0.7226445425956224
545904.0 0.654491984839592
543822.0 0.6629002247286031
688956.0 0.29375787416062404
667923.0 0.441135304804984
527046.0 0.6871899383279595
718395.0 0.20659810192163777
722361.0 0.20415749514363496
525978.0 0.7069597941895173
498666.0 0.7508262296245126
528933.0 0.675923122007237
514110.0 0.7265329881796759
594576.0 0.6004394936479189
526248.0 0.6957656225548491
707538.0 0.21412268635862544
531174.0 0.672606551663622
502578.0 0.7469725817952866
522084.0 0.7099231643337438
520134.0 0.7120887941314759
692649.0 0.25636746884694367
697299.0 0.2333942585670265
667923.0 0.43157948092667414
692649.0 0.26757700325029216
685122.0 0.30327187928891397
511920.0 0.7266615424918077
484668.0 0.8539573253364425
714183.0 0.214022023301459
668901.0 0.4253057743544214
676875.0 0.37190233486301233
697863.0 0.2277039431829662
693507.0 0.23601773587316346
714846.0 0.2094886449151409
495636.0 0.7534997888204858
489384.0 0.7888532647781878
679971.0 0.36393080041854875
492840.0 0.7725787158413333
690171.0 0.28496400876344874
706335.0 0.2156300741382002
495234.0 0.7677551533580804
488916.0 0.7923508555667214
681951.0 0.3297813170440689
674241.0 0.38594784494085327
672240.0 0.40227045703694964
670314.0 0.41412424852703067
672240.0 0.3941151744384458
701196.0 0.22537450432209594
692649.0 0.2469929275788843
684765.0 0.3124637132411362
490722.0 0.7823064253930964
700863.0 0.22584413946979015
493599.0 0.7703807893172636
680391.0 0.35056664220240297
705159.0 0.2251661374157555
706335.0 0.22469095272461084
684765.0 0.32296684319818664
491565.0 0.7792215111874489
684765.0 0.321636533479692
679977.0 0.3597756230838376
680457.0 0.3323488491093768
670314.0 0.42060324382918346
692649.0 0.27566725176831275
691278.0 0.28187904074004344
671157.0 0.40607945968465486
675687.0 0.3814424829701011
692649.0 0.24325213168048349
531174.0 0.6724788977942636
670314.0 0.4093942095420195
675687.0 0.38073201830485653
676875.0 0.36771089292569964
685122.0 0.29890350220484774
680391.0 0.33900998867237697
692649.0 0.27674033342843257
495480.0 0.7618839625356961
671157.0 0.4028228729812093
684765.0 0.30943964634393023
680391.0 0.3442402883852902
670314.0 0.4180750865693738
681342.0 0.3315708154671689
673704.0 0.39294239774052303
692649.0 0.23853072614705428
531174.0 0.6694721755776685
486756.0 0.7972332176662877
673704.0 0.38879934335919747
495588.0 0.7578338128818528
676875.0 0.3766648449500768
491565.0 0.7809582919894001
679977.0 0.3607934218697235
692649.0 0.2792512330844167
680391.0 0.3412999416061603
684765.0 0.324941435455861
685122.0 0.3006422001420528
680391.0 0.34770955311500756
676875.0 0.377323169258345
691278.0 0.284583664872902
486720.0 0.8055389181074157
676875.0 0.36713108162160535
692649.0 0.244480072113744
490728.0 0.781168679470744
673704.0 0.39160654528616484
690882.0 0.2847865885217714
531174.0 0.6733624201426668
684765.0 0.32791320548240077
705675.0 0.2247610069068137
684765.0 0.30996455602855544
531174.0 0.6704348325457776
684765.0 0.3274989154330047
680391.0 0.3485502247320056
673704.0 0.3921478590613358
486756.0 0.794986184285536
692649.0 0.23741368576563696
495588.0 0.7588420955620113
714183.0 0.21141796992795947
714183.0 0.21294451280312013
705159.0 0.2247655931197558
495588.0 0.7598223432943244
680391.0 0.3404396118258641
680391.0 0.33981540397342913
486756.0 0.8028843010410748
486756.0 0.8018771036448185
495588.0 0.7615533236971417
680457.0 0.3317624674227823
495588.0 0.7608294721614165
486756.0 0.8041410106422857
486756.0 0.8049209877219269
495588.0 0.7605651956186777
486756.0 0.8044007786998194
486756.0 0.8035340890436659
486756.0 0.7997132109422316
486756.0 0.79851744514465
486756.0 0.8031146614958701
486756.0 0.8004262883892479
486756.0 0.8008372161666293
714183.0 0.21335851326848781
486756.0 0.7966480038722499
714183.0 0.21251725496990623
486756.0 0.7981225407016368
486756.0 0.7962171769553813
486756.0 0.7958702513034226
486756.0 0.7967468864729659
486756.0 0.8052364416393175
486756.0 0.797172241141435
486756.0 0.7955038610174773
714183.0 0.2122072193221003
486756.0 0.798940787558418
714183.0 0.21212290205978038
486756.0 0.8034961991877733
486756.0 0.7992915386131075
486756.0 0.7993673033073425
486756.0 0.7951270819646116
486756.0 0.7978440633398757
486756.0 0.7975089425241888
495588.0 0.7618323234869664
486756.0 0.79539160392527
714183.0 0.21181875979609072
486756.0 0.7999968437374148
714183.0 0.21308941864851597
486756.0 0.8053635998600134
714183.0 0.21166434800224598
486756.0 0.7959663142136114
486756.0 0.8001865118304162
495588.0 0.7606484303367338
714183.0 0.2115116812716772
486756.0 0.8009249598500823
486756.0 0.8003312848234356
486756.0 0.7973278339079984
714183.0 0.2135869885845862
486756.0 0.8029764346204535
486756.0 0.8014617435336705
486756.0 0.7987208752277152
486756.0 0.7961464283650703
714183.0 0.21270049818445494
486756.0 0.7979472567163404
486756.0 0.7975077423472049
714183.0 0.21282882367430084
486756.0 0.7980383441529184
486756.0 0.7988306985366666
486756.0 0.8016196413665606
486756.0 0.8010807779025421
714183.0 0.21378672336103893
486756.0 0.8000668403804996
714183.0 0.21305597313759508
486756.0 0.7950442173469997
714183.0 0.21180129447153834
714183.0 0.2139144881707249
486756.0 0.80180116131957
714183.0 0.2137171587247937
486756.0 0.8016782123847221
486756.0 0.8011030162523252
486756.0 0.7954522123922305
486756.0 0.7989000790660307
486756.0 0.7987274583899078
486756.0 0.8012218730157763
714183.0 0.21410544989660324
486756.0 0.7967107822605161
486756.0 0.801199947532042
486756.0 0.7978858147884127
714183.0 0.213640638518405
486756.0 0.8013904112956104
486756.0 0.801300651779098
486756.0 0.8013022585094983
486756.0 0.8013777923066926
714183.0 0.21399645551915172
486756.0 0.7972703163427918
714183.0 0.21394746436021123
714183.0 0.2127678718599828
486756.0 0.7961716422275213
714183.0 0.21376591666689707
486756.0 0.8017475194577027
486756.0 0.7993522434636032
486756.0 0.7979472567163404
486756.0 0.7993047067668512
486756.0 0.8016246424590473
486756.0 0.8017475194577027
714183.0 0.21272703950145092
714183.0 0.21363299253496096
714183.0 0.21359295006468915
714183.0 0.212758057657258
486756.0 0.7971764385710675
486756.0 0.7972158435511247
486756.0 0.7978589396987942
486756.0 0.8035016937134828
486756.0 0.8000382362352617
714183.0 0.21392550677917752
714183.0 0.21270546807466356
486756.0 0.7972561091748175
486756.0 0.7972466828400487
486756.0 0.8010807779025421
486756.0 0.801199947532042
486756.0 0.800031439799737
486756.0 0.8000168969529535
714183.0 0.21180363778457864
486756.0 0.7972332176662877
486756.0 0.7972158435511247
486756.0 0.8000168969529535
486756.0 0.7972332176662877
486756.0 0.8013777923066926
486756.0 0.7978464428976847
486756.0 0.8016196413665606
486756.0 0.7971764385710675
486756.0 0.7978464428976847
486756.0 0.801300651779098
486756.0 0.7972332176662877
486756.0 0.7971764385710675
486756.0 0.7971764385710675
486756.0 0.7971764385710675
486756.0 0.7972332176662877
486756.0 0.7971764385710675
486756.0 0.7971764385710675
486756.0 0.7971764385710675
486756.0 0.7971764385710675
486756.0 0.7971764385710675
486756.0 0.7971764385710675
486756.0 0.7971764385710675
486756.0 0.7971764385710675
486756.0 0.7971764385710675
486756.0 0.7978464428976847
486756.0 0.7971764385710675
486756.0 0.7972332176662877
486756.0 0.7979472567163404
486756.0 0.7971764385710675
486756.0 0.7971764385710675
486756.0 0.7972332176662877
486756.0 0.7971764385710675
486756.0 0.7971764385710675
486756.0 0.7971764385710675
486756.0 0.7971764385710675
486756.0 0.8016196413665606
486756.0 0.7978464428976847
486756.0 0.7971764385710675
486756.0 0.7971764385710675
486756.0 0.7971764385710675
486756.0 0.7971764385710675
486756.0 0.7971764385710675
486756.0 0.7971764385710675
486756.0 0.7971764385710675
486756.0 0.7971764385710675
486756.0 0.7971764385710675
486756.0 0.7971764385710675
486756.0 0.7971764385710675
486756.0 0.7971764385710675
486756.0 0.7971764385710675
486756.0 0.7972332176662877
486756.0 0.7971764385710675
486756.0 0.8000168969529535
486756.0 0.8000168969529535
486756.0 0.7972332176662877
486756.0 0.7971764385710675
486756.0 0.7971764385710675
486756.0 0.7971764385710675
486756.0 0.7971764385710675
486756.0 0.7971764385710675
486756.0 0.7978464428976847
486756.0 0.7971764385710675
486756.0 0.7971764385710675
486756.0 0.7971764385710675
486756.0 0.7971764385710675
486756.0 0.7971764385710675
486756.0 0.7972332176662877
486756.0 0.7971764385710675
486756.0 0.7971764385710675
486756.0 0.7971764385710675
486756.0 0.7971764385710675
486756.0 0.7978464428976847
486756.0 0.7971764385710675
486756.0 0.7971764385710675
486756.0 0.7978464428976847
