714183.0 0.2033556782197283
495588.0 0.7974865441114136
527094.0 0.6197390392868968
618372.0 0.4784701533913346
555666.0 0.604572433957296
572274.0 0.5665730424679624
639363.0 0.45963019508105235
601437.0 0.5443701735317124
605790.0 0.524736194479236
560220.0 0.5870019586589957
659748.0 0.4260195545167274
679026.0 0.40472325392837494
691113.0 0.32791357983943514
684663.0 0.33239849282850376
649407.0 0.44356883825892657
710928.0 0.22350168954100777
705579.0 0.2689666707533333
514008.0 0.669981244787588
501564.0 0.7594228018539779
679971.0 0.3683623316258075
572274.0 0.564317529929349
704508.0 0.28830860784943635
705579.0 0.24225427501053412
698037.0 0.3015802248790203
644196.0 0.4499142273589173
668901.0 0.40936581533958627
666045.0 0.41109550072282813
501564.0 0.757483396541931
679971.0 0.36393080041854875
514008.0 0.7085314485876295
510024.0 0.7404976167443522
698037.0 0.29957871984988305
602331.0 0.5316992192628827
510048.0 0.7343545557608686
511818.0 0.719205852444667
572274.0 0.5473710120108082
514008.0 0.6761793223530128
501564.0 0.7437451522204146
514008.0 0.6896209756500589
514008.0 0.6915029670556309
514008.0 0.7020875133096741
514008.0 0.708914911904597
514008.0 0.7070959157317959
514008.0 0.7027270675275692
514008.0 0.7145974596638727
514008.0 0.7118981766789917
514008.0 0.7170546540252241
514008.0 0.7129077893308422
514008.0 0.7182453589315148
514008.0 0.7074884071507067
514008.0 0.7187046610536111
514008.0 0.7023930417363752
514008.0 0.7190589429823683
728265.0 0.2062686133421894
502935.0 0.7625475871199847
680910.0 0.40124250884160445
569958.0 0.6055522838872517
622848.0 0.5434395926333369
641811.0 0.4879668788987903
653298.0 0.44731123782889953
604464.0 0.5454460241229582
705081.0 0.30642011073134773
668901.0 0.4253057743544214
706755.0 0.25895012354181407
633282.0 0.5122524705883794
649872.0 0.47312886390581593
551673.0 0.6211788098900205
662967.0 0.4275212510648525
588861.0 0.5644216209356214
631707.0 0.5325090836946238
541446.0 0.629346742346938
581250.0 0.5866711879221268
686115.0 0.3721304750779221
514152.0 0.6937359030299307
719703.0 0.21748645754771764
714891.0 0.22098564458557174
576132.0 0.587911697493493
522744.0 0.6719897277980534
593298.0 0.5561030482499286
527202.0 0.654329292148443
518490.0 0.6783410167538354
531438.0 0.6320954225526938
710928.0 0.24306665272968872
511908.0 0.7480026357426383
698049.0 0.3215298343636621
697017.0 0.33526474022510266
551094.0 0.6255598731640425
514008.0 0.7197158030246558
506010.0 0.7512551268917239
511920.0 0.7266615424918077
710241.0 0.24904612260594958
694503.0 0.35034105177118174
690669.0 0.37202670355945705
593298.0 0.5480386245186731
531174.0 0.6498119878753144
505248.0 0.7601769549888087
531414.0 0.6442664603893201
691440.0 0.35596588893678816
690777.0 0.3616287458440184
698049.0 0.31445398820956943
694503.0 0.3525013327195049
514008.0 0.7251302161877303
514008.0 0.7212173188123168
514008.0 0.7233051835533778
514008.0 0.7258980417477997
514008.0 0.7216252757473859
514008.0 0.7226999538823937
514008.0 0.7229977560671437
733245.0 0.20701480962506186
503601.0 0.8448528694246236
599439.0 0.5786906551136864
577152.0 0.5879852467372643
552546.0 0.6248626578313432
650733.0 0.5020958269418954
538974.0 0.6322038049093166
705096.0 0.30692736990138164
677043.0 0.4293474040759135
686598.0 0.4128186035523389
610284.0 0.5553636174229862
639861.0 0.5278896025540926
697911.0 0.34559184457205916
690306.0 0.3724993867379853
503601.0 0.8002027636187582
565632.0 0.6247523381475604
606027.0 0.5768007004417604
710928.0 0.2574016644838052
662034.0 0.44987225212740534
702858.0 0.34380329606362603
533469.0 0.645219303972059
651498.0 0.4829452612872745
659925.0 0.48235090494658545
622275.0 0.5550568132490552
709302.0 0.28979585426931354
687393.0 0.38760694303393445
659946.0 0.46615318196698874
667923.0 0.43157948092667414
709908.0 0.28128961181386963
528933.0 0.675923122007237
667923.0 0.441135304804984
522882.0 0.690920060072804
572559.0 0.62370001665831
505248.0 0.7904360826294209
714411.0 0.24394144355321343
525282.0 0.6810813660755126
637197.0 0.5395304299677707
719703.0 0.23142548354355327
508176.0 0.7585550400659202
576132.0 0.6205220246740011
715809.0 0.23854976242691045
632115.0 0.5407664469482645
725091.0 0.2248841310282622
623931.0 0.5539103867075934
505248.0 0.7715764396674845
629988.0 0.550999707140968
514770.0 0.7159986833539574
688254.0 0.378664652460407
530430.0 0.6602381689377689
721305.0 0.22570329899281133
505836.0 0.7675778885765404
577143.0 0.6069515266063363
531816.0 0.6583135618130725
519084.0 0.6980374116755961
638658.0 0.5287373326703729
518241.0 0.7099027738752531
576786.0 0.6081100063588488
629994.0 0.5467193983723907
518199.0 0.7158580657393652
512034.0 0.7572915251040957
701889.0 0.3446435097909404
729750.0 0.22072594830303874
518268.0 0.6984134776326962
514008.0 0.7275693946990659
513900.0 0.7403687569962997
512640.0 0.7448493552730304
731775.0 0.21383488333005385
731775.0 0.20702981505715956
512172.0 0.7501708555451321
731775.0 0.21583255061919698
729807.0 0.22020853850408417
512040.0 0.7536421106901237
531414.0 0.6601228457509697
512172.0 0.746151136174855
731775.0 0.2198150800828292
729750.0 0.22230708133493002
514008.0 0.733770093649634
513900.0 0.7370317746113801
512040.0 0.7515390530737742
514008.0 0.7321652994315971
514008.0 0.7290643689987177
731775.0 0.21495082181422737
731775.0 0.21683236368998424
731775.0 0.217640507919888
514008.0 0.7314086735785549
514008.0 0.730341196142969
731775.0 0.21858710910910875
731775.0 0.21925284472548784
514008.0 0.7346264131043502
514008.0 0.7364120864826686
514008.0 0.7355584593628519
731775.0 0.21565267155650777
514008.0 0.7343176384430111
514008.0 0.7319008954908018
514008.0 0.7351999969161405
731775.0 0.21874373970998037
514008.0 0.7294253176173685
514008.0 0.7367606264020566
514008.0 0.729685357753651
514008.0 0.7302221631168195
514008.0 0.7353634901933158
514008.0 0.7345343432168902
514008.0 0.7299491515685497
514008.0 0.7299686276074497
514008.0 0.7366257191497287
514008.0 0.7295515505577942
514008.0 0.7364963126932306
514008.0 0.7355270095913954
731847.0 0.21315182281769837
505155.0 0.838772490455292
589635.0 0.5888850365256573
618990.0 0.5735289723774222
568437.0 0.6252253444349811
586710.0 0.6088257168576335
534834.0 0.6457042913424862
671067.0 0.45870134299952353
543030.0 0.633808560606178
707454.0 0.3084781691150796
660609.0 0.4728760246481582
505176.0 0.8179250247773555
628416.0 0.5569642147353695
710391.0 0.2813144488859854
552546.0 0.6333324483455278
687072.0 0.4349984411922133
641016.0 0.552996189080144
690777.0 0.3743994989326371
688197.0 0.411019459036184
643335.0 0.5309812371976929
559659.0 0.6300599601546399
679971.0 0.4378745826798793
705183.0 0.32598330292787325
701775.0 0.36550200414432327
651288.0 0.5290250550088124
655008.0 0.5085961459038058
505422.0 0.7835403385172878
657045.0 0.4882563448252348
713163.0 0.27335695108849695
522405.0 0.7020274880466789
705183.0 0.3421871376804226
508812.0 0.7666952860420939
623616.0 0.5572670385828603
703542.0 0.3568804268796621
714615.0 0.2568410616704426
688197.0 0.39371263406490503
564744.0 0.6253352394761038
621291.0 0.5721222856726605
641823.0 0.5465769389766968
587058.0 0.6077332322122033
673380.0 0.4432771189846755
526098.0 0.6916596544604112
690132.0 0.38710484724044486
506160.0 0.783287972313928
723315.0 0.22790059054368259
660258.0 0.48680256089676377
531174.0 0.6694721755776685
725439.0 0.22707501910699937
675174.0 0.44303814869103547
720579.0 0.2392428381027327
719544.0 0.24090026891693608
519696.0 0.7098325016856625
529086.0 0.6844596659952882
516372.0 0.7266880557868212
519084.0 0.7226445425956224
511920.0 0.7621963354950108
714891.0 0.24681978851230393
731775.0 0.22254495965098123
652929.0 0.5192646813609011
514770.0 0.7310901199093831
530583.0 0.6767080923976964
653853.0 0.5175814652764111
512169.0 0.752113368010538
526446.0 0.6861978171811128
519150.0 0.7140138788838666
701889.0 0.3652745959684732
513780.0 0.7513988758236305
531174.0 0.6724788977942636
714783.0 0.24803948664836745
690777.0 0.3730486394784839
513984.0 0.7436568350790639
731820.0 0.2197508609500464
514008.0 0.7370535120871451
531174.0 0.6733624201426668
511920.0 0.7638549167719185
531174.0 0.6704348325457776
514008.0 0.7391484041015826
514008.0 0.7374602439236474
731775.0 0.22108103813619506
514008.0 0.7389470015104516
731775.0 0.22084904444012785
531174.0 0.672606551663622
514008.0 0.7408785119589291
514008.0 0.7415443441328523
731775.0 0.223590656361984
731775.0 0.22300972298974675
514008.0 0.7399491449032756
731775.0 0.22481437738881968
731775.0 0.22608904956452744
514008.0 0.7404127077383302
731775.0 0.22512814644370016
731775.0 0.22406398939226108
731775.0 0.22370362019030274
514008.0 0.7424367635423562
731775.0 0.22293227691771594
514008.0 0.7395350004215239
514008.0 0.7431720606269909
731775.0 0.22547896877788806
514008.0 0.7406990907798731
514008.0 0.7435265203819412
514008.0 0.7393067474159616
514008.0 0.7427698489103332
731775.0 0.2266911262431296
514008.0 0.7371728186810268
731775.0 0.22685239113905697
731775.0 0.2253401891045297
731775.0 0.2257392318201576
731775.0 0.2264900835261875
514008.0 0.7423029525233689
731775.0 0.2245581906539624
731775.0 0.22420485224264053
514008.0 0.743101368485836
514008.0 0.7418666459746587
514008.0 0.742868579277654
514008.0 0.7404795850728548
731775.0 0.22633340085378392
514008.0 0.7416194192721632
731775.0 0.22438257316317908
514008.0 0.7397450592812405
514008.0 0.7421151715484375
514008.0 0.7421120101191632
514008.0 0.7418191150231047
731775.0 0.2270490458117694
514008.0 0.7397978958857054
514008.0 0.7390403341331386
731775.0 0.22589892657560576
731775.0 0.2258219257978906
731775.0 0.22636558684430105
514008.0 0.7435594538504386
514008.0 0.7371015941170463
731775.0 0.22446834325582618
514008.0 0.7428123916882577
731775.0 0.2258964135905602
731775.0 0.22449409769864337
731775.0 0.22448795919775247
505836.0 0.8034260036102524
505836.0 0.783563842553923
738021.0 0.2167054749791337
590190.0 0.5942986557441516
619230.0 0.578992233093283
623682.0 0.5585104843088078
576333.0 0.6313502609378246
550974.0 0.6338546697957659
570000.0 0.6316427202995877
710538.0 0.3158011893765897
700131.0 0.37374361795232897
706029.0 0.3429152253017947
642825.0 0.5476269089267013
651642.0 0.539434618805512
539235.0 0.6646407562204217
690531.0 0.3910884157787346
662955.0 0.49008560485558417
657720.0 0.52264295785323
672426.0 0.4818265718712422
684249.0 0.4381218119210986
689061.0 0.4178008710309469
710751.0 0.29034999244170556
661383.0 0.5098517003159228
705861.0 0.36681442945565235
543414.0 0.6446989295110581
520134.0 0.7120887941314759
713391.0 0.2760832446856184
531480.0 0.6709233965245543
723219.0 0.24264246273691867
525978.0 0.7069597941895173
643728.0 0.5468267443362983
689112.0 0.4018995090075699
518268.0 0.729425035004756
509892.0 0.7705460942344751
546621.0 0.6397656284603951
674199.0 0.4645326887555039
681063.0 0.4468747932791881
527046.0 0.6871899383279595
718788.0 0.24714401298648675
526248.0 0.6957656225548491
515820.0 0.731441790707945
674253.0 0.4598261745411408
677043.0 0.4498299265403091
726063.0 0.23355806146895403
735213.0 0.22402063020266885
716811.0 0.24903769389500893
714891.0 0.2665567411539934
514710.0 0.742659790909853
530832.0 0.683306321251106
715863.0 0.2583738279008664
729807.0 0.22818676877898644
726375.0 0.22964955271050896
511920.0 0.7689250501455225
513840.0 0.7663861964863147
678003.0 0.4481348900211634
714891.0 0.26072738185385397
733965.0 0.22572809760923343
531174.0 0.6782145578500414
513840.0 0.7602216205114902
731775.0 0.2271644485916094
731775.0 0.22785648851759316
513900.0 0.758374180902022
513984.0 0.7548056145795415
531174.0 0.6809507603531633
531174.0 0.6792867977002979
514008.0 0.744076718180975
513864.0 0.759386352409486
531174.0 0.6806655963117125
514008.0 0.7437769332795174
531174.0 0.6783330646313536
514008.0 0.7489696325329922
514008.0 0.7458278118572883
514008.0 0.7477374728596479
514008.0 0.7509782428833952
514008.0 0.7496006492575881
514008.0 0.751243714155311
514008.0 0.7516646490996886
514008.0 0.7542096224557309
514008.0 0.7535934130972262
514008.0 0.7463909602885033
514008.0 0.7504829119619607
731775.0 0.22749956384226197
514008.0 0.7533353847982018
514008.0 0.752924498852487
514008.0 0.7473594787311201
514008.0 0.7445235966916453
514008.0 0.7448685288486442
514008.0 0.7485629595916352
514008.0 0.7525398128889779
514008.0 0.7519050711505763
514008.0 0.7482845280518153
514008.0 0.7481230206010107
514008.0 0.7450036879824796
514008.0 0.7545886716645605
514008.0 0.7528194032809292
514008.0 0.7443673204714887
731775.0 0.22773387908790754
514008.0 0.7543591241922112
731775.0 0.22717907493480113
731775.0 0.22788424394131254
514008.0 0.7502459696640679
514008.0 0.7454177539081671
514008.0 0.7469445920295835
514008.0 0.7441525366254762
514008.0 0.7471795642303355
514008.0 0.7500724398113383
514008.0 0.7520968693819472
514008.0 0.7452026412374121
514008.0 0.7456241180255182
514008.0 0.7464305501964716
514008.0 0.7534641660920804
514008.0 0.7487438643210889
514008.0 0.7504004488293621
514008.0 0.749729245482467
514008.0 0.7499635480578722
514008.0 0.7498370983526155
514008.0 0.7466424375946153
514008.0 0.7452578088532427
514008.0 0.7523861990577041
514008.0 0.7455737086203346
514008.0 0.7547500319091576
514008.0 0.7487314395650738
514008.0 0.747230321649542
514008.0 0.7468751687239854
514008.0 0.7523257079821111
514008.0 0.7481489013087044
514008.0 0.7542408820342441
514008.0 0.7535844620546354
514008.0 0.7467661169954245
514008.0 0.7522175604478224
514008.0 0.7521810847838507
514008.0 0.7466748152280469
514008.0 0.7467551181151778
514008.0 0.7547855569678595
514008.0 0.7522107687301354
514008.0 0.7466529363112744
739650.0 0.22211983474608657
508812.0 0.7994390515860745
617019.0 0.5947101299441404
666351.0 0.49292714956492567
710793.0 0.2977637078766367
676572.0 0.46541756213176233
581733.0 0.6327756875077415
700869.0 0.3845997133961724
638511.0 0.5680593396373755
599808.0 0.59924665939813
624186.0 0.572991036901909
690669.0 0.3940527485057044
706575.0 0.3434539399658565
591957.0 0.6266025873729453
650562.0 0.5536096200655798
687504.0 0.43958872321280534
689472.0 0.4143547028944937
684327.0 0.45628561080615126
552546.0 0.6380553509293335
566316.0 0.637149476217183
706401.0 0.3683633031441024
568890.0 0.6353791863980696
663252.0 0.5152180779558293
539610.0 0.6671271706105847
630969.0 0.5694521515610919
719703.0 0.24730119645177184
706575.0 0.3555258456815311
532530.0 0.6771854191504751
547554.0 0.6424397757121184
592215.0 0.6015779896483289
545904.0 0.654491984839592
661887.0 0.5246164467961775
543822.0 0.6629002247286031
719067.0 0.2688880945253992
510039.0 0.7822008737670768
713595.0 0.2793328833211468
723399.0 0.24298872141747546
526311.0 0.7168306212275913
735933.0 0.2263482558006328
654615.0 0.5413894315455374
526452.0 0.6973025266829712
515232.0 0.7486726723811944
654150.0 0.5499305477358073
594576.0 0.6004394936479189
659856.0 0.535267675612577
659364.0 0.5387902429296901
726555.0 0.23741767339040912
510204.0 0.7754200599581613
716196.0 0.27349141557976353
527187.0 0.6877337610587194
727539.0 0.23422287830230348
517518.0 0.7399232096188546
522732.0 0.7270993758474211
731880.0 0.22722642158063028
713655.0 0.27775396929512675
513840.0 0.7728417148180935
525768.0 0.7238874814382407
719067.0 0.27330058081755687
518772.0 0.7296990499632353
531174.0 0.6867295834695422
731667.0 0.22976867661209788
531414.0 0.6819593714030485
521856.0 0.7290685339382295
514152.0 0.7543800889448744
526248.0 0.7237403360614917
527148.0 0.6942970713587489
518226.0 0.7354177291215938
518712.0 0.7329594374473642
727539.0 0.23023345445468818
518124.0 0.738634686966428
527124.0 0.6956207646670894
522024.0 0.7282283323450475
731775.0 0.22942624047011023
531174.0 0.6862291942719476
531174.0 0.6842636508505803
531174.0 0.6834456984247336
531174.0 0.684079997528741
514008.0 0.7548969584334725
514008.0 0.7709763070647675
514008.0 0.769398778273354
514008.0 0.7689516834712705
514008.0 0.7560072937215457
531174.0 0.6837513721671449
514008.0 0.7563599417222486
514008.0 0.759535703427212
514008.0 0.7639883530328794
514008.0 0.7700373236691556
514008.0 0.761091148659202
514008.0 0.7717033772944519
514008.0 0.7633699317205352
514008.0 0.7628062177950589
514008.0 0.764834278608738
514008.0 0.768136306495112
514008.0 0.7552410339599005
514008.0 0.7686881081641356
514008.0 0.7713478767091819
514008.0 0.7722278309547657
514008.0 0.766751415939197
514008.0 0.764219455521375
514008.0 0.7636368146337194
514008.0 0.7705578884065365
514008.0 0.7557223751941863
514008.0 0.7624435425628092
514008.0 0.75662708837686
514008.0 0.7644243900582841
514008.0 0.7591393508241362
514008.0 0.7671490565839197
514008.0 0.7684644290570951
514008.0 0.7588192713848269
514008.0 0.7697100241594974
514008.0 0.7573384130202944
514008.0 0.7678063895709739
514008.0 0.7704008449651131
514008.0 0.7583567929950145
514008.0 0.7651434209792266
514008.0 0.7632077078118962
514008.0 0.7714465811038373
514008.0 0.7719964425207105
514008.0 0.7602350296630506
514008.0 0.7661691227824864
514008.0 0.7580433623791889
514008.0 0.7674479716672905
514008.0 0.7621320726210506
514008.0 0.7683041379285119
514008.0 0.7725023376050159
514008.0 0.7655362675885922
514008.0 0.7649400391156321
731775.0 0.22964656347516063
514008.0 0.7664538369763563
514008.0 0.7555891577338413
514008.0 0.7571630149765484
514008.0 0.7614384856746135
514008.0 0.7660260989271241
514008.0 0.7635677350259273
514008.0 0.7600736330175453
514008.0 0.760530950227383
514008.0 0.7658736757403661
514008.0 0.7677649990320554
514008.0 0.7607636666389855
514008.0 0.7590011132006976
514008.0 0.7586188572481366
514008.0 0.7623205959934528
514008.0 0.7599779935426724
514008.0 0.7675607795137794
514008.0 0.7606992275495348
514008.0 0.772056296887657
514008.0 0.759750672366176
514008.0 0.772704268090161
731775.0 0.2294848624619743
514008.0 0.7604216992966866
514008.0 0.7698448628068302
514008.0 0.761908938408576
514008.0 0.757541955679934
514008.0 0.7597306441945424
514008.0 0.765662576721432
514008.0 0.7663731176575974
514008.0 0.7653463872909323
514008.0 0.7630139149739791
514008.0 0.7644243900582841
514008.0 0.7612394263271053
514008.0 0.7617547210539756
514008.0 0.7633843222561807
514008.0 0.7629796133677589
514008.0 0.7609402727594515
514008.0 0.7576516528534175
514008.0 0.7567724214601961
514008.0 0.7616410961582636
514008.0 0.7579279404858804
514008.0 0.7553946321891865
514008.0 0.758581019165951
514008.0 0.7584378283764208
514008.0 0.7652971889263861
514008.0 0.7568824432886445
514008.0 0.7554268887824139
731775.0 0.22964409843763325
514008.0 0.7619843933910749
514008.0 0.7704335612339477
514008.0 0.7577445139925088
514008.0 0.765910512379369
514008.0 0.7609587288691135
514008.0 0.7612341635732511
514008.0 0.7726151553978652
514008.0 0.761091148659202
514008.0 0.7668920812895267
514008.0 0.7569833238318234
514008.0 0.7570523286143411
514008.0 0.7590587171754233
514008.0 0.7615223235904229
514008.0 0.765662576721432
514008.0 0.7705578884065365
514008.0 0.7578108493057429
514008.0 0.7617105274176478
514008.0 0.7697791149071547
514008.0 0.7568186733430382
514008.0 0.7575498464934184
514008.0 0.7604503553884495
514008.0 0.7599859839973288
514008.0 0.7579966303009549
514008.0 0.7670619205646739
514008.0 0.7615036451769748
731775.0 0.22968804890806976
514008.0 0.7591393508241362
731775.0 0.22972742793383216
514008.0 0.7725612343277792
514008.0 0.7570230570375168
514008.0 0.7674856426376597
514008.0 0.7578043758190491
514008.0 0.76982231353456
514008.0 0.7619662542201184
514008.0 0.7623696623668841
514008.0 0.7725443254041751
514008.0 0.7623900550929432
514008.0 0.7669290580458676
514008.0 0.7669839341448159
514008.0 0.7669839341448159
514008.0 0.7670367512110868
514008.0 0.7584056217665286
514008.0 0.7580158288236251
514008.0 0.7675153784909139
514008.0 0.7675314444710297
514008.0 0.7664233232891853
514008.0 0.7668920812895267
514008.0 0.7669290580458676
514008.0 0.7630026900150132
514008.0 0.766409826386268
514008.0 0.7704008449651131
514008.0 0.7554251183343276
514008.0 0.7584091756664765
514008.0 0.7653268310529447
514008.0 0.7663902080302127
514008.0 0.7664512474828704
514008.0 0.7653145287759704
514008.0 0.7670367512110868
514008.0 0.7670619205646739
514008.0 0.7623852515757047
514008.0 0.7597470226125644
514008.0 0.7619737347711417
514008.0 0.7663791750653182
514008.0 0.7584056217665286
514008.0 0.7644243900582841
514008.0 0.7644243900582841
514008.0 0.7669839341448159
514008.0 0.7644243900582841
514008.0 0.7644243900582841
514008.0 0.7644243900582841
514008.0 0.7644243900582841
514008.0 0.7644243900582841
514008.0 0.7644243900582841
514008.0 0.7644243900582841
514008.0 0.7644243900582841
514008.0 0.7644243900582841
514008.0 0.7644243900582841
514008.0 0.7644243900582841
514008.0 0.761091148659202
514008.0 0.7644243900582841
514008.0 0.7591393508241362
514008.0 0.7644243900582841
514008.0 0.7644243900582841
514008.0 0.7644243900582841
514008.0 0.7644243900582841
514008.0 0.765662576721432
514008.0 0.7670619205646739
514008.0 0.7644243900582841
514008.0 0.7644243900582841
514008.0 0.7644243900582841
514008.0 0.7670619205646739
514008.0 0.7644243900582841
514008.0 0.7644243900582841
514008.0 0.7644243900582841
514008.0 0.7644243900582841
514008.0 0.7644243900582841
514008.0 0.7644243900582841
514008.0 0.7644243900582841
514008.0 0.7644243900582841
514008.0 0.7644243900582841
514008.0 0.7669839341448159
514008.0 0.7644243900582841
514008.0 0.7644243900582841
514008.0 0.7644243900582841
514008.0 0.7644243900582841
514008.0 0.7644243900582841
509607.0 0.8132838721533234
760068.0 0.22430974568582016
739851.0 0.22651204500105443
712047.0 0.2977895285242602
625500.0 0.5788350432192141
593754.0 0.6260390041448697
710928.0 0.35163179248051213
635871.0 0.5700251710317131
587316.0 0.6366376415786659
575079.0 0.6384719478748948
564402.0 0.6390881803883671
598539.0 0.6009520514218318
603105.0 0.5997935038879539
675942.0 0.4966780476841771
677028.0 0.46793459514667224
697911.0 0.39515739493760693
646896.0 0.5690076359078684
617151.0 0.5977003947853213
684612.0 0.4628126429221626
618468.0 0.5958426551655165
692157.0 0.4133575726138288
552810.0 0.6394842973903919
665853.0 0.5219065261317722
689355.0 0.44238386047906025
544512.0 0.6703874508401667
547350.0 0.6550997862190773
671175.0 0.5088955728535605
652449.0 0.5680842937433205
662172.0 0.5380281539549943
690531.0 0.4219515617818874
722517.0 0.27568162748197145
534816.0 0.6772440785362238
514320.0 0.7624984261638229
510006.0 0.8076548347589534
515910.0 0.7493842946100474
708747.0 0.37260885621300005
727554.0 0.23159666687688793
713655.0 0.287787629578165
511908.0 0.7911674254364865
663573.0 0.525158362531645
707160.0 0.37972011486249796
527010.0 0.6994641742616292
671211.0 0.5009454623910049
690213.0 0.44190474588194567
682569.0 0.4660100678401773
654783.0 0.5577401875716701
709350.0 0.3574572739454711
718215.0 0.27846244755113375
723042.0 0.26110971792076965
549150.0 0.6476348245320508
526896.0 0.7143640643489393
715809.0 0.28099231721910906
532362.0 0.685337998344753
727227.0 0.24695024801940402
701595.0 0.39144864616798336
731775.0 0.2315009719994843
517650.0 0.7429051813655637
513858.0 0.7844771462718623
658407.0 0.5425751599026172
655041.0 0.5525100474665813
704421.0 0.3866757157461578
657492.0 0.545570027523736
539694.0 0.6739619972903874
522498.0 0.7291411839361508
551307.0 0.6437663357615686
725745.0 0.25456528993348504
539694.0 0.6709110404378015
526089.0 0.7243426785177505
723267.0 0.25637038204105406
691839.0 0.41702420640388776
513858.0 0.7731230656527207
512034.0 0.7874041654888615
726555.0 0.24867112905086136
514008.0 0.7728780611924364
731775.0 0.23069532121911498
710373.0 0.35518377277793234
518550.0 0.7369320369153436
529062.0 0.6955580973293427
531174.0 0.6884166998668648
520959.0 0.7297618865317986
520464.0 0.7358647323933001
520581.0 0.7327000258237852
526752.0 0.7189969932746202
529200.0 0.6930571533792179
703335.0 0.3888460590506271
526374.0 0.7202168017850035
518706.0 0.736102622644966
526311.0 0.7241291808368452
703335.0 0.38881588239542697
531174.0 0.6909017677829445
731775.0 0.22978056065622277
529086.0 0.6951060827107022
531174.0 0.6911964352766997
531174.0 0.6891561570797565
531174.0 0.6899130711073488
531174.0 0.6922024740730608
514008.0 0.7729518325077327
531174.0 0.6896824633317317
531174.0 0.6928758764473657
531174.0 0.6922152568099341
731775.0 0.23108980465674903
731775.0 0.23047812282507593
731775.0 0.23016403098866656
731775.0 0.2315009719994843
731775.0 0.22995248058497225
731775.0 0.23089036794769616
731775.0 0.23094135907793312
731775.0 0.23073606343242337
531174.0 0.6929396618365802
531174.0 0.6930341795184948
731775.0 0.23152178575188367
514008.0 0.7728837888957748
731775.0 0.2315041880001413
731775.0 0.2315009719994843
731775.0 0.2315009719994843
731775.0 0.2315009719994843
731775.0 0.2315009719994843
731775.0 0.2315009719994843
731775.0 0.2315009719994843
731775.0 0.2315009719994843
731775.0 0.2315009719994843
731775.0 0.2315009719994843
731775.0 0.2315009719994843
731775.0 0.2315009719994843
731775.0 0.2315009719994843
731775.0 0.2315009719994843
731775.0 0.2315009719994843
731775.0 0.2315009719994843
731775.0 0.2315009719994843
731775.0 0.2315009719994843
731775.0 0.2315009719994843
512034.0 0.813095455979873
731973.0 0.2302747694237129
616200.0 0.6029475009754335
601362.0 0.6049374513065132
587058.0 0.6394958837683157
598707.0 0.623347340172432
566472.0 0.6401641561274757
712698.0 0.32906185443499075
631200.0 0.5906936048415761
713595.0 0.3023280390725564
642363.0 0.5801202004533506
628179.0 0.6005115883441509
693447.0 0.4151277052699149
590190.0 0.6389443666532847
661971.0 0.5484641509339209
654153.0 0.5704164003111345
690171.0 0.45186796960291675
691686.0 0.4367218560285579
666438.0 0.5242648100689874
711312.0 0.35587703318388536
659397.0 0.5526236910623418
680304.0 0.4754150707228956
562539.0 0.644015431073862
717027.0 0.28433144572146146
685923.0 0.4672196490831299
677604.0 0.4909511655614053
541704.0 0.672117318724614
708993.0 0.37617701586965957
706575.0 0.38680059776764464
552546.0 0.6556881636336367
709836.0 0.36491758615289466
698406.0 0.4049605526443343
702969.0 0.39489249307765717
647754.0 0.5791588527367727
650061.0 0.5746505022517809
546393.0 0.6721138613501559
536862.0 0.6774830555771924
684498.0 0.4683860231598143
513816.0 0.7958704432523567
677073.0 0.4983157613217944
527034.0 0.7174787015228242
698406.0 0.4022381604246253
516048.0 0.7610627836052444
723399.0 0.2706577785218358
721899.0 0.27943012332110817
729231.0 0.24001509909406268
522288.0 0.7363218178215244
531318.0 0.6888912628386274
669756.0 0.5240125957937456
535122.0 0.6831795942825373
726969.0 0.24963180769850207
519084.0 0.7421298913660859
522444.0 0.7298975118203282
672321.0 0.5150257852886384
719493.0 0.2816648928607937
704730.0 0.39299286370730324
724305.0 0.259670142564494
547554.0 0.6622197585900904
726621.0 0.2529254275292416
527046.0 0.7064620048718996
516426.0 0.750182590934013
674565.0 0.5053656352047204
672075.0 0.5190310059708116
673782.0 0.50564642723579
565212.0 0.6426967138740178
526482.0 0.7286282643620373
723519.0 0.26224077091585535
530430.0 0.7032227462712737
514008.0 0.7734995191188693
526830.0 0.7280687435511881
516048.0 0.7572951071971349
729594.0 0.23527645599123154
551673.0 0.6563539454665815
530802.0 0.6944527505662317
552546.0 0.6474127291776641
552546.0 0.6547961069572454
548574.0 0.6581893999882749
535536.0 0.6801863883231519
518292.0 0.7470883039500301
529065.0 0.7058063999939983
547950.0 0.6589244958380656
514008.0 0.7846595276806764
518817.0 0.7466534479103182
731775.0 0.23389318336616646
531174.0 0.6931918458651865
529257.0 0.703285769917417
548574.0 0.656733882013816
529086.0 0.7039429393857821
731775.0 0.2317219050748456
518586.0 0.7468454939781466
514008.0 0.7830774771418023
514008.0 0.7902196404196117
514008.0 0.7852476781952299
514008.0 0.7841763674436687
531174.0 0.6943591030389273
514008.0 0.7898264316358015
531174.0 0.6939343560069048
514008.0 0.7927460441566553
514008.0 0.7914286592947833
514008.0 0.7887405973180117
731775.0 0.23250682880031243
514008.0 0.7930403113666666
514008.0 0.7862555247871555
514008.0 0.7918055457143831
514008.0 0.7946053400149157
514008.0 0.7939076210899579
514008.0 0.795122325153118
731775.0 0.23288598567492877
514008.0 0.7863453352253019
514008.0 0.787989597146963
514008.0 0.7886073958465882
531174.0 0.6934387498756543
514008.0 0.7742040359455444
514008.0 0.78706977862455
514008.0 0.7737954084203864
514008.0 0.7783187576659136
514008.0 0.7825719136078437
514008.0 0.7940884580021967
514008.0 0.7797136234685954
514008.0 0.7792643080901711
731775.0 0.23389318336616646
514008.0 0.7773539132204708
514008.0 0.7765371431569066
514008.0 0.7955445638874072
514008.0 0.7769327662241133
731775.0 0.23334475365740442
514008.0 0.7784162581195129
514008.0 0.7788577979988347
731775.0 0.23489099604551802
514008.0 0.7814979956048123
514008.0 0.7755689712758023
514008.0 0.7770233231035479
514008.0 0.7810047734862102
514008.0 0.7745365332892028
514008.0 0.7872251892325587
514008.0 0.7801184822801384
514008.0 0.7759309431048742
514008.0 0.7821036663194042
514008.0 0.7874667274219597
514008.0 0.7803158133368627
731775.0 0.23363846009025666
514008.0 0.7817377497390461
514008.0 0.782218905286176
731775.0 0.23448994464455938
514008.0 0.7778158068732335
731775.0 0.23473742783435145
731775.0 0.2342548723822607
514008.0 0.7878398889116741
514008.0 0.7804874249504093
514008.0 0.7748652883323597
514008.0 0.7812018545285271
514008.0 0.7813025534160642
514008.0 0.7775374998011987
514008.0 0.7791785321693668
514008.0 0.7761923798716565
514008.0 0.7751121981016168
514008.0 0.7759478677001979
514008.0 0.7956873411072825
514008.0 0.7789794031807158
514008.0 0.7746131596355933
514008.0 0.7818488771064062
731775.0 0.23389318336616646
514008.0 0.7807904089417824
514008.0 0.7781246136231068
514008.0 0.7753175164958106
514008.0 0.7876718532531867
514008.0 0.7824533302332809
514008.0 0.7778844244192835
514008.0 0.7916829265547212
731775.0 0.2343888133257763
514008.0 0.7799329912222206
514008.0 0.7763479835012272
731775.0 0.23405981831367248
514008.0 0.7875947357545835
514008.0 0.7750468996692326
514008.0 0.7764428084022714
514008.0 0.7775236010035689
514008.0 0.7749210714251242
514008.0 0.7940542065858835
514008.0 0.7806273807435041
514008.0 0.7782726947041952
731775.0 0.23354161918524374
514008.0 0.7762274786373896
514008.0 0.7870800338349515
731775.0 0.2348306640048118
514008.0 0.7915663387936486
731775.0 0.23347284590137993
731775.0 0.2339963467064138
514008.0 0.7956096557177793
514008.0 0.778141860499692
514008.0 0.7753955232306733
514008.0 0.7806665082097068
514008.0 0.7807528006330878
514008.0 0.7818488771064062
514008.0 0.775494462856109
731775.0 0.23339112215318095
514008.0 0.7914481729897209
731775.0 0.23389855966118886
514008.0 0.7798144687114904
514008.0 0.7783953684417518
514008.0 0.7915319782394215
514008.0 0.7824926077720898
514008.0 0.7753599114607527
514008.0 0.7746091054238414
514008.0 0.775504939595267
514008.0 0.7778844244192835
731775.0 0.2340487735124679
514008.0 0.778872566956159
514008.0 0.7798876349515029
514008.0 0.7789193808781157
514008.0 0.7798392911225625
514008.0 0.7798722817118566
514008.0 0.7789193808781157
731775.0 0.2333641445781072
514008.0 0.7824633928195414
514008.0 0.7915319782394215
514008.0 0.7824926077720898
514008.0 0.7798224889503307
514008.0 0.778133378154376
514008.0 0.7798144687114904
514008.0 0.7824926077720898
514008.0 0.7789193808781157
514008.0 0.7824926077720898
514008.0 0.7824926077720898
514008.0 0.7798144687114904
731775.0 0.23389318336616646
