730785.0 0.12680838388525797
461163.0 0.7650170970234138
618372.0 0.4784701533913346
535269.0 0.5764843080703614
572274.0 0.5473710120108082
490680.0 0.6888445325914826
506784.0 0.6382898635652576
605790.0 0.524736194479236
639363.0 0.45963019508105235
491565.0 0.6432133129410981
601437.0 0.5443701735317124
520500.0 0.6121789360207542
572274.0 0.5665730424679624
520500.0 0.5885761572127695
474312.0 0.703703491549958
716484.0 0.15338812934407817
470013.0 0.7447903786199122
649575.0 0.4145413860926667
694527.0 0.19988341050401057
661791.0 0.3707531590529208
644196.0 0.4499142273589173
660189.0 0.3726911870549171
705558.0 0.16861777109992943
721989.0 0.14676428725276053
671157.0 0.3300132802362286
703458.0 0.17696654738806883
681951.0 0.22880343872600123
680391.0 0.28524804675826965
681951.0 0.27835525615592593
602331.0 0.5316992192628827
697698.0 0.1832726878597089
681951.0 0.201957850684131
649407.0 0.44356883825892657
661791.0 0.35459118522665506
474045.0 0.7312471487713131
697698.0 0.19256012623906973
726759.0 0.1383875631082128
671157.0 0.3210756973484293
728817.0 0.12864489582079658
649575.0 0.39687886353825347
474303.0 0.7131336595872749
572274.0 0.564317529929349
660189.0 0.3851459925363636
671157.0 0.2993273038479797
472305.0 0.7433381046960181
472344.0 0.7339297700639826
681951.0 0.23358388498169488
705558.0 0.16593808459848847
671157.0 0.291434524040199
681951.0 0.2540485720857182
671157.0 0.3374684870158249
726759.0 0.14093229300084398
681951.0 0.2438823417840357
649575.0 0.4338547969857109
671157.0 0.3201229330750119
681951.0 0.2601164699013196
671157.0 0.3093620960365735
680445.0 0.2826318831426306
681951.0 0.24638936078608992
671157.0 0.30855178951373113
671157.0 0.34814472015188125
681951.0 0.2697165616419731
649575.0 0.427840276403585
649575.0 0.42067513705294607
681951.0 0.26567658408101313
705558.0 0.15913318553634465
671157.0 0.3436515837424085
474312.0 0.7092847214301097
649575.0 0.41940036060524954
705558.0 0.1584792541057927
474312.0 0.7053204162512529
671157.0 0.32559150279786636
660189.0 0.3900442430796381
681951.0 0.27346277459061835
649575.0 0.3946661896009772
671157.0 0.32122983229265634
671157.0 0.34476966424029887
671157.0 0.32621368288030655
681951.0 0.27870983896762996
681951.0 0.2677199169571809
660189.0 0.3900896122341839
649575.0 0.43144399460955213
474312.0 0.7125803243827586
649575.0 0.42995828873883735
660189.0 0.3919641994722009
681951.0 0.2779718552689486
681951.0 0.2746562082732407
660189.0 0.3910780979300759
681951.0 0.2746432108383927
660189.0 0.39023400371168154
681951.0 0.2782101492786332
730785.0 0.1343315037437606
461412.0 0.8104123077084623
516003.0 0.6491296895149838
581250.0 0.5866711879221268
499098.0 0.6667477569034245
527094.0 0.6197390392868968
535269.0 0.608223614492243
622848.0 0.5434395926333369
604464.0 0.5454460241229582
641811.0 0.4879668788987903
633282.0 0.5122524705883794
560220.0 0.5870019586589957
555666.0 0.604572433957296
588861.0 0.5644216209356214
631707.0 0.5325090836946238
659748.0 0.4260195545167274
486168.0 0.7079651114066282
472122.0 0.7570369255329528
495012.0 0.6906505494679159
469512.0 0.76971207132316
491649.0 0.6962676957605612
593298.0 0.5480386245186731
478338.0 0.7123438870700973
468420.0 0.7953393338651416
666462.0 0.3674921143782328
466464.0 0.7971990220957609
701532.0 0.18686878800587917
685122.0 0.24894843345991982
474096.0 0.7327370910427565
685122.0 0.2191466785370306
676503.0 0.3057781471587828
559830.0 0.6014498702611119
691278.0 0.20987048569853906
593298.0 0.5561030482499286
672525.0 0.31744647840472723
649575.0 0.4535114993915843
660261.0 0.3762066640275635
705225.0 0.17742214127681488
685122.0 0.25683796513773643
683733.0 0.26999515884555453
691278.0 0.21879176653840274
649575.0 0.4458464939284842
649575.0 0.45369393784839696
710109.0 0.16158057075692953
672240.0 0.32229255875654306
660189.0 0.3975996187841357
672240.0 0.34038091819505184
718713.0 0.15497055678212932
706083.0 0.17269883737691283
716484.0 0.16025986638496978
671157.0 0.363305479302273
698553.0 0.20133796283445296
661791.0 0.37272941407229787
722937.0 0.15269215368769765
676875.0 0.2986677395682307
730548.0 0.14430060617517443
660189.0 0.4014115986363897
709581.0 0.16759580845295743
672240.0 0.3489401688661799
683733.0 0.28262569828745776
660189.0 0.41518790232859726
680457.0 0.28495357620792483
680115.0 0.2956130819294826
698553.0 0.1934967506393745
726759.0 0.14970157724332092
649575.0 0.48063546335543866
724449.0 0.15078499209784876
474312.0 0.7317731245683395
672240.0 0.35948343256315907
717027.0 0.15877651936996492
660189.0 0.41640063485797346
649575.0 0.4765289733568645
649575.0 0.45879453079716664
683733.0 0.2658590816546739
649575.0 0.46634212589580515
680445.0 0.29232533311027564
730713.0 0.13997876576939158
710109.0 0.16726085948308592
474312.0 0.7282927002919418
726429.0 0.1500468714497024
685122.0 0.26181923166225557
698553.0 0.19214960163678307
649575.0 0.4715031307640694
474312.0 0.7240848857001918
649575.0 0.4500282176054954
474312.0 0.7149747430363773
698553.0 0.19680953226566347
685122.0 0.251440913801278
680445.0 0.28790638455264667
649575.0 0.45747122706002086
685122.0 0.2611621378939429
661791.0 0.3751555198392176
474312.0 0.721866059673113
672240.0 0.36010567503037055
672240.0 0.34471939500835574
730758.0 0.13741271053168486
672240.0 0.3442092859618804
474312.0 0.7181554351774173
660189.0 0.39926672763881144
680115.0 0.2966007862635793
680445.0 0.2870681062908084
649575.0 0.4700830755959085
474312.0 0.7191924764328582
649575.0 0.45206751918863697
698553.0 0.20252828240019047
726759.0 0.1473236546477911
685122.0 0.2645263741891677
726759.0 0.14764604739473416
730785.0 0.13578600417103479
474312.0 0.7310708800268318
698553.0 0.20768031692799013
698553.0 0.19919488786305
698553.0 0.20521669837427906
698553.0 0.2047442068799361
661791.0 0.37507748275336245
649575.0 0.4677679467483925
685122.0 0.25053175770702935
698553.0 0.2081576034774115
672240.0 0.3615075156274435
672240.0 0.36191142774493723
660189.0 0.39862844325077335
698553.0 0.2003684253170833
649575.0 0.46651987665428696
685122.0 0.26515093724674094
649575.0 0.46773524514195136
660189.0 0.4159789241783102
698553.0 0.1994408416305046
698553.0 0.2009667611967114
474312.0 0.7315950077313293
685122.0 0.2511923604879106
474312.0 0.7313832152026511
698553.0 0.20507270212661707
685122.0 0.2513386523492323
649575.0 0.45368994953269565
730785.0 0.13944805555588155
730785.0 0.14741560267069248
465366.0 0.8609159138623024
649872.0 0.47312886390581593
470079.0 0.7769023618428
576132.0 0.587911697493493
528846.0 0.6212722509827636
599439.0 0.5786906551136864
551673.0 0.6211788098900205
639861.0 0.5278896025540926
527202.0 0.654329292148443
503010.0 0.680473528619452
478164.0 0.7187147718699556
610284.0 0.5553636174229862
566376.0 0.6011930167485312
653298.0 0.44731123782889953
491277.0 0.7121828282886299
606027.0 0.5768007004417604
516162.0 0.6633677705635631
495096.0 0.6962736596181188
514008.0 0.6761793223530128
622275.0 0.5550568132490552
559830.0 0.6141528263123138
559830.0 0.6050881362651837
637197.0 0.5395304299677707
472344.0 0.764572776555774
632115.0 0.5407664469482645
493821.0 0.7008169503092373
623931.0 0.5539103867075934
629988.0 0.550999707140968
666462.0 0.37487838300173054
674241.0 0.33473988330485643
661791.0 0.39343845055877624
660189.0 0.42865274299648554
674241.0 0.3188480296209741
701532.0 0.20690775263553582
666462.0 0.3835460780841784
688956.0 0.23212368470022907
638658.0 0.5287373326703729
514008.0 0.669981244787588
717933.0 0.16136146764122838
721053.0 0.1561920761136837
474093.0 0.7586956190194257
660189.0 0.44060935406955704
688956.0 0.2452148611882944
685122.0 0.27163826927085705
688956.0 0.22620706472620425
691278.0 0.22172561601150242
629994.0 0.5467193983723907
474168.0 0.7518878500501558
709875.0 0.17077952325216444
694527.0 0.21855169082559678
670314.0 0.37283346287486935
474312.0 0.7336222319891418
680115.0 0.30234924157361365
474210.0 0.7431100900749281
716484.0 0.16229348919703138
703458.0 0.20351337669632097
676551.0 0.3138896096149071
709581.0 0.18329219801569258
670314.0 0.3700831948588447
681951.0 0.2957588748331668
672240.0 0.3643958848158807
687759.0 0.2654663807451758
713874.0 0.16978812136367089
724884.0 0.15356649402064565
706083.0 0.18485299435352973
722541.0 0.15538505784302767
713874.0 0.16491453560571376
694527.0 0.21472457535764775
676875.0 0.3113972671651395
660189.0 0.42993781026382905
697698.0 0.21455177303099696
688956.0 0.24994314796516343
660261.0 0.41986442658248363
703854.0 0.19908730798352434
728673.0 0.14936207067295917
474312.0 0.7360611342646073
709599.0 0.174051651389337
698553.0 0.2129141036996478
687759.0 0.2600324165460209
661791.0 0.38403810016405204
660261.0 0.40876945528732805
660261.0 0.4158095411015673
709581.0 0.18038597170724752
674241.0 0.3359360117495953
660261.0 0.4267340079915561
687759.0 0.26007112585508924
661791.0 0.3935182894145666
672477.0 0.3552151800461803
674241.0 0.34583085503788413
674241.0 0.34005480489227724
684141.0 0.28306140940830943
674241.0 0.3520478349937129
660261.0 0.4104883463806834
660261.0 0.40481738329627875
660261.0 0.4020183310865117
680115.0 0.3071061751061945
688956.0 0.2486254650809109
474210.0 0.7374047648362775
730362.0 0.1490709657749918
705558.0 0.1923931585326665
681951.0 0.28985365884640135
726759.0 0.15009398298987436
680457.0 0.2975295136079829
687759.0 0.2664817155432211
726759.0 0.15111030630020417
672477.0 0.3569937111402043
674241.0 0.34378585906092457
681951.0 0.2887768720779637
672477.0 0.3604062480262281
684141.0 0.273011982072738
705558.0 0.19474723747938436
684141.0 0.2775796717338502
713874.0 0.16814309971872854
684141.0 0.2792414916824692
698553.0 0.21080335123793814
684141.0 0.27691254324040615
688956.0 0.2221341414477307
730785.0 0.1425323514788994
660261.0 0.39782845955052143
680115.0 0.3083228399546865
660261.0 0.3978916579563623
672477.0 0.3623340942091434
684141.0 0.28226774397262333
705558.0 0.198067703068365
676875.0 0.31190438578969115
684141.0 0.28591726908952775
705558.0 0.1907906159053007
694527.0 0.22119970396969507
672477.0 0.353305849089298
698553.0 0.21431044457612533
680445.0 0.3012727215305967
684141.0 0.2838984876533617
705558.0 0.18680003550525223
705558.0 0.1885158619891951
680445.0 0.299359306024836
730785.0 0.14382264640698492
705558.0 0.18919812591664942
730785.0 0.14485424958184626
681951.0 0.2871280460019826
698553.0 0.21158384873710248
705558.0 0.194277477438691
680445.0 0.30018756430205584
680457.0 0.2978699259084113
705558.0 0.19268843795481358
681951.0 0.2880737825228462
730785.0 0.14796052815510263
698553.0 0.21370872884328815
688956.0 0.24876385533106327
730785.0 0.14604739936102903
730785.0 0.14730346771596345
705558.0 0.18598636156942958
726759.0 0.15284208987103884
474312.0 0.7368789384694818
730785.0 0.14598766276595196
705558.0 0.18553488658646836
674241.0 0.335457647503994
681951.0 0.2894154064240325
726759.0 0.15180989986462953
726759.0 0.1521803916675166
705558.0 0.1983482348609724
726759.0 0.15048121535371042
474312.0 0.7348588685543374
474312.0 0.7361733513141806
474312.0 0.7352620990672502
730785.0 0.14863302750844046
726759.0 0.15342279312836882
474312.0 0.7344013583369163
726759.0 0.15094854783326278
730785.0 0.14827656545257206
474312.0 0.7357597173703359
474312.0 0.7339669582227288
730785.0 0.14769067244782078
666462.0 0.3835866760815877
674241.0 0.33586329074266796
474312.0 0.7341835514703556
474312.0 0.735228766397234
730785.0 0.14802860394606254
705558.0 0.19250810542416535
730785.0 0.14743601319508762
474312.0 0.7359569743941682
474312.0 0.7358383204607005
730785.0 0.14734152035968942
735168.0 0.1430529006120904
470532.0 0.7888451492288624
577152.0 0.5879852467372643
618990.0 0.5735289723774222
650733.0 0.5020958269418954
643335.0 0.5309812371976929
569958.0 0.6055522838872517
565632.0 0.6247523381475604
505671.0 0.6871781605815279
516330.0 0.6770168491716492
541446.0 0.629346742346938
522744.0 0.6719897277980534
628416.0 0.5569642147353695
641016.0 0.552996189080144
527973.0 0.6556942963086084
651498.0 0.4829452612872745
474204.0 0.7564353971282158
689451.0 0.23208145632128319
531438.0 0.6320954225526938
484584.0 0.7277325584987426
659925.0 0.48235090494658545
552546.0 0.6248626578313432
478938.0 0.7374816201708194
486921.0 0.7189344536307851
504162.0 0.7054503983404897
623616.0 0.5572670385828603
551094.0 0.6255598731640425
688956.0 0.2626952855880626
500154.0 0.7080361728843715
641823.0 0.5465769389766968
621291.0 0.5721222856726605
493062.0 0.7132098462074954
659946.0 0.46615318196698874
670314.0 0.37562123679578685
722412.0 0.1576499526291887
661791.0 0.4229860183417443
495096.0 0.712161206610302
660261.0 0.45130082804272226
660261.0 0.4342193353388651
666462.0 0.39828027892018564
531174.0 0.6498119878753144
690882.0 0.22636853253622763
706083.0 0.18669237473636935
694527.0 0.2248081287275842
531414.0 0.6442664603893201
709581.0 0.18606047770409967
731193.0 0.14835884229253085
674421.0 0.33499760439326814
681951.0 0.3027575554054156
705225.0 0.20689300224039772
682704.0 0.29342646235315023
702411.0 0.20873926249215988
674421.0 0.32283560366975306
684765.0 0.27895692788996485
706083.0 0.1970125054653112
674421.0 0.35085420362437986
711786.0 0.17583937007822115
685122.0 0.2757168214696661
666462.0 0.3861344641710638
718026.0 0.17119959408207208
474312.0 0.738371563849093
688479.0 0.27475584747158976
726303.0 0.15589717824791055
714051.0 0.1720808730962938
710109.0 0.17867928686074416
660189.0 0.45685814545691394
697299.0 0.2234530600319805
661791.0 0.410610363776683
674421.0 0.34585191101135976
661791.0 0.41269497556996937
661791.0 0.40039722346884804
666462.0 0.38406792421606795
666462.0 0.3912317118006756
698553.0 0.21462067119365064
700863.0 0.21275640192261178
678678.0 0.3156468446517366
661791.0 0.42559048283756873
713874.0 0.1732985940909949
719013.0 0.16339450419498305
684141.0 0.28741601644683307
672525.0 0.3630145820689239
672240.0 0.3732684772500638
701532.0 0.2121563482771658
676875.0 0.3163473028673865
705225.0 0.2008679324040644
673704.0 0.3614287463321658
728592.0 0.15246269073303476
683733.0 0.2924426706722853
674421.0 0.33949658861913
676551.0 0.31956196792162944
728799.0 0.15141416634914107
719013.0 0.16287648878830016
688956.0 0.2718300324409732
672525.0 0.3680403359158065
660261.0 0.43120750740030545
718437.0 0.16717236990317189
660189.0 0.4541384793045495
688956.0 0.26707884983409924
730785.0 0.15110974242168507
680445.0 0.3114193781999575
680115.0 0.31433871470969393
666462.0 0.3877975464250972
718077.0 0.16902671710413614
674421.0 0.3389204428673001
697698.0 0.21764527050246665
697698.0 0.21990634742450232
680457.0 0.3029414919175652
688956.0 0.26421966050666984
697698.0 0.22042023867740326
726759.0 0.153608856585716
684141.0 0.28978673501467994
674241.0 0.35975018295708483
680445.0 0.3089043833605846
718437.0 0.16427806139945192
710109.0 0.17792844976424654
674241.0 0.3574381360319532
676551.0 0.3192767257370215
674421.0 0.3545497321418741
705558.0 0.19947284421909053
672477.0 0.3701023340996791
672240.0 0.3723315606944792
680115.0 0.31404114825589563
674421.0 0.3209030444011477
684141.0 0.28900162590538725
661791.0 0.42874276172744014
680445.0 0.3071587405455887
697698.0 0.21500231296317057
688956.0 0.2723773174115053
688956.0 0.2664220051213699
660189.0 0.45202385256201927
680445.0 0.30656219381605404
680445.0 0.3043539436864824
661791.0 0.42876260055280146
705558.0 0.19999166913287747
718713.0 0.16359690490363962
474312.0 0.7456163749677712
661791.0 0.3998961081498753
661791.0 0.41197086539591976
474312.0 0.7472171272718793
474312.0 0.7507993879450106
674421.0 0.3563298935600835
474312.0 0.7389543438950938
474312.0 0.7523807550642043
474312.0 0.7405416362227215
474312.0 0.7420441633475109
474312.0 0.7401851163266916
672525.0 0.3627408412579665
674421.0 0.3551158310991771
474312.0 0.7431199998685716
474312.0 0.7417879009815221
676875.0 0.31601205587919645
680457.0 0.30375892056581333
672477.0 0.3691626391257885
730785.0 0.15052035469553587
730785.0 0.14948617031464995
474312.0 0.7437970463181153
688956.0 0.2630085495240793
684141.0 0.28804614419169866
474312.0 0.7504420556119163
474312.0 0.7492573777883117
474312.0 0.7448511182591546
726759.0 0.15379685648299424
726759.0 0.153608856585716
672525.0 0.36884504690879966
726759.0 0.153608856585716
726759.0 0.15484947172388888
674421.0 0.35698676356996767
474312.0 0.7559474624629889
474312.0 0.7476983693129761
474312.0 0.7486005917479257
474312.0 0.7481803820572654
705558.0 0.20051446256242966
726759.0 0.15564634233175095
474312.0 0.7551941891630215
474312.0 0.7449830303247601
474312.0 0.7545967035625697
730785.0 0.14965166742828884
726759.0 0.15506950830271451
474312.0 0.7490853049346566
730785.0 0.1501676707864714
474312.0 0.7554366145105393
674421.0 0.35475461917581236
474312.0 0.753349541188169
730785.0 0.15074726011330772
474312.0 0.7435695315747199
474312.0 0.7529291445086695
474312.0 0.7527798017404803
474312.0 0.7535696626168223
474312.0 0.7539262100189109
474312.0 0.75243209889973
684141.0 0.2877616890474647
474312.0 0.750473577377468
730785.0 0.15026395776049695
684141.0 0.28764938426428216
474312.0 0.754232022737819
688956.0 0.26297804799599084
474312.0 0.7539779171949496
730785.0 0.15121561521468252
474312.0 0.7435994648443253
730785.0 0.15057769913463837
474312.0 0.7534816998581999
474312.0 0.7543105712849602
726759.0 0.1536707646662644
474312.0 0.7553724962605104
474312.0 0.7492273646073719
726759.0 0.1549081337937407
726759.0 0.1550124793064905
474312.0 0.7544400274955476
474312.0 0.7528864727882344
474312.0 0.7544353868220732
474312.0 0.755379974995994
726759.0 0.153608856585716
726759.0 0.153608856585716
726759.0 0.153608856585716
726759.0 0.153608856585716
726759.0 0.153608856585716
726759.0 0.153608856585716
726759.0 0.153608856585716
726759.0 0.153608856585716
726759.0 0.153608856585716
726759.0 0.153608856585716
726759.0 0.153608856585716
726759.0 0.153608856585716
726759.0 0.153608856585716
726759.0 0.153608856585716
726759.0 0.153608856585716
726759.0 0.153608856585716
726759.0 0.153608856585716
726759.0 0.153608856585716
726759.0 0.153608856585716
726759.0 0.153608856585716
726759.0 0.153608856585716
726759.0 0.153608856585716
726759.0 0.153608856585716
726759.0 0.153608856585716
726759.0 0.153608856585716
726759.0 0.153608856585716
726759.0 0.153608856585716
726759.0 0.153608856585716
726759.0 0.153608856585716
726759.0 0.153608856585716
726759.0 0.153608856585716
726759.0 0.153608856585716
726759.0 0.153608856585716
726759.0 0.153608856585716
472077.0 0.8087680790980002
737031.0 0.1455784540209411
472077.0 0.8373455974515176
589635.0 0.5888850365256573
619230.0 0.578992233093283
623682.0 0.5585104843088078
538974.0 0.6322038049093166
559659.0 0.6300599601546399
518490.0 0.6783410167538354
642825.0 0.5476269089267013
503010.0 0.7095655782305937
528570.0 0.6584080084900432
577143.0 0.6069515266063363
651288.0 0.5290250550088124
511362.0 0.6992235745341792
533469.0 0.645219303972059
478308.0 0.7442034889302461
643728.0 0.5468267443362983
495096.0 0.7147808212049587
655008.0 0.5085961459038058
657045.0 0.4882563448252348
662967.0 0.4275212510648525
474252.0 0.7870603554304797
666045.0 0.41109550072282813
485025.0 0.7404627153420292
489129.0 0.728344457693017
564744.0 0.6253352394761038
472476.0 0.7934722131032683
576132.0 0.6205220246740011
531816.0 0.6583135618130725
514008.0 0.6896209756500589
572559.0 0.62370001665831
474336.0 0.755592541376164
486615.0 0.7376095117086653
660258.0 0.48680256089676377
474303.0 0.7652563150084776
568437.0 0.6252253444349811
732825.0 0.14950478262738956
660261.0 0.47416446800585904
652929.0 0.5192646813609011
690171.0 0.27004688888837997
708549.0 0.19133578921773536
706557.0 0.20097010321479403
728817.0 0.1514956638211822
491277.0 0.7192972213778284
514008.0 0.6915029670556309
576786.0 0.6081100063588488
653853.0 0.5175814652764111
687759.0 0.27892259901668737
660261.0 0.4677869453922072
670314.0 0.400574857158365
701469.0 0.21354924049911062
666462.0 0.4080118360173259
490680.0 0.7200444236035014
697527.0 0.22515508601384113
660261.0 0.45581339346346306
680457.0 0.3057719306402135
661791.0 0.4340426800665124
670314.0 0.38455231979673693
670314.0 0.3905990425418651
725634.0 0.1587255561123139
683733.0 0.3017130598674884
731325.0 0.1509509835486747
719907.0 0.16624777406788552
722709.0 0.1597031420768739
676875.0 0.32127589442316273
694527.0 0.22755565367336866
717933.0 0.17249600542805074
692649.0 0.23334341076229334
714858.0 0.17510358100523776
684765.0 0.28979326358422247
680115.0 0.3209311751699451
710109.0 0.18637883086744714
721527.0 0.16591368127106557
674241.0 0.3675808902458606
726759.0 0.15597937450368152
718713.0 0.17092230126158048
674241.0 0.37160106520073544
711786.0 0.18441180464433096
703458.0 0.21003542126736321
722535.0 0.16292793768677122
690882.0 0.25666323918049444
711786.0 0.18134321814213333
690882.0 0.2483244368718429
694527.0 0.2324343863294801
661791.0 0.44426838942518043
661791.0 0.4485031790863966
703458.0 0.21292863614793106
671892.0 0.3834018329326075
690882.0 0.2652337249459681
691278.0 0.23845360998878248
691278.0 0.23616708168805758
676503.0 0.33188549467691464
698553.0 0.22143848343280453
713874.0 0.1788105102051668
685122.0 0.27972148311910777
690882.0 0.25563639610878053
685122.0 0.28451344428991365
676503.0 0.3254261367088352
674421.0 0.36146630133603563
672525.0 0.37281383332495077
705399.0 0.2086504725692563
661791.0 0.43974310151541535
687759.0 0.27926603946567063
660261.0 0.47144366797168136
676503.0 0.351304667592078
674241.0 0.36190375083370924
661791.0 0.45391028030371355
680445.0 0.31452855618078696
709875.0 0.18985429900396247
661791.0 0.4499462606567209
690882.0 0.24382375395252007
676875.0 0.3241550074225747
676503.0 0.3338410622987132
726405.0 0.15661647973854712
694527.0 0.23177296025459218
680457.0 0.31010837347495757
666462.0 0.4020802907901225
676503.0 0.3400348271740938
672240.0 0.37760119602886477
714858.0 0.17445990535797729
690882.0 0.24677643354213907
672240.0 0.3808772486475552
670314.0 0.3877794178511303
690882.0 0.26752890161958826
698553.0 0.2155384409961098
676503.0 0.33695256987506805
680457.0 0.30443780072640064
676503.0 0.33792913633559574
680457.0 0.3096450556968144
684141.0 0.2959743499690357
666462.0 0.40586777137338853
666462.0 0.4052843039058451
684141.0 0.29318542970836864
698553.0 0.22312514022895888
718437.0 0.17238285908152787
714129.0 0.17772350598675285
709581.0 0.19103758526523804
684141.0 0.3014659682923993
661791.0 0.43710265582370866
672525.0 0.37509154310239506
670314.0 0.38626716453337895
713874.0 0.18089705700066955
676503.0 0.34262030583484576
672525.0 0.3742722627887355
705558.0 0.20814108151515467
714129.0 0.17802165503459247
690882.0 0.2438591671347929
690882.0 0.2560842408420239
685122.0 0.2820572356542974
672240.0 0.3790371534268205
684141.0 0.29353478010908995
680445.0 0.31724602043278455
674421.0 0.35805542685428016
661791.0 0.43742405896211445
698553.0 0.21779916236268035
684141.0 0.29985557184985245
680445.0 0.3153751558471031
705558.0 0.20590388004552262
680115.0 0.31915358079745326
690882.0 0.2653544834640254
705558.0 0.20354086556463524
685122.0 0.2816449945281561
676503.0 0.347734346939372
676503.0 0.3555178506940379
680115.0 0.3185902713151923
709767.0 0.1910047543526356
674421.0 0.3598431369252285
698553.0 0.22364832254993194
676503.0 0.346254206066418
705558.0 0.20238312424131782
676503.0 0.35705908717832113
690882.0 0.26862291759006385
676503.0 0.34313661915573496
698553.0 0.21977987411631436
676503.0 0.35506750414924837
684141.0 0.2964054938405281
676503.0 0.3468113145029341
674421.0 0.35934404633925626
676503.0 0.34492617083482435
698553.0 0.22214553813686644
672240.0 0.3788291768022017
690882.0 0.26916899517570686
474312.0 0.7568965236191876
705558.0 0.2070708055524258
680445.0 0.3180284236974925
676503.0 0.3539273725750328
676503.0 0.3442258811639407
684141.0 0.29751873360767433
726759.0 0.15638718545752472
676503.0 0.3488325044312238
685122.0 0.28068149153978866
705558.0 0.20472637371286864
676503.0 0.35033441984556435
474312.0 0.758049702972172
676503.0 0.3526283672858694
684141.0 0.2988159567731111
474312.0 0.7591340057116095
684141.0 0.2978260835287036
698553.0 0.2190356591227629
676503.0 0.3571621791613399
676503.0 0.3520663268643762
705558.0 0.20186199045640443
698553.0 0.2206362829942009
685122.0 0.28093463525986034
705558.0 0.20445444615460565
474312.0 0.7626504001205435
474312.0 0.7634976967610464
684141.0 0.2990114684700943
698553.0 0.21806950426441543
680445.0 0.3148840167086851
694527.0 0.23277283937494153
474312.0 0.7573667632404606
474312.0 0.7648331267857557
474312.0 0.7640577430573269
676503.0 0.3516413047089248
676503.0 0.3496569279176703
474312.0 0.7610560365118552
676503.0 0.34895496558056727
474312.0 0.7599110781139738
698553.0 0.2216890606286024
698553.0 0.21870170584857196
676503.0 0.34957340456140096
705558.0 0.2014083002761481
698553.0 0.22090443512161512
705558.0 0.2078152723630656
676503.0 0.35319248387958185
676503.0 0.3508280778841184
676503.0 0.3444449639015707
705558.0 0.20471720326244214
694527.0 0.23329428549009204
474312.0 0.7605657235601045
474312.0 0.7578513080081182
474312.0 0.7594460562316906
676503.0 0.3537520553276069
705558.0 0.20729813754250964
474312.0 0.7621738332588586
674421.0 0.35952819429519794
676503.0 0.34479998508229864
698553.0 0.22326241523819734
676503.0 0.3509211255426151
474312.0 0.7569943058482613
676503.0 0.35339731925522183
474312.0 0.7617701836271801
680457.0 0.3097370625249764
474312.0 0.7637217657999318
705558.0 0.20116564454617483
726759.0 0.1560978433050153
474312.0 0.7601567324041902
474312.0 0.7602614731841869
687759.0 0.27920024562512713
474312.0 0.7640351701844603
698553.0 0.21877194449043957
705558.0 0.20797302740059934
474312.0 0.7605047163537113
474312.0 0.7614880192243594
684141.0 0.2976989013689758
474312.0 0.7617087671793624
474312.0 0.7651321772348911
474312.0 0.7625642053640639
698553.0 0.22074917333488545
474312.0 0.7649857991029182
705558.0 0.20835817285360747
474312.0 0.7613110994382254
474312.0 0.7592322468056454
705558.0 0.20729705690604247
705558.0 0.2045704868502786
474312.0 0.7593729933075326
726759.0 0.15645928869115328
705558.0 0.20844343496659876
474312.0 0.7623820130896469
705558.0 0.20861064952422567
676503.0 0.3532825952994775
684141.0 0.29895118533007675
474312.0 0.7635842163336979
726759.0 0.15660039683817845
474312.0 0.7648726340101327
698553.0 0.22316776724929796
474312.0 0.757916052190301
474312.0 0.7579857714688427
684141.0 0.2978015740255886
474312.0 0.7622733194980061
705558.0 0.20449584359610595
474312.0 0.761424584358627
474312.0 0.7613721491148441
474312.0 0.7591340057116095
474312.0 0.7623532621390432
474312.0 0.7635388051489882
705558.0 0.20839960239685368
474312.0 0.7622931621754515
474312.0 0.7591340057116095
474312.0 0.7613110994382254
473178.0 0.8985428714551211
754125.0 0.14755443284137468
590190.0 0.5942986557441516
624186.0 0.572991036901909
638511.0 0.5680593396373755
734565.0 0.15028424865337175
650562.0 0.5536096200655798
657720.0 0.52264295785323
543030.0 0.633808560606178
534834.0 0.6457042913424862
503586.0 0.71918886816343
552546.0 0.6333324483455278
577068.0 0.6200047839262416
651642.0 0.539434618805512
561609.0 0.6328791264170327
528828.0 0.661973544418495
473754.0 0.8625452307819208
630969.0 0.5694521515610919
570000.0 0.6316427202995877
520698.0 0.6785088622221105
514152.0 0.6937359030299307
586710.0 0.6088257168576335
491514.0 0.7196532272889961
660261.0 0.5006721501163784
660261.0 0.4888981981550603
520338.0 0.6796321724413378
576333.0 0.6313502609378246
489252.0 0.7305358313263011
531414.0 0.6601228457509697
662034.0 0.44987225212740534
514008.0 0.7020875133096741
587058.0 0.6077332322122033
660609.0 0.4728760246481582
479010.0 0.7493867839463539
668901.0 0.40936581533958627
507282.0 0.7109167585045946
507891.0 0.7102344601610859
697191.0 0.2327608498386668
486756.0 0.7404347608789873
483186.0 0.746853372916324
473754.0 0.8564710620763807
708189.0 0.20210658234228082
491238.0 0.7219366260637455
693507.0 0.23601773587316346
666462.0 0.4298153276850225
666462.0 0.4218164039690378
705741.0 0.20297415055156998
666462.0 0.41564801497648257
473754.0 0.8449269094472391
666462.0 0.4391320457417311
686622.0 0.2923326189302523
671157.0 0.40607945968465486
661791.0 0.4564411640430466
714987.0 0.17632318911151185
681951.0 0.30839301198562397
680115.0 0.3240963977133613
671157.0 0.39450398092158373
671157.0 0.4028228729812093
674241.0 0.3786889617653829
478404.0 0.7590808055674048
478557.0 0.7569694521562703
690882.0 0.27061224277452356
692649.0 0.2469929275788843
681846.0 0.3138667585972312
700863.0 0.2194893718052791
709350.0 0.19521700839596495
666462.0 0.44267878691483425
476187.0 0.7620267150542602
724635.0 0.16637765928490497
691278.0 0.2557148546274332
730785.0 0.1532977822550824
728769.0 0.1560794038334134
725091.0 0.16010419738834006
716313.0 0.17465435869915927
676551.0 0.3535949509121247
691278.0 0.2613426145711141
692649.0 0.24325213168048349
702672.0 0.21486625641932805
476187.0 0.7647560788097356
684765.0 0.29661147173874464
712215.0 0.18571680064998003
530430.0 0.6602381689377689
714183.0 0.18108085388142037
661791.0 0.46677243719156464
486402.0 0.7438290141864535
661791.0 0.46227418024841316
666462.0 0.42302555036507233
700863.0 0.22239688443386887
684765.0 0.30049586072685136
703854.0 0.21161134318957675
722343.0 0.16726201377255642
697527.0 0.2283304776796793
701532.0 0.21777237958404255
672240.0 0.38682623064265365
729966.0 0.1549071184559499
724791.0 0.16317708088961166
484761.0 0.745055748893227
687759.0 0.28522588121990083
720609.0 0.1706644781838636
719619.0 0.1710021881410532
687759.0 0.2891733185489679
674421.0 0.3705663547075937
690603.0 0.2777849754276649
672240.0 0.39160298374897706
726633.0 0.15793955543331423
684141.0 0.3074265178549302
691278.0 0.2574404293078409
676503.0 0.36043952309046523
705558.0 0.2094517125651075
474312.0 0.8218009091093208
688479.0 0.27935411769588253
710109.0 0.1920714760662342
698553.0 0.22579243029535978
680457.0 0.31535332826053253
674241.0 0.37440125025250826
721527.0 0.16877667930999876
661791.0 0.46922821592224423
692649.0 0.244480072113744
484686.0 0.7466784831374176
719619.0 0.17405493294750146
703854.0 0.21025883667759956
713721.0 0.18158483173815448
692649.0 0.23853072614705428
672240.0 0.38409727207469585
671892.0 0.3930592494239211
711786.0 0.18675936902947693
698553.0 0.22566607404027073
726759.0 0.1570692527251707
672525.0 0.381243279227374
718077.0 0.1744839576320397
705558.0 0.20970600685561636
514008.0 0.7070959157317959
514008.0 0.7027270675275692
701532.0 0.21496932121593487
718203.0 0.17434805170217066
661791.0 0.4637977048609796
690603.0 0.27506628545684497
486552.0 0.7417514460563464
711786.0 0.18693735724110525
697698.0 0.22641964255178726
690603.0 0.27131635543656546
687759.0 0.2844353619781725
680457.0 0.31839429024762467
713721.0 0.18292792398380556
680457.0 0.32067293226134624
474312.0 0.8417484727433704
691278.0 0.2608062865831004
672477.0 0.3819573831039568
730683.0 0.15369937639255055
474312.0 0.8297802044693328
676551.0 0.3308569309619427
474312.0 0.8346399659169854
666462.0 0.41970864728595375
691278.0 0.25873718432492415
474312.0 0.8268028317346967
676551.0 0.33713394360781357
666462.0 0.41844853783319363
676551.0 0.33390257805920703
474312.0 0.8438028934084074
680457.0 0.31652682809228616
710109.0 0.189889194806851
721701.0 0.16740529745920418
676551.0 0.33329365676092415
687759.0 0.2825462189526174
474312.0 0.8369943293878651
680391.0 0.32222193185799086
676551.0 0.3280528697684417
674421.0 0.36956077456031683
666462.0 0.4164108383177234
474312.0 0.8242074453051462
710109.0 0.1899743243510158
690603.0 0.2757824116334967
687759.0 0.28147759466598654
684765.0 0.294655661594755
684141.0 0.3056060730798498
474312.0 0.8316597835487715
674241.0 0.3812088065941204
692649.0 0.23741368576563696
474312.0 0.8375742276472757
676551.0 0.325806427578118
474312.0 0.8395025403587336
684141.0 0.3027954975836987
688479.0 0.27972796488403384
474312.0 0.8149593574166786
684765.0 0.2938160700164911
474312.0 0.8400396170054595
474312.0 0.8083844296717886
680115.0 0.3250054242080316
684141.0 0.30375934393857096
674421.0 0.36769115358324705
684141.0 0.3033960173070791
710109.0 0.19115877494406594
474312.0 0.8165465033619841
709581.0 0.19362077739458766
684765.0 0.2964453950434119
474312.0 0.8099687258175848
676503.0 0.3584978639512204
676503.0 0.36031166306609064
676551.0 0.33904244733971656
680115.0 0.3226763637961655
722100.0 0.16731064208337781
676551.0 0.3372130474937879
674241.0 0.3728360172754152
474312.0 0.7659097500399102
514008.0 0.7085314485876295
676551.0 0.3428682206093405
690603.0 0.27699402973703013
474312.0 0.8209442476912552
687759.0 0.2798770618611581
474312.0 0.8281274958518263
514008.0 0.708914911904597
474312.0 0.8323422852359327
474312.0 0.8184908984183842
474312.0 0.8129612873905446
730785.0 0.15159767059082693
709581.0 0.19468388391589356
674421.0 0.3625960726021084
676551.0 0.3285847282839347
474312.0 0.7726507000122746
674421.0 0.3639295664975094
514008.0 0.7074884071507067
474312.0 0.8007752740652179
474312.0 0.8180013580773664
474312.0 0.823796849706114
676551.0 0.3437857654923559
713721.0 0.1829010218234527
674421.0 0.36641341203100986
474312.0 0.8119140087428909
676551.0 0.3579077416384831
474312.0 0.8225346287829153
676551.0 0.3420077703351044
710109.0 0.1930761476239644
474312.0 0.8196910144166938
474312.0 0.810951162170731
474312.0 0.8335999181187933
676551.0 0.3295845320355869
674421.0 0.36736015360533
676551.0 0.3298631201638739
676503.0 0.3613830532898274
474312.0 0.8333502621553912
676551.0 0.35030542285103683
474312.0 0.827539040236294
474312.0 0.7906699401909683
690603.0 0.27883436129857114
474312.0 0.805116138205417
676551.0 0.34640594378010675
474312.0 0.8200481007271359
730785.0 0.151914380397872
474312.0 0.7931416976808606
474312.0 0.8014317020302271
474312.0 0.8044410366957186
674421.0 0.3660290525001142
474312.0 0.8448111674776642
474312.0 0.8061571935099138
474312.0 0.772025166433821
676551.0 0.3553794658792745
474312.0 0.79930145500491
676551.0 0.35703590213455794
474312.0 0.8077418689374448
474312.0 0.7709828941608043
709581.0 0.1940655716492774
474312.0 0.786187493745648
474312.0 0.80683711831817
676551.0 0.34041909898125255
474312.0 0.8170884436511523
676503.0 0.36132631855956615
474312.0 0.7767913477527523
474312.0 0.8103389139972175
474312.0 0.7735778532211313
676551.0 0.3494434010996732
474312.0 0.8116312826939927
676551.0 0.34865649550453487
705558.0 0.2099887279868001
674421.0 0.36528643042670683
676551.0 0.3397529851257308
726759.0 0.1566345438944022
676551.0 0.3563689263712758
674421.0 0.3632435661403763
474312.0 0.7945765724293347
676551.0 0.344246351123132
474312.0 0.7882002206416632
730785.0 0.15275202371356494
697698.0 0.22637371019694968
676551.0 0.354596832170026
474312.0 0.7915392244818115
474312.0 0.803820890004464
474312.0 0.7661012814662416
674421.0 0.3647001179530931
474312.0 0.8141680246064928
676551.0 0.341550793049445
676551.0 0.35179544995863893
474312.0 0.8026695876258475
474312.0 0.8000221096266943
474312.0 0.7938463036222451
676551.0 0.34794922383603655
474312.0 0.7985481937603125
474312.0 0.7744082016087461
474312.0 0.7962930009149638
474312.0 0.789190348702352
676551.0 0.32557214603764867
474312.0 0.7888726306309558
474312.0 0.7898013523029239
687759.0 0.28484279308578087
684141.0 0.30674211441708027
684141.0 0.30636681337363625
674421.0 0.36420841004596927
474312.0 0.8019770419143274
474312.0 0.766774242704526
726759.0 0.15775224804655605
676551.0 0.35108523311541995
676551.0 0.347222361675644
676551.0 0.3410769602486056
474312.0 0.8224788904720588
674421.0 0.37236827646267806
474312.0 0.7750961255329671
676551.0 0.3452687991653138
474312.0 0.7972228826975518
676551.0 0.3391095083202336
474312.0 0.784496326862152
676551.0 0.3480414934155791
690603.0 0.2708313333301378
676551.0 0.3535132055717968
474312.0 0.7805052261094412
474312.0 0.7774559722398753
676551.0 0.3529060521844687
474312.0 0.8062353671871658
474312.0 0.7868010229982166
474312.0 0.8049508772799618
676551.0 0.3559075203490157
474312.0 0.7680585183328388
676551.0 0.34470476936664934
474312.0 0.7674463351561144
676551.0 0.35683777640246417
676551.0 0.34004518498553366
676551.0 0.34587460834955464
676551.0 0.34706270475177836
676551.0 0.35234379256687964
676551.0 0.3506950686835927
474312.0 0.7978536552860115
674421.0 0.36300037788129397
474312.0 0.7739588886818891
674421.0 0.37183785676298536
514008.0 0.7023930417363752
474312.0 0.7854533606820019
474312.0 0.7953173893161426
474312.0 0.7976122855054587
684141.0 0.30788736713880377
690603.0 0.2775554023658885
726759.0 0.15717733139006038
474312.0 0.81354961507099
474312.0 0.7950655122173893
474312.0 0.7873868660686425
474312.0 0.7810123356533741
676551.0 0.3338516893206395
474312.0 0.7795537237127795
674421.0 0.37113524386657176
474312.0 0.7700446849886824
474312.0 0.7813930650250727
474312.0 0.7917459959226266
474312.0 0.8141082678309352
676503.0 0.3583629598959534
474312.0 0.8280408906431594
674421.0 0.36507050461733975
474312.0 0.7652609577511857
698553.0 0.225982725520127
474312.0 0.7694749086247319
674421.0 0.3710464083151837
676551.0 0.34491338039495334
474312.0 0.8135776983519295
474312.0 0.7721128301025701
474312.0 0.7850229937519102
676551.0 0.3519276692400768
474312.0 0.7779131566950653
474312.0 0.8019052798583518
474312.0 0.8169740260285941
674421.0 0.37164943456366556
474312.0 0.8035763410670438
474312.0 0.7841941059116425
474312.0 0.7823888355113461
474312.0 0.7829226793304855
709581.0 0.19507347716117826
474312.0 0.7833803401713714
474312.0 0.7857452715040567
676551.0 0.3556940771370345
474312.0 0.7685854199485166
474312.0 0.7849040795125054
474312.0 0.7941447218793798
474312.0 0.7870352200846946
690603.0 0.2789997240335375
474312.0 0.7958250201115148
474312.0 0.7823110656279199
684141.0 0.302954213254768
730785.0 0.15335084560839476
474312.0 0.7789147806772027
474312.0 0.7921435177533096
676551.0 0.3525877638107508
474312.0 0.7818569182948087
474312.0 0.8072734744621138
730785.0 0.15307251514376086
676551.0 0.34116241180268014
676551.0 0.3456300562205071
474312.0 0.7689022404991143
474312.0 0.7968962990158547
474312.0 0.8073147146191075
674421.0 0.3725702609830722
474312.0 0.7803261218932042
474312.0 0.7679101375729172
676551.0 0.35389107495832617
474312.0 0.7927122880972938
474312.0 0.7793657711720852
474312.0 0.7818760055514481
474312.0 0.795919523689082
474312.0 0.7967219355064086
474312.0 0.7799696004313815
684141.0 0.30330290912685653
474312.0 0.7785275272511226
474312.0 0.7657679521505933
710109.0 0.19337566758261912
474312.0 0.7837368132233536
676551.0 0.3542060968152374
474312.0 0.7693275321316181
676551.0 0.3490042491739715
474312.0 0.7782845499842194
474312.0 0.7982619387564666
726759.0 0.15692033576191083
676551.0 0.354485861177978
474312.0 0.7756728900870689
474312.0 0.7903067206046823
474312.0 0.8029793553431628
474312.0 0.8032834154092701
474312.0 0.7754224354474046
474312.0 0.7704929480327058
474312.0 0.7759910028948923
676551.0 0.3493404250017095
474312.0 0.7764594301268444
684141.0 0.30664915021267186
474312.0 0.8197868904903796
730785.0 0.15352934216489192
474312.0 0.7996186142483153
676551.0 0.3509624731297808
474312.0 0.773621338672244
676551.0 0.34907252137381967
474312.0 0.7654752520544965
474312.0 0.7742639113708688
474312.0 0.7800390072913453
474312.0 0.783204043317775
676551.0 0.3528311167173477
474312.0 0.788999198568883
676551.0 0.3540580212083762
474312.0 0.8028157784060294
474312.0 0.7707846992809584
474312.0 0.7790973806332833
474312.0 0.8031960673772613
474312.0 0.7839610074194746
474312.0 0.7997341629916865
474312.0 0.7876493596541407
474312.0 0.7856572655230047
474312.0 0.7999450215341204
684141.0 0.3063807681317529
474312.0 0.7830587814480885
474312.0 0.7878123735146094
474312.0 0.8239363649139406
474312.0 0.8240722818910725
705558.0 0.2101772887158433
474312.0 0.7777378007215938
474312.0 0.7762192610218244
474312.0 0.7923354244793729
730785.0 0.1528210969417374
705558.0 0.20952157819988776
474312.0 0.7776435263493658
474312.0 0.7951914065027503
684141.0 0.3076455329381364
726759.0 0.15667766529629337
709581.0 0.19350784561222642
676551.0 0.3457416251181634
474312.0 0.7879631217506011
474312.0 0.7899889160466622
474312.0 0.7868647922223371
474312.0 0.798361424306232
690603.0 0.2776149477478953
474312.0 0.7811147140295399
474312.0 0.7672431501672732
474312.0 0.7901935346398
684141.0 0.307768612611066
474312.0 0.7700753122891784
474312.0 0.7939708672889744
474312.0 0.7702505150869116
474312.0 0.7926839634683518
474312.0 0.7915524281475359
474312.0 0.7922356326384132
474312.0 0.7925168048892172
474312.0 0.7984921055076166
474312.0 0.7709587400518706
474312.0 0.7924926018621138
474312.0 0.7668645975373046
474312.0 0.7758453073656455
474312.0 0.7671548145165
474312.0 0.7707987260228107
474312.0 0.7940500561809198
474312.0 0.7763239168314336
474312.0 0.7758123948114031
474312.0 0.7774853881237583
474312.0 0.7876808565462922
674421.0 0.3717285318381566
474312.0 0.7752946828827034
474312.0 0.7812642001167515
474312.0 0.7838093598201463
474312.0 0.7900413245118003
474312.0 0.7967538330549214
474312.0 0.7838947997358403
474312.0 0.7669551712816343
474312.0 0.7879596547362454
474312.0 0.7812342852227756
474312.0 0.7679155446501639
474312.0 0.7693964600027469
474312.0 0.7704077426798944
474312.0 0.7742883927215968
474312.0 0.7688532306236229
474312.0 0.7784749234722178
474312.0 0.7670517051452214
474312.0 0.7687139801018099
474312.0 0.7829226793304855
474312.0 0.7764269788546375
474312.0 0.7654326236838942
698553.0 0.22576301276461921
684141.0 0.30767819392416784
676551.0 0.3510333739317533
474312.0 0.7790227874487444
474312.0 0.7752616890352797
474312.0 0.7783860666482555
474312.0 0.7996468616953064
474312.0 0.770345882876616
474312.0 0.7762544913668832
474312.0 0.7982620660556862
676551.0 0.3471621108091018
474312.0 0.7670155005931685
474312.0 0.7653397901279031
676551.0 0.3470945257951912
474312.0 0.7958397517265373
474312.0 0.7672261661160343
474312.0 0.7720962118067868
474312.0 0.7751745811524122
474312.0 0.7902518521524194
676551.0 0.3372074365166563
674421.0 0.37167577112747957
474312.0 0.7653373677489483
474312.0 0.7751272681829436
474312.0 0.7694749086247319
474312.0 0.7823888355113461
474312.0 0.7783264926821981
474312.0 0.7800011574818196
730785.0 0.15281810092026277
474312.0 0.7693275321316181
474312.0 0.7702937910787556
726759.0 0.15713432314518627
474312.0 0.7790602282626112
676551.0 0.34719135288647907
474312.0 0.7783551029641941
474312.0 0.7686550292630623
474312.0 0.7687139801018099
676503.0 0.3613368982814035
474312.0 0.7900358056334471
474312.0 0.768856507164408
474312.0 0.7751745811524122
474312.0 0.773621338672244
726759.0 0.15667495639374224
726759.0 0.15713432314518627
474312.0 0.7686163513674203
474312.0 0.7686550292630623
474312.0 0.7790367811350751
474312.0 0.7902777939206722
474312.0 0.7967445848549376
676551.0 0.3470697456370834
474312.0 0.7686163513674203
474312.0 0.7685854199485166
474312.0 0.7774752693676553
474312.0 0.7902847733818776
474312.0 0.7702771181982162
474312.0 0.7702771181982162
474312.0 0.7958306413787708
474312.0 0.7915505577038146
474312.0 0.7679101375729172
474312.0 0.7694749086247319
474312.0 0.7694749086247319
474312.0 0.7686163513674203
474312.0 0.7694749086247319
474312.0 0.7679101375729172
474312.0 0.7702771181982162
474312.0 0.7694749086247319
474312.0 0.7679101375729172
474312.0 0.7694749086247319
474312.0 0.7702771181982162
474312.0 0.7686163513674203
474312.0 0.7694749086247319
474312.0 0.7694749086247319
474312.0 0.7694749086247319
474312.0 0.7679101375729172
474312.0 0.7694749086247319
474312.0 0.7694749086247319
474312.0 0.7694749086247319
474312.0 0.7694749086247319
474312.0 0.7694749086247319
474312.0 0.7686550292630623
474312.0 0.7679101375729172
474312.0 0.7694749086247319
474312.0 0.7694749086247319
474312.0 0.7694749086247319
474312.0 0.7694749086247319
474312.0 0.7694749086247319
474312.0 0.7694749086247319
474312.0 0.7694749086247319
474312.0 0.7694749086247319
474312.0 0.7686550292630623
474312.0 0.7694749086247319
474312.0 0.7694749086247319
474312.0 0.7823888355113461
474312.0 0.7693275321316181
474312.0 0.7686550292630623
474312.0 0.7702771181982162
474312.0 0.7702771181982162
474312.0 0.7679101375729172
474312.0 0.7694749086247319
474312.0 0.7694749086247319
474312.0 0.7694749086247319
474312.0 0.7694749086247319
474312.0 0.7694749086247319
474312.0 0.7694749086247319
474312.0 0.7686163513674203
474312.0 0.7679101375729172
474312.0 0.7694749086247319
474312.0 0.7694749086247319
474312.0 0.7694749086247319
474312.0 0.7694749086247319
474312.0 0.7694749086247319
474312.0 0.7694749086247319
474312.0 0.7694749086247319
474312.0 0.7694749086247319
474312.0 0.7694749086247319
474312.0 0.7694749086247319
474312.0 0.7694749086247319
474312.0 0.7694749086247319
474312.0 0.7694749086247319
474312.0 0.7694749086247319
474312.0 0.7694749086247319
474312.0 0.7694749086247319
474312.0 0.7694749086247319
474312.0 0.7694749086247319
