-1 11 16 22 12 28 8 32 1 29 -1 21 -1 6 4 19 13 0 30 9 20 7 3 26 25 2 14 5 31 17 10 27 24 15 18 23
-1 8 30 5 12 1 0 9 7 24 26 10 20 4 13 27 32 15 16 19 3 31 -1 -1 18 11 29 22 25 2 21 6 17 28 23 14
22 0 11 12 25 8 6 13 -1 21 17 24 30 4 26 31 3 15 14 2 19 16 7 23 -1 28 10 5 32 20 -1 1 18 9 29 27
13 30 20 4 17 8 6 15 0 23 31 19 21 10 11 14 29 32 -1 12 27 -1 25 5 16 28 2 3 26 22 -1 18 1 9 7 24
30 25 29 -1 22 31 -1 7 27 32 24 4 5 10 17 20 12 8 0 13 21 -1 11 28 16 14 3 9 15 1 23 6 2 19 26 18
27 3 30 8 9 4 23 32 11 5 31 13 20 18 19 24 15 22 25 26 12 16 14 2 0 -1 6 21 -1 29 10 -1 17 28 7 1
12 13 27 -1 14 16 25 17 24 10 7 28 1 8 30 -1 23 -1 5 31 0 29 32 2 22 21 9 6 4 11 15 26 20 19 3 18
6 28 4 0 -1 3 13 24 20 12 1 23 11 8 5 18 26 31 29 -1 32 15 25 22 7 14 16 19 27 10 17 9 21 2 -1 30
26 15 0 25 4 32 11 30 9 12 5 -1 22 16 20 2 6 -1 17 24 10 3 1 29 19 -1 21 14 7 31 8 28 27 23 18 13
24 8 -1 10 29 18 22 19 13 -1 31 -1 30 11 21 14 4 17 5 12 2 7 1 20 9 32 16 0 28 27 15 26 23 25 3 6
13 -1 30 5 -1 3 25 22 -1 8 9 4 19 1 17 18 2 32 11 15 7 23 0 21 31 20 26 14 16 10 24 12 6 27 29 28
16 9 15 30 12 17 0 -1 25 20 -1 31 29 -1 14 7 10 22 18 24 19 4 32 28 26 11 1 6 3 5 21 8 23 13 27 2
7 0 30 24 11 22 5 32 -1 19 21 18 -1 27 14 2 26 15 10 -1 8 1 3 29 20 17 25 16 28 23 12 13 4 6 9 31
21 1 15 30 8 12 5 14 2 13 9 19 6 18 -1 27 17 31 -1 32 7 25 29 22 0 10 20 3 -1 11 24 23 28 4 26 16
8 -1 30 29 32 27 14 17 10 5 1 4 24 12 26 22 11 6 28 19 9 7 16 0 31 2 -1 13 15 20 25 3 18 -1 21 23
13 6 -1 16 1 4 15 3 22 19 10 21 17 27 28 2 24 0 -1 30 12 23 26 -1 8 25 7 29 20 14 9 18 11 32 31 5
25 30 27 6 26 19 29 7 14 28 18 2 20 17 -1 10 4 9 11 -1 12 16 21 24 3 22 13 0 8 -1 15 1 32 23 31 5
5 14 8 27 31 2 32 20 25 15 4 -1 30 -1 18 13 23 11 17 28 1 7 12 22 24 16 19 10 9 0 6 29 3 -1 26 21
14 9 24 7 21 0 15 13 20 4 12 3 31 -1 18 8 2 6 32 10 5 25 17 29 26 11 27 23 1 16 19 30 28 -1 -1 22
29 32 14 0 25 27 -1 21 1 2 -1 10 5 13 30 31 15 12 24 8 22 9 26 20 17 4 11 18 16 19 -1 7 28 3 23 6
17 32 22 6 31 29 2 15 25 12 1 28 8 10 13 5 -1 19 9 -1 30 11 7 27 24 26 4 16 14 21 -1 23 3 0 20 18
11 12 3 30 29 32 5 15 24 23 27 0 8 18 -1 20 -1 21 19 1 9 10 -1 25 28 4 6 14 7 13 16 31 17 26 22 2
19 13 11 16 -1 17 0 25 26 18 22 20 3 24 31 10 14 4 1 21 15 29 2 30 9 -1 27 12 32 6 5 28 23 7 -1 8
29 15 0 31 21 1 16 3 8 26 10 23 24 32 28 -1 6 22 20 14 -1 4 19 18 13 25 2 17 9 27 7 30 12 11 -1 5
2 29 8 6 23 -1 -1 31 7 26 4 20 32 1 19 0 12 -1 15 24 21 28 27 9 10 5 3 11 18 22 30 16 14 17 25 13
-1 14 3 19 20 11 10 17 27 0 28 16 18 4 26 7 31 6 32 -1 -1 13 1 24 15 2 8 25 30 21 22 5 12 23 29 9
30 14 31 20 8 0 11 1 21 13 2 7 27 -1 25 18 26 6 16 4 23 24 22 29 5 12 32 15 28 -1 3 17 -1 19 10 9
1 31 5 11 19 30 2 16 12 10 6 24 17 8 27 14 18 13 21 3 32 -1 9 20 15 7 26 -1 0 28 22 25 23 4 -1 29
1 3 32 8 26 11 -1 20 29 27 13 14 6 25 22 5 16 7 18 28 9 4 -1 10 17 24 15 30 0 31 12 23 2 -1 21 19
6 31 -1 21 30 18 23 25 19 7 28 9 8 20 0 11 13 24 1 17 4 26 27 14 15 10 5 22 32 -1 29 2 16 -1 12 3
1 6 17 23 30 8 2 -1 32 24 21 27 13 11 4 14 31 -1 28 29 10 7 3 16 22 5 25 18 26 19 20 -1 15 12 0 9
0 27 14 8 24 -1 30 29 -1 5 11 23 13 9 20 17 6 26 18 7 32 1 -1 3 15 12 22 31 28 4 2 16 10 21 19 25
20 14 13 3 10 2 28 15 26 32 31 25 -1 5 -1 6 21 -1 23 18 17 9 7 12 30 29 1 24 19 16 0 27 4 22 11 8
30 19 14 4 28 23 26 32 -1 25 24 11 5 17 0 2 22 16 8 29 12 1 -1 27 13 7 10 21 20 9 6 18 31 3 -1 15
30 8 10 21 28 2 3 0 14 25 19 -1 26 4 16 11 29 15 20 27 5 -1 13 24 32 23 17 6 -1 31 18 9 1 22 7 12
3 30 5 11 27 23 21 25 17 28 1 12 15 7 16 -1 31 18 8 26 13 6 -1 32 29 2 20 22 4 -1 24 14 10 0 19 9
-1 29 10 20 15 21 9 27 32 8 4 12 18 -1 26 30 17 14 -1 3 19 16 31 13 5 11 25 7 0 2 6 28 23 24 22 1
18 1 13 11 27 28 5 23 25 -1 20 19 10 3 -1 9 8 7 14 2 32 16 29 12 15 31 17 26 21 0 22 24 30 4 6 -1
26 27 13 30 12 31 -1 2 28 25 22 20 0 19 -1 1 23 8 6 18 4 3 15 10 21 14 9 -1 29 11 24 17 16 32 5 7
25 5 19 24 14 18 27 29 -1 31 23 2 12 0 17 9 4 -1 26 21 10 15 32 6 16 7 13 11 1 20 30 8 22 28 3 -1
11 14 0 -1 2 12 21 8 15 32 22 3 10 19 17 29 7 28 -1 9 24 20 -1 26 25 16 31 18 30 1 6 5 23 4 27 13
21 27 6 32 15 10 29 3 31 18 16 9 19 13 25 17 7 28 -1 4 22 8 26 5 11 24 1 23 14 -1 20 30 0 -1 12 2
1 20 30 8 3 6 11 25 24 4 12 26 17 -1 29 5 2 22 27 16 21 13 32 -1 9 15 10 18 23 19 7 -1 14 31 28 0
5 29 8 11 12 10 15 17 18 19 14 4 2 23 6 20 -1 -1 1 30 28 0 -1 24 32 13 3 25 31 7 21 9 27 16 22 26
5 -1 12 1 15 24 19 27 2 11 26 0 21 4 17 9 28 7 31 16 8 13 20 10 22 29 23 32 30 3 -1 18 14 6 25 -1
17 3 32 27 8 9 11 0 29 22 1 12 16 30 -1 14 21 31 5 13 24 18 15 20 25 23 19 10 7 6 -1 28 4 26 2 -1
16 1 27 19 14 13 32 18 8 23 12 25 10 30 7 -1 9 -1 5 0 21 3 24 20 11 4 28 26 2 6 -1 15 22 17 31 29
15 28 2 22 12 -1 0 31 27 13 24 11 26 6 7 14 10 -1 17 8 29 -1 21 4 9 20 32 3 5 23 18 19 25 1 16 30
2 17 -1 18 24 29 -1 13 31 20 4 1 7 21 32 16 3 6 0 9 12 11 25 8 5 19 15 26 -1 23 14 22 30 10 28 27
30 17 8 9 5 18 31 16 -1 7 6 22 23 29 12 11 27 3 25 -1 15 28 32 26 2 -1 19 4 20 24 10 0 21 13 1 14
-1 4 30 24 14 21 29 18 7 15 0 1 -1 -1 2 26 19 6 5 10 31 3 9 16 25 17 11 32 23 22 12 20 8 13 28 27
19 22 7 13 10 5 25 17 28 6 3 14 8 9 15 -1 18 31 1 27 -1 29 24 4 21 2 -1 26 20 16 12 0 30 11 32 23
-1 31 10 3 15 24 32 14 29 21 26 27 7 0 20 17 -1 11 12 9 22 1 16 23 6 8 30 2 19 18 28 5 4 25 -1 13
7 5 31 22 17 -1 -1 0 9 27 32 12 26 15 16 14 18 6 30 10 23 2 24 20 1 29 -1 25 21 19 28 3 8 11 13 4
5 26 3 1 22 17 0 28 19 13 9 4 25 10 6 20 7 30 21 29 11 27 16 23 15 31 2 12 14 24 18 8 -1 -1 32 -1
25 19 2 -1 3 14 9 27 17 26 30 23 1 21 10 15 20 16 4 22 5 12 31 -1 18 13 -1 24 29 11 0 8 6 28 32 7
-1 30 11 32 5 19 21 31 1 22 3 12 8 10 24 4 15 23 29 25 18 20 9 17 16 27 2 28 26 13 7 -1 14 -1 0 6
1 22 -1 16 18 24 6 23 26 -1 11 29 7 20 2 25 15 5 8 9 12 13 14 17 31 -1 21 28 27 30 3 10 19 4 0 32
2 28 6 14 31 18 -1 21 23 7 3 9 12 11 24 10 1 5 -1 32 26 30 19 29 17 13 27 16 -1 8 0 15 22 20 4 25
18 23 10 32 16 -1 17 26 5 29 14 22 2 24 25 9 20 6 19 4 28 -1 1 30 7 -1 31 0 13 8 27 3 21 12 11 15
4 3 18 2 13 16 15 29 5 0 1 12 24 10 -1 32 20 14 -1 21 31 25 28 23 9 6 26 -1 8 27 17 11 19 30 7 22
22 12 24 2 17 29 25 3 16 1 15 4 20 -1 28 5 9 30 26 27 23 21 14 31 7 18 6 19 11 -1 32 -1 0 8 13 10
22 24 26 16 19 9 -1 0 30 3 13 29 12 28 18 6 23 2 7 21 1 4 11 -1 5 20 10 31 15 27 25 8 -1 17 32 14
15 14 3 4 10 12 -1 19 23 20 22 28 5 13 21 0 25 24 18 -1 27 6 31 9 17 7 2 32 29 11 8 26 1 30 16 -1
11 21 25 14 7 -1 17 5 15 6 32 20 9 16 23 31 29 -1 24 3 26 22 4 27 19 28 1 10 18 30 -1 13 12 0 8 2
11 2 18 28 24 1 -1 0 10 30 16 19 8 21 -1 23 22 14 6 20 -1 26 4 9 31 3 17 13 7 32 5 29 12 25 15 27
29 16 27 9 1 5 6 14 26 7 11 25 24 22 31 21 0 23 32 10 3 -1 13 20 2 12 30 17 4 15 8 -1 19 -1 28 18
18 6 12 1 29 0 16 28 11 31 4 8 26 15 -1 -1 -1 2 9 23 3 32 20 30 17 22 19 13 14 24 7 27 25 21 10 5
16 17 -1 2 28 31 14 15 5 23 9 20 26 13 0 18 8 -1 3 12 32 27 1 24 25 7 30 -1 11 10 21 22 19 4 6 29
14 24 19 10 8 22 6 2 5 31 12 -1 29 -1 21 4 17 15 20 0 3 11 13 27 26 1 18 -1 30 7 23 25 9 28 32 16
8 -1 12 29 20 19 4 25 16 6 23 15 14 24 27 7 31 17 11 26 22 9 0 10 18 1 2 -1 3 28 21 30 13 5 32 -1
8 2 19 -1 26 25 24 3 29 7 28 9 12 27 5 0 22 -1 10 6 18 16 14 32 4 31 11 20 17 13 1 23 15 -1 21 30
1 4 2 16 6 29 17 28 19 22 15 13 11 12 9 27 21 30 -1 7 32 0 3 26 20 -1 -1 5 31 10 23 18 24 8 14 25
15 -1 31 5 11 13 8 6 30 2 27 28 22 23 26 24 12 20 1 17 25 3 29 -1 10 32 4 16 0 18 -1 7 21 9 14 19
13 11 20 27 4 12 23 16 29 31 2 30 3 26 32 14 18 21 0 25 1 -1 -1 17 9 28 5 22 24 19 -1 10 6 7 8 15
18 32 20 22 7 3 15 13 25 5 17 19 4 26 14 29 16 23 24 12 1 28 21 6 2 -1 0 9 11 -1 -1 31 10 30 8 27
27 26 15 0 -1 29 7 31 1 28 11 20 18 14 25 22 -1 30 13 23 21 16 24 -1 3 8 17 10 19 32 12 9 6 2 5 4
27 5 31 10 21 1 19 15 13 24 32 30 -1 7 8 16 25 -1 11 12 9 0 6 28 17 2 22 4 29 18 3 14 -1 26 20 23
16 25 26 15 8 -1 29 4 6 21 24 30 23 22 27 32 17 14 12 31 0 18 13 19 10 2 5 1 9 20 -1 11 3 28 -1 7
-1 8 10 28 3 25 20 21 32 17 13 14 16 31 9 23 26 2 24 30 0 -1 22 7 29 18 -1 1 5 15 19 6 11 27 12 4
15 14 25 30 7 23 3 -1 32 2 17 27 8 0 9 4 1 5 29 18 11 12 24 19 13 -1 21 28 26 -1 6 10 20 22 31 16
8 22 15 16 14 9 19 10 21 31 7 -1 13 -1 30 18 27 5 17 11 20 6 23 12 29 26 -1 3 28 1 25 24 32 4 0 2
-1 23 10 29 26 2 12 31 8 22 1 13 16 28 18 3 30 25 17 14 0 20 -1 6 27 4 21 15 7 19 24 -1 11 9 32 5
3 22 1 19 11 7 20 24 23 26 17 21 2 6 18 32 28 16 -1 8 13 9 4 30 12 14 -1 29 0 31 27 25 5 10 15 -1
32 18 28 0 8 5 7 23 17 27 1 3 4 16 21 2 10 30 15 19 9 -1 25 13 29 22 12 20 -1 6 -1 14 24 31 26 11
22 1 12 4 15 9 20 13 -1 -1 18 27 8 7 0 2 10 24 6 26 31 32 14 -1 5 11 28 3 16 21 17 29 30 23 19 25
-1 22 -1 10 17 30 9 5 19 24 32 11 4 -1 23 26 28 20 16 18 1 3 2 6 15 13 21 7 12 25 31 14 29 27 8 0
9 24 10 27 5 2 17 12 29 30 31 19 18 21 15 3 32 23 25 4 22 6 28 26 16 -1 -1 11 13 14 1 20 7 8 -1 0
4 25 8 32 20 6 9 17 27 7 21 23 5 -1 -1 13 11 15 0 1 14 2 18 10 28 3 24 12 16 29 26 31 30 19 -1 22
22 -1 2 9 28 17 24 10 3 0 1 15 31 16 29 20 13 21 32 19 18 26 4 27 14 -1 6 8 12 5 30 7 11 25 -1 23
24 32 20 17 23 7 29 6 22 2 -1 31 25 12 28 27 10 3 16 4 9 14 18 21 19 26 0 15 -1 13 30 11 8 -1 1 5
6 30 29 11 32 12 8 31 24 7 16 15 -1 1 28 19 2 4 14 10 27 5 25 0 9 17 26 -1 3 21 -1 18 23 20 22 13
25 26 27 23 11 15 -1 4 -1 18 7 0 32 16 12 20 13 29 -1 19 1 31 17 8 10 3 5 22 9 28 6 2 30 24 21 14
14 7 31 2 10 28 29 9 13 -1 19 30 3 -1 22 8 32 16 18 15 12 11 4 25 -1 23 24 1 26 5 17 20 27 6 0 21
18 10 8 12 26 20 7 28 27 25 16 -1 32 29 -1 30 0 14 21 24 1 4 19 13 17 22 31 15 23 11 3 -1 2 9 5 6
15 31 25 29 10 -1 21 3 14 -1 20 13 1 8 12 -1 6 26 5 27 9 17 4 32 18 22 7 19 11 24 23 28 0 30 2 16
18 31 0 13 9 21 -1 22 11 1 29 -1 14 30 27 8 16 5 7 12 3 17 20 23 28 2 4 19 15 -1 32 26 10 6 24 25
11 27 29 1 5 21 8 20 24 3 14 19 23 17 18 32 30 15 16 -1 28 22 2 31 4 0 -1 6 7 9 10 13 12 25 26 -1
20 19 2 21 8 24 -1 25 14 22 30 13 -1 12 23 28 0 16 26 27 32 5 17 18 4 7 -1 6 9 3 11 29 31 10 1 15
29 -1 1 15 23 24 28 20 31 -1 8 16 14 17 30 22 9 26 27 11 3 19 2 21 5 4 25 0 6 7 -1 13 18 32 12 10
7 4 27 30 12 -1 9 15 25 23 -1 21 24 16 31 3 13 10 -1 14 28 18 6 8 17 11 0 1 32 20 26 29 22 19 5 2
0 10 -1 29 -1 1 23 2 32 7 26 5 24 9 15 25 4 17 12 14 20 22 16 19 3 11 27 30 13 21 -1 31 28 8 18 6
0 9 26 1 23 -1 3 31 20 27 4 -1 15 -1 32 24 25 8 28 5 13 19 12 7 29 11 6 16 14 18 2 22 21 10 30 17
6 30 15 14 23 -1 21 0 27 28 11 19 26 4 8 10 29 5 16 3 32 31 24 1 20 25 9 -1 2 17 18 7 13 -1 22 12
28 7 29 32 13 23 3 25 -1 -1 10 0 21 18 14 9 31 30 2 8 17 6 4 5 15 -1 12 26 11 16 27 22 19 1 24 20
27 24 10 11 23 -1 3 0 -1 29 5 7 -1 9 25 16 28 22 32 2 8 1 14 13 15 12 30 31 19 4 17 20 26 6 21 18
30 6 2 17 32 29 23 5 27 24 18 25 26 3 22 20 19 8 11 0 14 4 15 7 10 9 16 -1 -1 12 1 21 31 -1 13 28
16 -1 26 19 31 24 11 20 18 21 0 1 12 5 -1 -1 9 6 30 22 27 4 17 7 3 23 14 8 2 29 25 13 15 10 28 32
28 20 4 1 27 31 -1 24 3 19 23 17 14 6 -1 -1 12 9 32 5 29 8 0 2 25 7 30 18 21 26 16 22 11 15 13 10
31 13 15 20 23 28 4 7 22 1 24 32 26 14 29 6 30 12 5 17 11 9 19 2 10 -1 8 21 3 -1 0 16 18 -1 25 27
5 -1 32 15 14 19 26 1 7 -1 9 23 25 12 31 20 22 11 21 13 3 -1 16 4 29 18 28 27 30 24 10 17 2 6 0 8
-1 21 10 -1 14 -1 4 22 25 11 30 17 0 12 16 31 9 3 8 28 7 32 2 26 20 6 23 29 5 13 24 1 19 27 15 18
11 22 19 -1 28 -1 4 8 32 27 5 13 -1 7 3 25 21 14 17 20 1 10 26 9 29 15 16 12 6 31 2 30 23 24 18 0
26 28 23 15 12 3 9 14 7 -1 19 32 31 17 30 25 18 24 21 -1 1 13 11 -1 0 10 29 16 27 20 6 2 8 22 5 4
4 15 -1 23 18 14 -1 22 0 29 11 20 27 32 7 25 -1 2 26 24 10 6 31 19 30 16 5 8 1 3 9 28 12 13 21 17
3 -1 5 8 15 13 -1 0 22 24 19 30 7 18 1 14 32 16 4 10 31 29 12 26 23 28 17 20 27 25 -1 6 21 9 2 11
12 -1 25 1 26 6 31 29 16 24 23 18 8 7 -1 15 3 17 4 22 13 10 27 11 20 19 30 5 14 9 21 2 28 -1 0 32
7 5 -1 -1 14 15 20 32 8 13 29 0 9 23 27 12 31 2 22 -1 1 10 24 28 21 30 18 19 25 6 4 3 11 26 17 16
32 13 19 0 22 -1 -1 4 11 17 9 27 14 5 2 30 26 6 1 24 12 25 15 20 16 8 3 -1 18 21 10 31 28 7 29 23
-1 14 25 20 5 18 30 28 27 29 17 4 3 13 12 10 6 26 15 24 -1 9 11 31 7 23 0 19 1 21 8 -1 2 22 32 16
15 1 11 30 4 -1 18 6 -1 22 25 -1 20 2 12 23 10 0 16 31 13 21 27 32 28 3 9 14 7 8 19 26 24 17 5 29
29 7 14 12 32 2 10 11 13 25 1 27 15 30 21 23 16 20 4 -1 -1 18 26 0 31 6 22 3 5 9 -1 8 28 19 17 24
6 12 4 5 29 31 19 2 20 16 7 -1 17 11 23 24 1 13 14 -1 0 -1 26 32 18 10 28 3 9 30 27 15 22 8 25 21
4 14 25 32 3 2 30 9 15 17 11 0 22 16 28 12 -1 5 26 20 29 6 27 -1 8 13 1 24 -1 7 31 21 23 19 18 10
7 20 11 -1 0 6 -1 22 -1 17 8 10 27 31 30 4 29 13 25 23 19 12 3 2 14 26 16 1 32 9 24 15 18 5 21 28
13 8 24 16 -1 20 11 21 18 -1 30 26 19 23 27 31 15 9 17 6 3 1 -1 7 22 4 5 12 0 10 25 14 32 2 29 28
13 17 24 19 31 9 0 29 28 7 10 23 18 25 15 8 26 30 -1 20 32 1 11 -1 21 4 22 16 -1 27 2 5 3 14 12 6
5 11 21 28 23 -1 20 6 13 2 24 12 32 1 22 31 9 17 19 18 25 7 15 3 -1 27 29 16 10 -1 26 8 4 30 0 14
13 9 23 -1 31 6 29 12 27 5 8 24 17 -1 28 14 18 10 22 26 0 21 4 16 2 15 11 30 3 19 1 32 20 25 7 -1
31 9 7 20 6 17 5 19 0 25 2 21 13 11 -1 1 23 8 3 4 10 16 18 -1 14 -1 26 12 15 27 29 30 24 28 32 22
7 19 22 16 28 6 -1 8 32 26 0 25 12 29 31 14 20 4 17 27 5 10 18 24 -1 23 30 15 21 9 1 3 2 11 13 -1
-1 3 19 10 14 7 2 11 21 0 28 15 16 31 27 -1 25 12 4 23 30 18 9 6 20 22 29 26 13 5 1 8 32 24 -1 17
29 23 7 20 0 -1 -1 24 27 25 30 4 18 32 16 10 1 28 2 5 17 12 3 15 14 -1 13 22 11 21 6 31 9 26 19 8
7 29 24 9 27 5 20 22 23 32 12 28 17 1 13 25 -1 -1 14 3 6 4 10 19 30 8 11 21 16 18 0 15 31 26 2 -1
19 21 12 26 0 27 13 16 32 5 11 10 14 30 25 4 -1 1 28 20 -1 23 2 15 8 29 17 18 22 31 -1 24 3 6 9 7
-1 13 -1 1 26 6 2 11 20 24 9 12 27 4 14 -1 32 10 3 8 15 7 18 5 31 21 22 29 28 17 30 25 0 16 19 23
27 11 -1 17 32 14 23 20 10 21 26 5 0 8 13 24 -1 31 25 6 12 22 16 4 1 7 2 3 19 30 29 15 -1 28 9 18
25 18 28 21 3 16 11 14 26 -1 19 32 12 -1 13 10 30 22 -1 5 15 1 7 8 6 9 20 17 24 23 4 27 0 2 31 29
9 2 27 10 20 16 3 11 23 14 22 -1 17 18 32 5 4 30 28 12 -1 15 29 0 6 7 26 -1 1 24 21 25 19 31 8 13
-1 -1 11 4 30 2 9 24 10 31 27 22 16 26 28 18 5 14 -1 21 0 7 19 17 13 15 32 3 25 29 6 23 12 8 1 20
9 29 1 17 27 20 15 10 14 8 19 31 23 3 12 -1 22 0 -1 6 4 13 25 32 21 5 11 26 18 7 30 28 -1 16 2 24
28 16 -1 -1 31 2 5 -1 32 20 8 14 15 0 30 13 27 26 1 7 4 21 17 12 25 23 6 24 9 3 19 10 11 18 29 22
24 3 -1 9 7 23 25 19 31 18 28 12 4 16 26 15 13 11 -1 17 5 20 8 10 6 32 1 30 2 14 29 -1 21 22 0 27
15 30 24 1 31 6 8 2 28 7 22 -1 17 -1 13 3 0 16 29 5 11 10 26 21 23 12 9 14 27 20 32 -1 25 4 18 19
15 -1 29 28 18 11 23 20 1 9 2 19 31 16 7 13 8 3 6 21 32 25 24 5 12 14 27 -1 -1 4 17 22 10 30 26 0
15 4 19 31 5 8 11 6 1 12 16 21 32 28 -1 22 24 13 3 25 0 7 14 23 9 30 18 29 -1 17 26 -1 2 20 10 27
9 27 16 20 25 18 2 26 3 8 30 13 11 22 -1 21 31 29 7 -1 6 10 1 15 28 12 24 32 14 4 23 5 -1 19 0 17
29 14 26 0 25 8 11 2 23 16 7 27 -1 21 10 13 4 12 1 9 17 3 5 24 18 6 31 19 20 22 32 30 28 -1 15 -1
30 21 0 3 23 1 9 7 12 19 5 28 29 14 6 -1 25 32 16 26 20 27 24 15 8 -1 22 -1 2 4 18 10 13 31 17 11
17 2 15 29 0 16 26 7 8 9 22 10 6 5 -1 4 14 24 1 31 28 12 25 30 13 20 19 11 18 32 -1 -1 3 21 23 27
31 13 3 9 23 21 7 22 17 32 20 26 25 28 18 -1 4 5 12 29 14 -1 16 0 27 6 -1 2 1 24 15 11 10 19 8 30
4 11 1 8 21 13 5 -1 12 10 23 3 14 20 30 25 31 7 9 17 19 26 24 6 -1 15 0 28 29 2 18 -1 16 22 32 27
17 18 11 6 22 26 5 23 29 25 12 10 16 1 -1 4 3 8 -1 7 27 21 15 32 30 14 2 20 -1 31 28 9 0 13 19 24
1 18 14 4 16 24 5 20 25 9 -1 29 23 32 19 12 8 15 27 0 7 -1 31 11 17 30 3 26 2 21 13 10 22 6 -1 28
5 20 -1 29 9 22 -1 23 24 -1 15 0 30 12 21 1 13 17 26 27 7 3 8 31 10 28 14 16 11 19 25 4 6 32 18 2
8 17 1 0 26 28 21 5 30 15 13 12 6 14 4 32 23 18 24 11 20 -1 25 -1 -1 2 9 22 29 3 27 19 31 10 7 16
5 31 30 -1 11 27 28 16 19 10 23 3 0 7 32 12 18 4 29 15 1 25 -1 21 24 26 20 6 8 22 -1 9 2 17 13 14
10 -1 1 3 6 29 0 -1 22 20 2 13 9 17 28 23 30 7 15 -1 27 8 14 5 4 24 21 26 18 19 25 12 16 31 11 32
-1 -1 17 23 7 6 31 16 27 26 15 11 12 8 32 10 14 3 30 -1 25 18 0 22 1 29 5 9 4 28 24 21 13 2 19 20
25 27 29 5 11 -1 24 12 21 19 9 1 14 13 7 31 16 8 15 -1 4 20 32 3 28 0 -1 18 23 6 26 10 30 2 22 17
19 7 -1 27 30 29 10 9 2 6 23 5 16 15 14 12 20 28 13 22 31 0 8 24 4 32 3 -1 18 25 21 26 11 17 -1 1
30 28 21 4 17 22 9 1 5 0 24 23 3 13 27 31 15 -1 2 -1 20 10 29 11 16 19 25 32 6 14 8 26 -1 7 12 18
23 -1 14 26 25 24 6 12 16 31 21 19 27 1 32 29 2 28 -1 11 7 3 30 10 13 17 5 22 4 18 20 8 0 -1 15 9
13 31 9 -1 26 4 1 11 8 7 16 27 2 5 -1 24 29 14 30 6 22 20 23 28 10 18 12 25 19 15 32 21 -1 17 0 3
20 28 7 11 21 6 24 10 30 5 25 -1 12 -1 16 22 19 23 15 3 17 27 14 4 -1 13 8 2 0 26 18 29 1 31 9 32
22 8 32 18 26 24 14 17 10 27 16 9 -1 19 4 5 11 21 23 -1 6 7 12 31 13 3 30 15 29 20 28 0 -1 1 2 25
11 -1 18 22 1 14 17 10 -1 28 12 2 19 15 6 -1 9 5 0 8 7 16 25 24 13 32 3 27 26 23 21 4 20 29 30 31
14 28 6 23 5 17 24 1 27 8 3 30 -1 16 25 18 32 26 13 11 9 29 31 20 15 19 -1 10 4 12 21 7 -1 0 2 22
20 24 11 4 7 31 19 3 -1 25 32 14 8 5 16 22 27 6 26 28 10 -1 30 23 29 0 21 12 13 17 2 -1 18 15 1 9
16 29 3 32 10 -1 0 -1 14 30 -1 12 1 23 27 25 22 9 24 8 5 15 19 21 28 26 2 18 31 20 7 13 17 6 11 4
0 13 21 15 23 31 3 18 32 7 4 8 9 -1 25 24 22 19 1 5 26 14 28 16 20 -1 -1 27 11 2 10 6 17 12 29 30
1 25 26 19 27 5 28 -1 6 24 4 3 22 23 10 32 31 2 11 -1 20 7 14 0 29 9 16 12 13 -1 17 8 15 30 21 18
24 14 5 12 18 26 30 -1 23 8 17 7 32 -1 21 -1 13 2 22 9 0 1 29 15 16 31 25 20 19 4 27 6 3 11 28 10
-1 6 11 20 27 25 32 4 13 -1 -1 16 28 14 5 15 8 9 29 23 30 3 22 19 0 31 12 17 2 26 7 21 10 18 1 24
20 8 -1 6 1 13 9 22 -1 16 11 29 31 27 21 23 19 12 25 24 5 18 -1 32 7 14 10 17 3 0 2 28 30 15 26 4
12 24 20 -1 19 13 18 30 4 21 11 15 31 0 9 28 5 16 29 -1 -1 23 1 8 6 25 32 10 17 27 14 26 22 3 7 2
20 18 16 5 4 9 12 6 27 24 31 13 -1 7 0 19 22 -1 28 25 32 21 11 15 1 10 30 -1 2 17 8 29 23 26 14 3
15 -1 29 0 8 10 17 19 14 23 32 11 20 4 24 28 18 22 7 25 30 -1 27 31 21 13 16 26 9 3 1 2 6 -1 12 5
19 27 4 23 10 2 5 30 12 14 3 0 -1 18 1 7 9 6 13 -1 20 17 28 25 21 8 32 11 29 16 26 24 31 22 -1 15
31 16 17 11 6 3 -1 23 25 4 2 30 27 32 12 0 13 10 -1 7 29 14 1 9 21 26 24 19 8 28 22 5 18 20 -1 15
21 32 14 15 11 20 -1 9 1 6 16 26 10 30 24 29 17 8 13 5 23 7 -1 4 25 -1 31 22 2 27 18 0 12 19 3 28
21 -1 28 24 14 4 27 17 10 1 5 19 -1 20 18 13 6 2 15 11 0 30 22 -1 31 23 7 12 3 16 32 25 8 9 26 29
1 30 29 2 25 22 16 11 32 6 15 10 18 -1 17 20 27 5 23 21 31 28 -1 9 0 12 13 -1 24 8 7 3 14 4 19 26
10 4 3 -1 0 15 13 5 31 19 32 11 25 14 23 28 8 1 27 6 22 24 20 26 -1 16 29 7 9 18 17 21 30 12 -1 2
1 16 9 -1 24 13 11 22 32 12 30 29 27 0 4 17 8 7 23 14 20 2 -1 26 3 25 18 31 19 15 -1 28 10 6 21 5
20 -1 19 27 17 -1 2 4 12 16 15 18 11 22 13 25 24 28 -1 8 26 5 30 29 0 21 14 1 9 31 7 23 6 10 3 32
26 25 10 16 29 19 20 30 4 13 31 14 22 24 0 -1 9 23 11 28 5 3 -1 17 7 1 27 8 21 2 15 12 -1 6 32 18
32 3 4 16 24 25 6 14 10 31 21 2 11 12 18 7 0 1 23 8 29 -1 26 -1 20 15 17 9 13 28 22 -1 27 19 5 30
1 8 15 25 12 31 13 17 21 7 27 24 28 0 6 10 18 9 -1 23 26 22 -1 16 20 32 29 19 30 4 11 5 -1 3 14 2
14 0 32 7 3 5 19 -1 26 23 22 2 18 12 1 31 20 16 10 28 -1 25 24 15 30 13 4 8 9 6 29 21 27 -1 11 17
-1 11 20 14 18 3 24 28 6 30 1 16 26 29 21 -1 0 25 15 -1 31 2 19 17 22 9 8 12 10 7 13 27 4 32 5 23
32 18 15 10 16 -1 0 25 27 11 17 20 23 30 22 26 28 9 29 14 6 19 2 -1 24 1 12 4 7 -1 31 8 5 3 13 21
21 18 22 25 19 26 -1 0 1 -1 16 10 27 3 5 23 13 24 14 8 15 29 4 11 -1 28 17 12 2 7 20 9 30 31 6 32
15 28 25 11 12 8 18 24 19 17 20 -1 27 21 0 9 2 23 3 6 16 5 31 7 10 30 1 13 26 22 -1 -1 32 29 4 14
6 18 15 7 31 26 -1 16 9 12 8 17 29 21 28 27 5 11 10 4 -1 20 22 1 19 3 13 14 0 -1 23 25 32 2 24 30
29 13 27 12 20 19 31 2 5 26 4 3 7 0 32 15 25 10 16 18 8 23 6 22 -1 24 14 17 -1 28 1 21 11 30 9 -1
10 4 11 0 5 7 19 26 -1 24 13 21 3 30 29 32 2 22 16 15 25 31 -1 1 -1 20 27 18 14 17 28 9 6 8 12 23
17 20 6 7 15 8 22 27 14 4 21 24 11 2 30 26 25 10 16 9 -1 19 18 28 13 0 1 29 3 -1 32 -1 23 12 5 31
16 22 31 10 -1 13 14 18 32 17 3 25 4 27 15 0 -1 28 23 6 2 7 9 5 8 21 1 26 -1 11 12 20 24 30 29 19
8 25 28 1 11 32 0 9 13 14 16 6 5 26 20 7 2 17 24 -1 18 21 29 19 22 -1 4 30 3 -1 10 31 23 15 12 27
15 4 25 24 27 23 5 7 29 11 18 22 16 8 10 2 20 28 19 14 -1 6 30 26 3 0 -1 -1 13 12 17 31 1 21 9 32
-1 1 29 23 4 -1 31 16 32 0 13 12 20 18 28 22 7 -1 25 26 3 17 27 9 11 8 30 21 14 5 24 6 15 19 2 10
1 9 11 25 19 2 -1 14 10 32 15 -1 30 4 31 13 -1 8 26 0 20 27 28 6 22 3 21 23 29 7 5 17 12 24 18 16
10 5 3 2 29 22 -1 6 9 -1 28 0 32 17 19 15 20 25 13 27 -1 12 16 1 21 4 11 18 23 7 30 8 31 14 24 26
28 16 25 4 -1 17 13 1 0 20 19 32 5 30 22 7 26 27 6 31 9 21 15 23 11 3 -1 10 2 12 -1 24 14 29 8 18
32 3 16 14 5 7 21 19 2 27 -1 30 0 17 25 10 8 20 -1 1 18 11 22 12 9 29 26 4 23 -1 28 6 24 15 31 13
19 4 1 16 26 11 13 -1 25 9 31 20 27 0 12 28 15 17 3 18 14 8 2 22 10 -1 21 23 5 29 -1 6 30 32 24 7
6 16 5 32 24 13 3 30 0 14 8 17 29 22 19 7 27 28 11 20 21 18 -1 9 25 31 23 -1 4 26 -1 2 10 1 15 12
9 27 23 2 1 28 3 12 25 11 -1 0 21 22 17 6 5 26 20 29 32 13 15 4 -1 8 10 18 30 24 -1 16 14 7 19 31
1 2 32 20 28 13 -1 21 14 15 18 8 30 10 29 0 3 23 19 7 -1 5 4 31 26 24 -1 17 9 27 22 6 11 16 25 12
28 22 15 1 9 30 12 7 21 0 8 27 13 16 14 32 19 4 -1 24 23 10 -1 31 6 26 29 11 -1 5 18 20 2 3 17 25
26 11 1 29 4 19 12 5 3 2 8 27 0 -1 24 13 16 6 22 -1 -1 21 15 18 14 17 9 10 28 25 23 32 20 7 31 30
3 17 27 10 2 24 1 29 6 9 5 30 18 26 23 7 32 12 4 19 22 16 -1 13 8 -1 31 25 -1 28 15 0 14 11 21 20
28 0 22 19 31 -1 13 -1 25 12 1 4 8 7 29 -1 27 3 20 15 6 2 26 32 11 16 10 30 9 18 21 17 14 23 24 5
21 19 7 -1 0 23 26 2 6 -1 12 14 1 31 24 20 25 29 10 16 13 -1 18 17 30 9 27 4 3 22 15 8 5 32 28 11
30 10 31 17 -1 18 24 0 15 4 -1 12 21 20 23 9 25 19 7 2 32 14 29 -1 5 26 16 3 28 27 13 6 22 8 11 1
4 11 15 27 23 14 22 8 3 9 7 6 -1 18 24 31 0 25 30 28 1 21 16 13 20 26 10 17 19 -1 12 -1 32 5 29 2
-1 12 23 30 14 8 31 21 32 6 20 28 15 10 24 26 16 4 25 -1 19 1 29 22 18 -1 9 2 13 17 0 3 11 7 27 5
29 18 20 6 15 24 9 10 -1 21 14 17 13 0 19 32 26 -1 27 5 31 4 -1 8 23 30 11 16 1 2 3 25 22 7 28 12
15 13 23 3 11 19 24 6 22 -1 8 17 4 29 20 12 -1 1 -1 14 26 16 31 18 7 9 28 30 10 21 5 2 25 32 27 0
18 7 -1 14 11 10 -1 1 5 27 15 20 12 3 31 28 9 19 0 30 26 4 13 22 -1 23 25 16 17 21 29 6 24 8 2 32
29 28 20 30 14 7 32 0 5 31 16 25 27 23 4 12 2 -1 1 24 18 13 6 -1 9 15 -1 11 10 8 19 26 3 17 22 21
7 4 0 21 19 23 31 -1 -1 14 11 18 5 15 16 -1 27 9 3 10 12 29 20 30 25 24 1 17 2 32 13 26 8 22 28 6
-1 18 4 21 27 30 8 1 0 28 23 2 5 -1 6 31 26 29 17 11 16 32 25 14 -1 15 13 19 22 20 12 10 24 7 3 9
0 9 19 30 31 17 32 21 12 15 25 -1 16 22 6 1 4 29 -1 27 3 8 -1 24 10 26 14 2 13 23 20 5 28 18 11 7
30 21 13 19 16 32 25 24 9 14 10 11 28 4 2 1 31 0 22 27 18 15 3 20 -1 17 26 8 -1 -1 7 12 23 6 29 5
20 8 15 12 -1 10 18 14 0 9 7 17 11 16 13 28 1 -1 -1 26 32 19 31 6 4 29 30 2 5 22 27 25 23 21 24 3
21 8 -1 31 17 23 18 2 32 12 27 1 13 0 10 11 25 20 28 7 -1 22 26 14 15 29 24 3 6 16 9 19 5 4 -1 30
29 20 1 14 31 -1 26 27 11 18 30 10 -1 28 23 21 12 25 3 32 17 15 16 5 4 2 8 7 19 6 -1 9 24 13 22 0
23 27 22 12 3 15 32 0 16 18 26 31 8 13 24 9 5 7 6 17 28 21 20 30 2 29 -1 -1 19 14 25 11 10 1 4 -1
18 23 2 17 29 12 5 1 8 21 6 22 27 24 32 3 11 30 25 26 15 -1 7 16 10 31 19 20 14 -1 13 0 4 9 28 -1
12 20 8 11 32 1 16 17 0 7 24 9 2 -1 5 31 -1 10 27 23 6 26 13 15 21 4 22 19 25 -1 18 3 29 14 30 28
10 1 21 17 -1 16 32 25 12 26 18 7 27 6 4 9 24 -1 8 5 15 3 22 -1 2 0 28 31 11 13 23 29 19 14 20 30
20 28 9 14 26 4 30 18 29 19 5 24 6 7 8 -1 31 16 10 13 -1 21 1 3 2 32 27 0 11 17 15 12 22 23 25 -1
21 11 25 17 0 19 6 12 23 26 27 15 20 8 18 22 31 14 32 29 10 7 -1 3 9 5 2 28 4 13 30 -1 -1 24 16 1
26 18 22 -1 0 11 4 7 31 2 16 27 14 21 -1 3 -1 20 8 28 17 32 30 10 5 29 6 24 13 9 19 1 23 15 12 25
7 6 16 21 -1 10 26 12 -1 30 2 17 4 18 31 24 19 14 8 9 29 13 -1 25 3 11 27 15 1 32 20 28 5 0 22 23
7 27 3 24 5 12 2 18 13 21 32 6 -1 30 -1 14 1 28 20 23 8 26 16 0 17 4 10 22 -1 9 29 19 25 15 11 31
25 12 4 27 -1 18 30 22 -1 1 6 8 19 29 24 7 32 3 11 26 10 31 28 14 5 13 9 17 0 2 23 20 16 21 15 -1
20 3 14 31 6 0 10 19 30 17 11 25 22 8 32 9 24 7 12 5 15 16 4 26 29 18 -1 1 28 -1 -1 2 13 23 21 27
15 32 4 25 24 14 16 13 31 7 2 6 11 22 1 -1 9 23 17 10 28 0 19 3 30 -1 27 21 8 18 5 12 -1 29 26 20
13 -1 2 17 19 29 0 1 -1 9 11 3 26 12 28 6 16 31 18 15 20 8 21 30 4 32 14 22 5 7 23 25 27 24 -1 10
20 11 1 28 25 14 -1 19 4 3 8 6 29 24 16 10 21 17 -1 13 27 9 12 -1 0 18 5 23 2 15 26 22 30 7 32 31
14 -1 19 20 26 18 17 11 9 28 6 1 7 4 21 15 27 29 10 22 12 8 23 13 32 24 25 5 16 -1 3 -1 30 31 2 0
28 25 24 19 27 14 8 12 21 4 0 29 22 9 6 31 11 13 1 15 26 2 32 10 17 23 3 5 7 30 -1 20 -1 -1 16 18
19 20 29 22 14 2 32 23 13 -1 26 27 10 30 0 12 21 16 11 25 17 3 31 15 8 6 28 9 24 4 18 -1 5 7 1 -1
0 29 18 17 1 10 25 -1 7 13 8 19 4 28 30 15 2 12 16 6 32 22 23 24 31 26 11 21 -1 27 3 5 -1 9 14 20
32 16 5 10 24 2 -1 11 0 4 14 18 31 26 13 9 19 7 1 23 29 30 20 6 3 15 28 17 -1 21 8 -1 22 27 25 12
16 7 15 27 24 8 9 6 1 32 5 17 20 29 22 -1 4 -1 2 28 26 25 0 23 14 18 3 10 31 13 12 21 19 30 -1 11
2 24 11 28 5 -1 25 18 23 17 14 30 7 -1 22 6 -1 32 3 29 9 16 21 15 31 8 20 10 19 12 13 27 1 4 26 0
3 27 -1 23 28 32 21 8 -1 5 16 18 22 -1 2 31 9 1 25 29 13 19 7 4 24 14 12 0 20 6 10 11 30 15 17 26
20 22 18 10 25 27 -1 15 7 14 9 5 2 29 0 8 16 32 30 24 13 19 12 21 28 26 23 4 -1 6 17 11 3 31 -1 1
29 25 28 1 20 -1 11 2 22 18 32 -1 0 4 15 3 9 12 7 13 6 21 5 19 26 -1 24 27 23 8 10 17 16 14 30 31
31 20 30 3 21 26 11 16 22 12 19 -1 25 17 7 13 18 4 28 -1 -1 24 0 27 32 2 9 23 6 10 8 1 29 14 15 5
19 16 23 5 1 22 4 30 14 15 10 32 3 -1 -1 9 25 6 20 18 12 -1 11 2 27 26 17 0 8 21 7 29 24 28 13 31
4 32 17 20 24 16 26 6 14 13 18 25 22 21 0 11 1 31 15 -1 19 -1 29 30 2 23 10 9 7 28 -1 27 5 8 3 12
25 7 22 18 0 13 10 14 28 30 15 9 26 1 31 2 29 -1 4 11 20 -1 32 17 21 -1 24 5 12 19 16 27 6 23 8 3
7 5 -1 13 10 3 32 23 28 27 30 15 21 2 29 20 4 8 17 -1 16 6 -1 26 9 12 31 25 22 0 11 18 14 24 19 1
6 28 25 32 26 31 2 7 9 23 15 30 3 22 0 17 -1 16 11 20 24 27 21 12 29 5 18 1 -1 13 10 8 4 14 19 -1
26 25 15 19 -1 17 13 9 8 31 29 32 6 0 1 27 -1 7 30 2 4 18 20 16 10 11 5 23 14 24 22 21 3 -1 12 28
11 31 23 7 24 2 15 29 30 1 -1 3 -1 9 19 4 13 17 6 10 21 28 27 8 16 26 5 22 -1 20 32 18 0 25 14 12
4 26 -1 14 23 21 30 17 27 19 2 16 22 11 10 9 20 31 -1 8 13 15 24 0 28 -1 29 25 3 12 32 1 5 6 7 18
23 21 28 7 26 -1 22 10 5 -1 1 25 6 11 19 27 3 20 29 30 31 18 8 15 9 16 13 14 24 2 32 4 0 17 -1 12
-1 2 10 3 23 20 17 30 -1 26 6 11 24 0 29 -1 18 15 25 27 28 16 12 8 9 19 1 32 7 21 31 14 13 22 4 5
3 8 30 11 26 -1 -1 13 29 12 27 4 7 32 6 18 23 -1 20 2 10 0 31 25 5 9 22 14 21 15 24 17 16 28 1 19
6 0 16 25 2 -1 -1 29 20 32 8 9 28 11 -1 22 13 18 26 27 21 10 23 14 31 19 7 1 12 4 30 3 24 15 17 5
26 7 9 2 4 21 29 -1 11 23 10 13 27 24 6 0 28 16 30 32 -1 19 3 1 12 17 8 25 -1 15 22 14 18 31 20 5
20 10 5 24 9 12 26 30 6 4 8 1 21 17 3 31 23 -1 7 22 13 18 11 -1 2 25 28 19 -1 16 14 15 27 0 29 32
-1 21 18 4 30 13 32 7 25 -1 19 3 6 8 28 31 24 27 -1 15 29 9 1 20 16 5 22 10 26 12 17 0 11 23 2 14
18 20 10 7 5 -1 3 25 16 29 0 15 14 30 13 28 17 6 12 4 -1 22 1 24 11 31 23 27 9 19 32 8 26 21 -1 2
31 30 14 5 4 28 20 3 1 16 0 13 12 25 2 23 7 6 26 32 22 17 24 -1 29 11 10 27 -1 21 9 15 8 -1 19 18
28 14 15 7 22 26 21 32 1 20 17 6 4 13 23 5 9 -1 24 16 2 29 25 3 11 19 -1 8 -1 31 0 18 10 30 12 27
8 20 23 12 28 27 29 32 5 15 -1 25 22 24 30 19 6 13 26 18 21 -1 1 14 4 31 10 3 11 0 7 2 16 17 9 -1
21 8 22 5 26 0 23 -1 12 6 10 28 14 19 4 31 1 7 16 3 11 -1 24 17 25 18 30 20 27 13 2 32 29 9 -1 15
18 -1 9 7 32 12 16 30 25 4 6 27 -1 28 14 22 0 23 15 26 2 17 11 29 19 13 5 1 10 31 -1 24 3 8 21 20
5 2 15 23 17 8 1 28 16 9 27 6 24 12 0 30 26 14 32 10 11 -1 -1 18 29 19 13 31 4 20 3 7 -1 25 22 21
14 9 27 7 16 6 24 21 15 -1 10 4 18 17 22 3 -1 29 23 0 28 31 11 32 26 30 -1 20 8 2 25 12 1 5 13 19
0 19 24 23 28 3 31 26 15 14 13 25 12 5 2 9 18 30 7 21 22 20 17 27 16 10 6 -1 11 1 -1 8 4 29 32 -1
30 0 20 6 28 9 7 29 24 4 14 13 10 2 -1 22 27 17 15 8 16 11 12 32 19 -1 5 31 21 1 -1 26 25 23 18 3
9 25 27 22 13 19 6 8 -1 1 3 17 12 10 -1 32 24 -1 21 11 7 2 30 28 4 5 23 14 18 29 26 20 31 15 16 0
12 19 13 15 8 0 29 31 21 25 23 32 14 26 17 -1 18 22 6 16 9 11 4 -1 27 1 7 -1 20 5 3 28 30 10 24 2
6 22 32 24 23 -1 -1 7 8 3 12 9 30 31 0 20 29 27 13 21 14 11 28 25 4 17 -1 10 19 18 16 15 1 2 26 5
7 16 29 11 8 13 18 -1 -1 15 23 5 10 0 26 14 32 30 17 21 2 6 20 19 9 24 27 31 12 28 3 4 -1 25 1 22
13 29 -1 16 9 32 6 0 31 18 21 -1 10 8 14 1 28 5 24 19 27 22 20 -1 4 2 17 3 12 30 7 26 15 25 11 23
25 10 24 -1 32 14 7 28 3 26 11 16 19 17 21 0 31 6 -1 15 23 27 12 30 -1 13 5 2 29 1 4 9 20 18 22 8
20 6 28 21 -1 12 17 26 -1 15 22 9 -1 29 24 4 30 1 14 7 2 10 32 25 0 16 27 23 5 3 31 19 18 13 11 8
18 23 11 20 22 6 1 32 10 25 27 -1 13 14 15 9 26 24 21 16 30 -1 17 2 19 4 8 28 3 -1 5 12 0 31 7 29
20 19 17 30 -1 13 1 21 0 7 8 6 22 23 26 31 32 12 -1 15 5 25 18 16 9 4 3 10 11 14 24 27 28 2 -1 29
17 10 6 19 28 20 32 31 -1 24 5 13 -1 25 30 1 26 0 14 23 8 3 -1 16 11 12 9 22 27 4 29 18 7 15 2 21
9 2 31 6 29 14 23 8 28 11 7 27 4 22 5 0 18 15 24 21 13 32 26 17 19 -1 16 -1 30 -1 12 3 1 10 25 20
21 2 1 6 9 23 15 4 10 -1 29 28 12 19 30 20 14 16 25 26 22 24 0 -1 17 13 18 3 -1 5 32 7 31 8 11 27
29 30 23 17 5 9 -1 11 18 8 25 -1 -1 24 20 15 6 14 19 0 7 31 16 4 28 22 26 1 21 2 12 27 13 3 32 10
1 20 12 -1 14 21 31 16 -1 32 28 8 27 19 7 18 26 10 3 2 9 13 30 17 24 -1 6 22 5 25 0 29 11 15 23 4
16 30 1 2 10 18 19 4 12 28 13 -1 22 5 17 -1 25 32 3 26 29 15 -1 8 6 7 21 31 27 9 23 24 0 14 20 11
29 16 2 32 7 6 10 9 4 3 15 -1 19 20 23 27 -1 26 28 0 30 1 31 5 8 11 22 18 21 14 17 -1 12 24 25 13
30 27 10 16 9 15 31 12 13 14 0 18 28 -1 17 7 26 11 19 3 23 21 25 1 29 20 -1 6 2 8 24 4 5 -1 22 32
9 22 29 2 11 24 30 32 6 31 13 10 1 19 0 5 14 26 20 18 3 12 25 -1 7 -1 8 17 28 15 -1 21 27 23 4 16
24 3 11 27 29 13 8 30 20 19 0 15 -1 18 23 4 21 9 1 25 14 2 7 28 31 17 26 22 16 12 10 -1 5 6 32 -1
32 2 7 16 -1 6 21 -1 22 8 24 0 29 23 30 20 28 -1 31 9 1 3 11 26 4 18 5 19 27 12 10 13 25 17 15 14
31 26 1 21 2 9 7 15 0 25 23 28 11 17 -1 8 27 16 6 4 24 5 20 -1 19 10 -1 18 3 32 14 29 12 22 30 13
-1 32 -1 1 18 24 16 5 29 22 23 2 13 28 9 14 4 8 -1 31 12 20 7 26 11 3 6 25 21 17 15 0 10 27 30 19
23 9 5 20 17 31 30 15 3 14 12 4 2 7 22 1 27 26 6 21 13 32 29 19 10 28 16 -1 11 -1 18 25 24 0 8 -1
4 25 23 8 0 24 -1 15 21 9 6 32 20 29 -1 3 5 28 7 26 12 19 14 10 22 31 30 2 -1 1 17 13 27 18 16 11
23 20 7 28 25 11 -1 19 13 17 5 2 30 0 32 6 12 -1 8 4 10 1 31 18 22 26 15 9 16 14 -1 29 24 21 3 27
32 4 -1 0 3 17 7 22 20 16 25 10 1 18 6 19 14 -1 5 11 13 2 12 24 9 15 30 21 26 28 23 27 -1 8 29 31
21 7 24 10 0 25 31 19 29 8 22 2 27 3 9 28 30 26 -1 13 14 5 20 12 17 1 32 23 16 15 4 18 6 -1 -1 11
25 29 2 30 -1 16 12 13 -1 8 23 20 15 31 9 24 10 18 6 11 7 17 19 27 32 26 4 22 3 14 0 1 21 5 28 -1
29 12 24 13 5 21 27 32 17 11 7 8 23 14 22 30 1 20 18 4 -1 6 3 -1 10 19 28 25 31 26 15 16 0 9 -1 2
0 14 11 30 7 26 32 22 8 17 13 9 31 19 25 12 5 4 6 18 24 3 -1 10 16 20 23 27 15 -1 29 2 1 -1 21 28
27 16 26 13 29 14 23 21 24 32 9 11 28 8 30 4 12 -1 17 3 5 7 15 18 0 10 -1 22 31 20 1 2 -1 6 25 19
9 14 21 24 23 18 19 17 25 1 29 10 26 30 11 -1 5 2 4 8 7 20 15 13 -1 3 -1 27 28 32 16 6 31 12 22 0
19 -1 23 9 30 21 13 27 29 3 20 12 4 22 28 15 16 24 -1 26 7 8 5 -1 10 25 6 18 11 17 0 1 14 32 31 2
32 15 18 10 19 23 11 12 9 20 7 8 -1 22 5 -1 28 30 26 14 -1 2 29 0 4 24 17 6 3 31 16 25 21 13 27 1
29 27 24 17 7 18 19 16 0 25 28 13 31 20 12 1 -1 22 23 10 -1 4 21 32 5 9 11 2 30 26 6 15 -1 8 3 14
9 -1 17 18 15 25 6 24 31 -1 8 20 7 5 30 16 11 22 0 23 1 26 13 2 12 14 29 21 32 19 3 10 -1 28 27 4
13 28 22 4 26 14 18 29 32 23 -1 6 27 19 8 2 1 15 3 10 9 -1 5 20 16 31 -1 0 12 30 7 17 21 11 24 25
4 22 29 20 -1 24 7 -1 1 5 23 10 25 6 3 8 2 13 31 32 14 9 19 18 11 12 16 15 30 28 0 26 21 -1 27 17
5 -1 17 12 27 28 11 23 25 24 20 -1 29 3 19 8 15 0 22 30 14 9 4 2 -1 6 26 18 13 31 16 32 21 1 7 10
22 13 18 -1 7 11 6 5 24 4 19 0 30 31 14 2 26 12 27 17 3 16 10 25 32 15 9 23 -1 1 20 8 28 29 -1 21
12 30 4 13 6 -1 28 11 25 16 8 0 10 31 9 29 24 14 32 27 2 1 20 26 18 22 15 -1 21 7 23 17 5 19 -1 3
14 7 31 20 9 19 4 17 -1 15 24 13 8 29 12 25 -1 22 10 0 21 28 1 18 2 5 30 16 32 6 27 23 -1 11 3 26
-1 27 29 6 21 15 -1 20 28 12 13 16 10 3 5 17 31 19 23 8 14 -1 4 24 30 22 25 11 7 18 2 26 0 32 1 9
21 20 17 8 4 14 26 27 18 15 0 24 3 30 11 31 12 1 -1 2 6 9 28 16 19 13 -1 -1 29 23 5 10 22 25 7 32
-1 12 -1 -1 24 32 0 2 15 1 4 23 28 13 5 22 26 3 31 17 30 8 14 7 11 20 25 10 29 18 16 21 6 19 27 9
20 27 -1 25 0 14 24 8 32 3 18 29 2 16 13 15 4 17 7 11 -1 26 5 21 22 1 23 10 19 30 31 9 12 -1 6 28
27 4 5 -1 10 20 29 15 1 12 17 -1 30 19 14 11 8 31 3 2 26 23 6 32 18 13 7 9 16 21 22 0 28 -1 24 25
7 6 10 28 14 2 30 16 32 -1 9 8 20 5 -1 15 0 1 23 22 17 4 21 3 19 29 31 26 11 -1 24 13 27 25 12 18
28 31 16 0 26 23 25 7 2 9 29 20 -1 1 11 3 5 8 27 4 19 17 21 18 32 14 10 22 24 6 -1 -1 12 30 13 15
5 25 3 -1 24 10 12 32 15 2 8 29 21 1 31 4 -1 6 11 30 13 7 14 -1 9 0 19 20 16 23 28 26 18 27 22 17
1 4 2 19 9 24 26 28 15 29 6 0 7 3 23 13 -1 18 16 22 21 25 32 31 14 11 27 12 -1 10 5 -1 17 30 20 8
8 24 7 23 19 16 14 32 -1 6 9 26 -1 4 0 31 -1 22 3 28 1 2 15 12 21 11 29 18 30 5 20 13 10 27 17 25
4 -1 28 5 6 24 30 1 12 10 9 22 21 26 11 29 25 17 2 32 14 20 31 27 0 8 16 7 23 3 13 18 -1 15 -1 19
28 31 10 2 12 27 1 29 14 13 23 7 22 18 -1 15 6 4 8 20 -1 3 26 11 25 21 -1 24 32 19 16 5 17 0 30 9
4 30 -1 27 32 13 23 26 6 18 2 3 17 25 8 14 21 24 9 12 20 -1 5 11 1 28 0 10 -1 16 29 22 31 19 7 15
30 1 23 -1 16 21 20 15 -1 13 7 27 19 32 2 11 8 22 18 29 24 31 -1 10 6 9 28 14 26 12 4 17 25 0 5 3
31 26 9 14 32 23 30 0 24 21 -1 15 4 16 25 5 2 17 19 22 28 8 1 27 11 -1 12 10 3 18 -1 7 13 6 20 29
17 28 0 32 30 -1 7 -1 16 10 2 18 25 12 4 20 21 13 29 15 1 27 5 24 22 19 3 11 8 23 6 -1 9 26 31 14
23 32 2 17 16 10 12 14 24 15 31 -1 19 6 8 11 9 20 1 -1 29 7 28 22 -1 30 21 5 3 27 18 25 13 4 26 0
19 24 -1 32 6 31 8 1 9 29 5 28 25 15 20 12 4 10 -1 -1 22 13 30 3 18 2 0 14 21 16 27 11 17 23 7 26
16 10 13 26 22 7 20 -1 28 8 21 0 14 -1 2 18 11 25 -1 3 19 32 5 12 29 31 23 24 17 9 27 30 6 4 15 1
9 1 11 6 -1 31 2 32 21 29 0 10 24 14 28 5 3 22 30 4 27 23 -1 13 16 19 18 26 20 8 15 -1 25 17 7 12
10 24 27 -1 11 16 28 26 3 14 25 17 -1 18 5 32 0 9 6 4 7 30 2 12 23 8 1 20 29 31 13 15 19 22 -1 21
19 -1 6 30 4 14 25 3 22 13 20 8 27 2 10 0 12 29 -1 11 31 18 21 28 7 5 15 24 -1 32 17 16 26 9 1 23
24 27 30 17 9 2 13 26 14 15 1 10 31 18 19 7 5 16 32 -1 8 20 6 29 4 3 21 25 22 28 0 12 23 -1 11 -1
9 0 23 24 -1 5 15 19 17 16 31 28 29 20 30 12 13 -1 32 1 3 7 25 21 4 -1 8 6 22 26 27 18 14 2 10 11
9 -1 32 14 24 18 11 28 7 16 10 1 3 17 23 13 19 -1 4 15 -1 0 26 25 8 20 27 29 31 12 30 21 6 22 5 2
22 23 -1 13 5 17 28 15 -1 10 18 12 31 14 -1 25 32 16 21 27 26 8 30 1 2 24 20 3 0 11 6 7 9 29 4 19
9 3 21 18 0 30 23 10 -1 13 15 14 25 16 32 5 6 2 8 22 20 -1 -1 1 7 11 12 17 4 26 28 31 29 19 27 24
14 15 26 7 3 2 30 4 1 -1 31 19 28 10 9 25 20 29 13 11 5 16 23 -1 22 0 27 17 6 12 32 18 8 21 -1 24
11 -1 5 27 -1 7 13 29 16 21 15 22 12 24 32 2 26 18 30 20 0 3 28 -1 23 25 10 14 6 19 31 17 4 8 1 9
-1 28 17 27 19 29 25 2 23 11 26 1 3 5 6 15 22 16 4 20 12 30 -1 7 31 21 0 14 8 32 24 -1 13 9 10 18
31 1 19 17 25 30 16 -1 6 -1 15 10 28 18 32 21 13 20 2 3 7 9 11 24 0 26 4 29 5 22 23 12 8 27 14 -1
16 29 18 -1 22 4 19 0 25 21 6 9 20 5 14 12 24 2 23 1 10 15 27 3 28 31 11 17 26 -1 32 30 8 7 13 -1
18 25 19 17 30 31 26 22 29 4 21 -1 2 13 28 24 5 23 7 11 12 8 -1 9 3 32 1 0 27 16 -1 6 15 20 14 10
32 18 1 9 3 2 4 29 22 -1 -1 11 28 10 8 31 23 21 0 5 12 -1 6 25 16 13 30 20 24 17 27 19 26 15 14 7
-1 28 27 6 5 4 21 19 13 3 17 8 29 11 1 26 18 32 24 15 20 9 7 10 -1 16 25 0 14 23 2 22 -1 31 12 30
3 25 17 8 16 29 24 26 21 13 4 1 7 9 20 15 31 28 22 12 14 11 -1 10 -1 19 32 -1 30 0 2 5 18 6 23 27
28 3 16 13 6 0 18 1 15 30 31 27 -1 8 5 14 12 21 11 -1 23 26 -1 29 2 22 10 19 9 4 17 7 20 32 24 25
-1 21 11 6 0 2 31 -1 24 14 30 18 1 23 27 7 16 15 32 10 9 5 28 19 25 -1 12 26 8 29 13 20 3 22 17 4
22 0 15 24 10 20 27 19 28 4 21 26 -1 30 8 11 5 32 3 12 29 -1 31 16 13 -1 25 6 9 1 18 14 7 2 17 23
7 25 29 20 5 26 16 1 11 27 -1 14 13 31 22 0 30 4 32 19 15 12 -1 6 24 -1 8 2 17 23 3 10 21 28 9 18
27 14 22 -1 9 5 19 24 31 32 30 18 13 26 7 6 10 3 21 17 4 15 25 11 20 0 -1 28 23 8 2 12 16 1 -1 29
13 29 8 28 30 12 9 10 21 1 18 3 -1 16 19 14 25 11 7 24 26 17 -1 0 5 6 22 4 15 23 32 -1 27 20 2 31
16 9 10 6 7 1 15 21 12 25 17 -1 32 30 8 19 5 13 22 31 0 2 20 11 26 24 14 -1 3 -1 4 18 27 23 29 28
26 4 0 11 10 29 25 6 22 30 9 3 32 24 16 27 2 23 20 -1 31 -1 28 -1 7 5 8 15 18 14 17 13 1 21 12 19
20 24 16 21 3 28 1 10 12 22 9 30 -1 17 0 25 2 19 -1 27 13 14 26 15 5 4 23 7 31 32 -1 18 8 29 11 6
9 6 28 4 12 17 -1 -1 19 15 0 30 31 26 20 21 25 29 11 24 10 14 -1 3 1 2 27 8 23 13 32 18 7 5 16 22
22 -1 15 8 -1 19 3 26 5 6 0 24 20 21 4 18 9 2 1 11 14 29 -1 25 23 7 27 28 12 13 10 32 16 17 31 30
12 16 26 24 29 10 25 4 -1 5 13 0 -1 20 2 27 1 8 3 30 31 17 7 21 9 11 15 -1 23 19 14 28 6 32 22 18
8 11 23 12 24 -1 -1 5 30 4 0 10 -1 9 7 20 13 29 2 15 3 22 28 14 27 1 19 17 6 18 31 21 32 26 16 25
20 26 8 11 6 10 29 28 -1 2 14 3 32 1 12 21 5 9 25 27 -1 -1 17 18 31 0 7 23 13 19 15 16 4 24 22 30
-1 26 18 31 24 -1 22 13 7 29 2 4 16 8 19 12 0 5 1 15 28 17 10 9 27 30 23 11 6 3 25 14 21 -1 20 32
-1 11 5 2 8 0 4 9 17 1 27 19 20 23 25 14 28 21 26 7 -1 32 3 29 24 16 13 6 -1 30 10 15 22 18 31 12
3 26 13 9 19 28 21 -1 22 24 1 8 4 5 32 25 7 15 16 -1 10 -1 2 27 23 29 17 6 31 12 20 18 30 14 0 11
29 8 15 1 -1 20 14 13 26 -1 0 12 31 23 24 7 18 10 2 30 32 25 9 11 5 16 27 17 6 22 3 -1 28 21 4 19
14 9 18 25 3 1 0 27 6 21 17 -1 19 23 31 11 13 22 8 15 5 2 -1 4 26 16 -1 24 29 32 12 20 7 10 28 30
31 26 7 -1 -1 21 8 25 16 17 12 18 -1 14 22 13 19 29 0 15 11 20 3 28 10 30 24 4 5 1 27 6 9 2 23 32
19 30 27 10 3 2 12 5 -1 6 8 -1 24 11 17 26 29 31 22 1 21 4 28 25 13 20 14 0 18 9 -1 32 16 7 15 23
17 22 -1 7 15 -1 31 5 0 16 32 24 14 2 18 4 19 10 25 6 29 -1 1 12 9 13 21 23 20 8 26 3 27 28 11 30
20 9 25 31 -1 26 30 14 0 4 -1 2 13 7 11 15 19 24 29 6 32 21 18 17 28 16 1 12 -1 8 27 22 23 3 5 10
22 17 3 5 29 8 9 11 16 30 24 1 23 31 20 4 32 2 13 19 25 18 14 -1 15 -1 12 7 27 28 10 26 21 0 -1 6
28 21 27 11 16 26 15 30 18 2 22 0 32 10 14 4 1 13 24 -1 19 23 -1 -1 9 3 20 12 29 5 25 31 7 8 6 17
31 -1 30 26 28 -1 14 0 18 11 3 25 15 19 7 32 9 29 5 4 10 -1 13 2 21 16 12 20 1 6 17 8 22 24 23 27
27 2 12 18 19 6 32 0 -1 -1 14 9 30 24 16 15 22 25 -1 13 29 3 5 26 17 20 7 28 23 31 1 4 11 21 10 8
7 31 21 17 18 14 -1 8 6 13 15 28 20 -1 10 16 26 19 5 9 4 0 32 11 25 30 22 24 -1 29 3 2 12 23 27 1
7 29 18 -1 21 25 1 5 17 -1 12 32 3 20 11 9 19 31 2 10 16 23 30 24 15 4 -1 22 6 26 0 28 14 8 13 27
3 28 13 4 23 25 1 12 8 16 19 32 9 11 20 2 27 10 31 -1 5 6 22 -1 14 -1 30 7 0 15 26 18 17 21 29 24
-1 20 22 11 21 -1 1 14 16 3 24 18 29 13 5 17 30 32 26 9 25 0 7 12 10 -1 8 23 15 2 4 28 31 19 27 6
9 29 23 3 17 2 22 0 -1 4 30 10 28 25 8 6 31 12 20 -1 15 5 18 27 11 14 19 7 26 -1 32 21 1 16 24 13
-1 24 -1 3 8 21 32 23 5 20 26 13 11 28 31 2 19 15 17 27 12 29 30 4 18 7 14 10 0 -1 22 6 25 1 9 16
26 -1 -1 25 31 12 13 21 16 29 28 22 24 17 20 18 0 -1 8 19 10 15 5 6 11 1 27 3 2 4 7 9 14 32 30 23
23 8 15 1 27 13 28 3 29 -1 2 22 5 12 25 4 32 31 9 6 19 16 20 18 26 -1 7 21 0 30 11 24 17 10 -1 14
18 -1 7 14 30 16 15 9 26 11 -1 23 4 20 21 -1 13 24 12 0 31 5 27 1 3 19 17 29 25 2 32 6 22 28 8 10
24 5 6 21 -1 7 12 16 0 14 8 29 32 2 -1 23 27 4 19 1 20 9 -1 22 26 25 11 17 15 10 13 31 30 3 28 18
8 15 17 -1 24 4 28 30 6 12 16 22 5 13 1 14 26 10 20 0 27 9 3 19 11 32 31 2 21 25 -1 23 -1 18 7 29
24 20 3 28 23 21 18 32 -1 12 17 7 13 27 25 1 19 26 -1 -1 4 2 8 16 29 22 31 5 6 9 14 11 15 30 0 10
32 20 29 -1 15 30 27 17 28 19 10 23 11 25 2 22 14 3 8 -1 26 12 24 -1 7 21 13 0 18 31 4 6 5 16 1 9
15 9 32 12 19 31 6 2 -1 0 25 28 -1 27 -1 4 13 10 24 20 16 22 11 29 8 18 7 3 17 1 14 23 30 5 21 26
29 28 0 9 4 15 25 -1 -1 3 24 16 26 32 20 -1 18 12 1 13 21 6 11 27 19 22 7 8 10 23 14 2 30 17 31 5
6 11 5 3 15 0 29 13 18 8 -1 -1 12 19 -1 4 28 14 26 25 32 2 1 7 24 10 16 22 30 17 9 23 27 31 20 21
30 12 17 31 18 23 9 5 32 7 21 11 -1 28 29 1 2 26 3 19 -1 16 6 4 -1 10 14 8 20 25 0 22 27 15 24 13
5 16 -1 31 14 32 26 4 -1 13 3 7 28 18 25 8 15 23 27 0 22 9 30 11 17 29 19 6 12 10 -1 2 21 20 1 24
-1 14 30 27 7 20 12 0 22 3 23 21 10 2 -1 6 31 28 9 17 25 29 15 -1 16 11 4 24 26 13 1 8 32 19 18 5
31 7 12 16 9 19 28 2 3 0 29 -1 4 8 -1 21 22 32 6 18 25 27 11 30 26 -1 20 24 5 10 14 1 17 23 15 13
25 4 5 2 28 6 3 21 32 17 -1 22 1 11 20 0 7 12 16 18 -1 23 31 29 10 27 13 -1 14 15 19 9 24 8 26 30
2 22 28 31 9 1 27 11 23 7 18 14 -1 -1 16 8 15 21 12 25 26 30 10 29 17 20 0 -1 32 19 24 6 4 13 5 3
18 12 21 1 20 6 22 30 13 16 31 24 4 -1 17 -1 -1 19 29 11 28 27 8 25 2 26 32 7 0 15 3 10 5 23 14 9
25 15 11 6 17 19 -1 8 -1 23 28 5 18 29 7 3 26 13 9 0 24 14 31 22 27 12 10 20 -1 21 2 4 30 16 32 1
3 17 21 18 4 29 9 -1 23 25 13 5 12 31 11 8 10 22 6 19 7 20 30 14 28 24 16 26 -1 0 2 15 1 32 27 -1
25 14 24 4 21 7 1 32 18 -1 -1 26 30 15 8 3 29 19 12 31 -1 11 6 23 5 9 2 13 0 22 20 27 28 17 10 16
25 0 29 1 19 5 2 21 26 12 3 20 -1 24 30 -1 15 6 7 27 22 18 8 -1 17 4 10 13 14 9 28 32 16 23 11 31
0 19 4 6 21 17 18 11 8 29 26 12 1 -1 32 2 3 23 24 -1 16 25 7 10 27 15 30 31 9 22 28 5 20 -1 14 13
16 0 29 18 30 13 -1 21 31 25 7 -1 32 24 10 28 23 9 15 22 26 2 17 20 4 -1 12 11 27 1 19 8 14 3 5 6
7 9 15 19 20 11 10 4 6 21 30 26 -1 32 3 22 16 24 12 28 31 0 18 1 25 14 -1 13 29 27 2 5 8 23 -1 17
3 19 0 5 29 2 15 28 21 25 13 30 -1 18 16 6 31 22 4 24 8 23 7 11 20 32 9 -1 27 26 17 -1 1 14 10 12
29 4 6 2 30 13 27 17 10 25 7 12 -1 1 14 15 28 26 24 19 21 5 16 0 9 18 3 8 23 -1 20 11 -1 31 32 22
1 8 31 4 19 13 11 12 9 28 15 2 3 20 0 21 27 6 26 23 10 -1 24 17 7 14 29 32 30 -1 22 18 25 5 16 -1
30 13 32 -1 24 23 7 19 11 17 -1 4 2 21 14 8 20 1 10 26 12 25 27 5 22 3 16 18 31 15 29 28 0 6 -1 9
29 21 31 14 1 6 13 16 5 20 -1 12 0 7 26 32 19 2 11 30 10 4 -1 25 24 8 28 9 23 3 22 15 17 18 27 -1
11 6 1 12 7 19 4 26 27 15 17 16 25 18 14 29 -1 -1 30 28 31 20 24 22 0 -1 8 2 21 9 3 10 32 5 23 13
12 19 29 6 11 4 14 30 25 23 10 -1 22 8 27 3 28 2 26 16 7 15 -1 17 9 24 21 5 0 18 13 -1 32 1 20 31
30 1 19 22 13 31 12 8 15 -1 21 6 9 0 28 26 17 25 7 27 23 -1 20 32 16 18 10 4 5 2 3 11 24 29 14 -1
-1 16 3 31 28 21 17 22 -1 12 -1 11 30 6 23 2 7 0 18 14 9 27 32 29 24 4 8 19 25 10 13 15 26 1 20 5
-1 20 23 27 12 3 0 26 5 29 4 8 18 16 22 31 7 11 30 9 32 14 2 17 24 13 6 15 28 -1 19 10 -1 1 25 21
-1 16 8 19 31 9 14 27 25 26 10 28 7 29 0 12 23 22 21 6 17 30 11 13 3 24 20 5 15 32 -1 2 4 -1 18 1
8 32 13 19 17 7 -1 20 21 22 6 16 15 0 30 3 2 18 27 4 25 24 5 14 1 12 10 23 31 26 11 -1 9 28 29 -1
-1 8 31 -1 10 28 11 5 -1 9 2 3 13 29 23 19 20 12 17 15 6 30 0 14 27 1 24 26 25 22 7 16 21 32 18 4
24 23 5 6 32 16 28 26 2 18 13 25 7 -1 4 10 19 1 20 27 14 -1 30 22 29 11 0 31 9 12 3 21 15 -1 8 17
24 20 27 5 3 32 28 9 -1 8 15 4 26 -1 12 21 13 14 2 29 1 19 22 10 0 17 6 16 7 18 23 25 11 31 30 -1
23 8 28 2 9 12 24 0 15 10 20 5 26 11 -1 -1 19 32 21 29 25 13 1 6 18 27 7 17 3 31 22 -1 4 30 16 14
0 4 12 13 26 16 28 5 2 6 17 3 -1 7 27 20 15 14 24 23 8 -1 29 21 -1 25 10 1 22 11 32 18 30 31 9 19
4 0 3 -1 6 14 16 -1 13 20 2 1 24 11 26 23 12 17 8 29 22 5 28 31 32 15 27 21 19 25 -1 30 7 9 18 10
20 22 21 27 7 2 24 16 9 6 25 28 32 23 17 -1 4 1 12 14 31 11 19 26 3 15 5 8 29 13 0 -1 30 -1 18 10
28 11 22 26 5 13 20 0 16 15 19 2 12 3 27 32 7 30 25 10 8 29 24 17 23 -1 1 31 6 18 21 9 4 -1 14 -1
24 27 5 15 32 7 3 26 20 31 19 1 2 22 25 8 28 29 4 16 -1 30 14 11 10 9 -1 -1 13 18 0 17 12 21 6 23
21 10 29 0 22 24 17 19 32 25 7 16 28 2 30 15 23 11 9 31 3 -1 13 4 6 5 12 -1 1 -1 8 14 18 26 27 20
16 14 2 17 -1 26 3 5 25 0 4 29 11 32 10 9 31 30 27 6 15 12 28 19 22 13 1 7 21 -1 24 8 20 23 -1 18
24 20 11 31 18 8 0 13 16 10 23 -1 12 2 15 19 3 28 21 27 -1 1 7 30 32 17 26 -1 29 6 4 14 9 25 5 22
13 27 -1 7 3 0 6 5 17 8 10 1 11 25 22 14 20 2 21 30 23 16 18 28 9 32 15 19 4 12 -1 -1 24 31 29 26
22 2 11 19 18 9 28 8 -1 0 17 7 3 31 -1 20 6 13 26 30 15 10 25 14 23 24 16 32 12 -1 27 29 4 1 5 21
25 2 3 27 28 9 10 -1 24 4 21 13 22 23 30 12 17 6 11 31 1 7 19 16 29 8 -1 14 26 5 32 0 -1 20 18 15
10 11 9 27 25 -1 30 7 28 8 3 13 0 6 32 2 -1 23 16 18 4 12 -1 31 14 22 1 20 5 29 24 26 15 19 17 21
22 13 25 0 1 5 19 20 4 18 30 -1 17 26 28 31 14 -1 -1 12 24 9 3 6 29 7 23 32 27 10 2 16 11 8 21 15
32 15 8 29 -1 14 19 21 25 16 2 28 24 6 9 30 26 22 18 13 23 10 27 1 4 -1 -1 31 17 0 20 7 12 5 3 11
15 21 -1 -1 28 9 12 31 18 2 22 6 30 -1 13 8 1 10 16 3 20 19 32 23 0 25 29 24 27 11 14 17 4 26 7 5
10 13 7 12 16 27 11 31 2 9 5 8 22 -1 19 6 25 20 24 17 30 29 15 21 1 14 32 26 28 4 0 23 18 -1 3 -1
19 20 29 5 10 11 18 0 -1 26 2 8 7 -1 30 3 22 15 24 -1 17 21 14 9 4 25 16 1 28 6 27 23 32 13 12 31
31 -1 25 27 23 9 -1 0 10 -1 7 2 19 11 8 1 24 14 21 30 4 6 29 12 26 28 22 3 20 32 13 5 18 15 17 16
26 24 15 10 25 17 1 13 21 9 19 8 27 20 32 18 12 5 2 -1 0 31 -1 16 7 29 3 30 -1 22 6 11 4 14 28 23
24 16 8 10 7 6 1 18 15 -1 2 -1 32 3 29 22 9 23 20 11 4 -1 12 21 13 28 0 30 31 17 14 26 19 25 5 27
30 9 26 1 24 27 23 2 21 16 12 22 7 17 28 -1 -1 3 8 32 0 10 25 20 29 31 4 13 6 5 14 -1 19 15 11 18
22 19 10 27 2 14 5 -1 11 18 1 7 29 0 25 30 32 6 28 -1 21 4 3 9 12 16 8 24 31 15 13 -1 17 20 23 26
4 18 -1 29 1 12 5 32 -1 23 24 30 20 7 21 25 8 16 19 -1 27 28 31 22 9 11 15 14 26 3 17 10 6 13 0 2
32 28 -1 -1 29 7 20 9 17 27 16 11 4 12 2 8 15 18 31 19 25 0 13 26 22 6 5 1 3 30 21 24 -1 23 14 10
11 9 31 15 4 13 7 0 26 14 19 28 6 17 3 -1 21 8 10 16 22 -1 32 2 23 12 20 18 5 1 25 27 -1 24 29 30
7 24 6 32 28 5 11 4 25 1 30 21 -1 -1 31 8 19 20 3 17 14 26 22 23 12 9 13 2 27 10 15 0 -1 29 16 18
21 -1 28 17 30 6 16 11 23 3 27 20 25 -1 1 31 7 12 19 22 29 8 5 9 0 18 -1 26 4 32 14 15 10 2 24 13
16 14 11 20 6 8 25 -1 -1 21 10 30 23 19 0 24 7 27 22 2 -1 18 9 17 5 12 3 4 15 31 32 1 28 29 26 13
-1 11 0 15 26 8 2 3 31 30 14 27 -1 21 23 19 16 10 6 9 12 1 -1 13 17 5 29 7 20 18 24 4 32 25 22 28
3 19 10 -1 24 13 25 22 11 26 20 32 21 28 18 2 4 -1 14 27 -1 6 31 8 7 30 15 5 1 16 9 23 17 0 12 29
28 16 32 29 27 12 20 -1 18 19 23 24 8 5 6 11 4 31 30 7 13 26 2 21 -1 22 0 17 9 -1 1 25 3 14 10 15
18 8 21 14 30 10 1 15 28 -1 -1 12 22 2 4 11 24 16 3 6 32 17 13 29 7 20 31 26 -1 25 0 19 5 23 27 9
29 16 24 17 -1 9 26 21 0 32 31 28 30 13 11 2 23 -1 27 7 14 12 8 -1 4 15 6 20 19 1 5 3 25 18 22 10
24 13 26 6 23 2 20 -1 8 31 21 5 32 25 0 18 10 11 19 14 -1 28 12 30 22 17 -1 3 7 4 27 29 16 9 1 15
12 7 17 8 24 26 20 5 1 19 10 21 -1 23 27 16 30 4 2 28 14 -1 25 3 6 29 0 13 9 32 31 18 15 22 -1 11
11 2 20 7 9 0 15 6 -1 17 -1 8 3 13 14 12 30 31 21 27 19 4 24 23 1 10 18 22 26 16 32 25 5 -1 28 29
21 1 12 20 9 18 19 13 30 -1 28 5 6 29 7 -1 3 10 23 31 15 8 17 26 32 22 24 27 -1 0 4 11 25 2 14 16
29 22 15 3 11 30 26 5 27 12 28 8 13 -1 9 23 25 21 32 10 31 1 20 16 -1 2 -1 19 18 6 4 7 14 0 24 17
18 23 8 24 4 17 -1 19 16 29 15 30 0 21 32 9 12 27 -1 14 3 1 -1 26 7 20 6 5 25 22 2 11 28 10 13 31
-1 17 10 28 26 18 11 29 24 19 30 13 3 27 22 25 1 31 8 5 32 -1 2 0 6 14 7 12 20 4 23 16 -1 15 9 21
-1 11 5 18 25 2 -1 7 26 19 22 14 12 29 24 0 1 21 6 15 3 17 20 13 27 4 9 -1 23 8 30 10 28 31 16 32
11 18 24 26 1 4 10 14 2 0 9 23 3 -1 19 27 16 25 32 29 -1 17 28 13 7 -1 31 21 20 15 5 30 6 22 8 12
5 2 15 32 24 1 6 28 -1 22 -1 16 29 18 4 0 12 -1 9 8 31 11 25 19 14 13 26 7 30 23 3 20 27 21 17 10
27 4 6 22 9 32 23 -1 20 14 2 12 19 24 8 10 28 11 31 13 1 -1 7 18 29 15 25 21 0 5 26 -1 30 3 16 17
2 26 11 20 10 31 7 13 15 32 0 19 5 25 16 21 -1 23 18 29 27 3 1 12 6 9 8 -1 28 30 14 17 22 24 4 -1
31 18 9 20 24 0 27 23 -1 8 2 7 1 13 15 12 21 11 22 28 29 -1 -1 25 14 30 17 5 6 3 26 16 10 19 4 32
26 27 23 3 13 28 29 24 -1 5 -1 18 20 22 0 9 1 6 4 16 12 21 15 14 30 19 8 31 7 2 -1 32 10 11 25 17
22 17 4 18 11 12 7 9 32 24 26 29 -1 28 1 14 19 3 16 6 5 10 0 20 2 27 8 -1 25 15 13 21 -1 31 23 30
22 3 -1 23 28 18 11 20 17 21 30 29 2 26 16 10 -1 0 8 6 14 25 1 27 24 7 32 9 31 19 12 13 15 4 5 -1
17 25 4 8 22 0 7 -1 11 12 6 27 2 16 13 -1 10 28 9 19 -1 31 32 1 5 30 23 24 21 3 29 20 14 18 26 15
-1 31 6 4 7 13 23 14 1 9 17 18 10 32 12 30 20 -1 27 16 25 28 15 22 5 11 19 2 0 21 8 29 26 24 -1 3
8 24 -1 21 30 0 11 28 1 -1 23 18 29 3 13 6 15 22 4 -1 20 7 19 16 26 5 32 10 2 27 31 25 17 12 14 9
-1 6 3 20 12 29 11 27 16 15 24 10 7 31 9 1 5 18 28 30 2 23 19 -1 13 -1 4 8 25 0 14 26 17 22 32 21
2 28 0 -1 14 24 32 20 5 18 15 17 19 23 -1 6 3 29 21 30 16 11 31 7 26 22 27 25 10 4 12 9 1 13 8 -1
26 31 0 30 25 19 4 29 28 5 -1 3 15 23 12 7 11 9 32 16 20 17 21 27 6 14 -1 13 -1 18 2 8 24 22 10 1
22 28 -1 15 5 10 26 25 6 23 27 13 21 12 32 2 16 9 8 11 4 0 -1 14 1 17 24 7 31 19 29 -1 18 20 3 30
24 3 31 27 20 1 5 32 16 29 6 22 15 14 28 10 23 9 11 30 0 17 19 25 7 13 -1 -1 21 26 2 4 8 18 -1 12
27 6 -1 24 21 12 9 31 19 26 29 32 28 10 3 1 5 16 17 2 7 25 8 22 -1 -1 20 14 4 0 18 13 23 15 30 11
22 -1 29 17 5 6 1 25 -1 31 15 12 32 28 16 4 14 27 11 8 13 30 23 10 18 20 2 -1 0 3 9 19 7 21 24 26
9 19 6 20 29 7 14 -1 17 21 25 13 15 12 2 30 1 26 11 18 27 28 31 23 22 24 3 32 -1 16 5 8 4 -1 10 0
11 10 29 22 5 19 -1 0 23 21 30 13 15 7 12 17 6 20 4 9 26 31 14 2 28 24 8 27 18 16 25 1 3 -1 -1 32
4 19 8 25 6 23 -1 17 26 28 27 1 3 13 10 21 -1 14 -1 5 0 16 30 22 15 31 32 2 12 9 24 20 29 18 11 7
9 17 8 16 25 11 19 20 12 -1 27 31 24 22 29 10 -1 7 26 13 6 32 1 4 21 0 3 14 23 5 2 -1 18 28 30 15
-1 3 29 18 9 15 8 21 27 13 10 32 31 7 5 11 30 -1 1 -1 22 14 17 24 23 20 25 6 16 28 4 2 26 19 12 0
-1 9 4 29 3 19 22 16 6 8 14 -1 24 17 15 2 30 26 1 0 27 25 7 13 23 10 21 20 31 18 5 -1 28 12 11 32
27 30 22 3 -1 6 32 31 29 19 10 14 18 20 11 24 12 13 1 16 26 -1 23 15 5 28 25 -1 7 2 17 0 9 8 4 21
22 1 26 28 23 6 11 15 7 14 4 10 19 31 27 -1 21 2 29 -1 5 32 8 30 25 24 20 18 3 -1 17 12 0 13 9 16
28 24 14 31 15 7 21 30 11 13 19 10 17 4 5 12 3 27 25 23 29 22 -1 9 18 8 1 0 2 32 16 -1 6 20 -1 26
26 -1 12 24 21 15 8 3 27 25 10 2 30 31 -1 19 4 9 23 -1 11 16 18 20 7 29 5 0 1 28 13 14 6 22 17 32
3 9 26 6 20 4 23 16 29 24 8 32 2 13 15 12 19 14 5 10 1 31 30 11 25 -1 27 18 0 21 22 28 7 -1 -1 17
24 4 17 11 6 8 29 32 31 0 7 21 10 25 28 9 5 -1 1 27 14 30 26 3 13 22 20 -1 23 2 15 19 -1 18 16 12
1 28 0 23 11 22 12 2 25 15 16 14 13 17 3 -1 7 30 5 18 -1 27 19 31 26 4 9 21 -1 20 10 6 8 24 32 29
0 20 31 9 28 -1 7 10 22 14 30 13 17 8 23 32 -1 27 15 1 19 -1 3 21 25 29 26 16 18 5 4 24 12 6 11 2
26 18 0 -1 31 28 2 1 24 -1 32 29 17 14 12 23 13 10 7 8 27 11 3 15 9 25 19 5 22 6 4 -1 20 21 16 30
21 28 0 5 22 20 31 29 18 32 -1 13 25 8 15 9 2 1 30 10 -1 7 -1 6 27 12 19 26 4 11 16 23 17 14 24 3
21 25 15 1 8 7 12 31 26 0 6 18 32 28 -1 16 24 20 3 30 23 17 10 9 13 29 14 22 2 -1 4 27 5 -1 11 19
18 3 -1 1 10 5 31 23 6 9 2 7 -1 14 17 8 30 4 0 21 12 32 13 22 -1 20 25 16 26 29 19 24 11 27 28 15
22 24 23 2 -1 12 26 9 25 27 6 16 -1 14 -1 13 11 17 5 31 15 1 18 3 32 21 7 0 4 8 10 19 20 28 29 30
32 15 6 11 27 9 -1 13 4 0 16 7 17 14 23 8 31 22 5 30 28 24 26 18 -1 3 25 20 19 2 29 21 -1 1 12 10
14 16 23 21 13 18 2 12 11 31 26 -1 -1 7 9 15 22 29 27 0 3 28 4 32 10 19 30 20 -1 24 1 8 5 17 6 25
0 8 10 28 18 13 5 -1 14 24 23 30 11 25 32 -1 20 4 9 29 1 22 16 7 3 17 12 26 27 21 19 15 31 2 -1 6
-1 13 11 32 29 23 30 6 14 15 28 2 31 17 9 10 22 25 4 26 7 21 20 16 12 -1 18 0 27 19 24 8 -1 1 3 5
29 31 12 0 27 32 21 22 -1 24 14 8 3 2 17 6 20 23 11 18 19 -1 1 -1 5 10 30 13 26 25 4 7 9 28 16 15
28 3 11 -1 -1 27 32 15 20 2 31 12 6 13 24 4 10 25 19 26 21 18 7 0 9 29 30 -1 17 23 16 14 22 5 8 1
11 31 14 -1 28 25 -1 27 6 0 12 8 29 -1 15 3 19 30 23 5 24 22 17 1 16 2 20 32 7 26 13 9 18 4 10 21
2 23 3 26 19 20 22 24 16 0 11 15 32 -1 27 31 4 14 9 -1 29 12 8 25 6 1 21 18 10 7 13 -1 30 28 17 5
7 28 23 25 13 10 4 30 0 24 5 1 31 -1 2 29 6 8 3 -1 15 19 20 9 -1 11 16 18 27 12 32 14 26 17 22 21
15 24 25 30 32 18 7 19 17 8 -1 23 5 0 27 3 26 13 -1 31 16 4 10 14 9 22 12 6 2 28 21 29 1 20 11 -1
7 26 15 21 1 9 28 30 10 2 11 25 23 13 22 24 20 14 0 29 6 18 -1 -1 -1 16 32 17 31 5 3 27 8 12 19 4
27 29 11 20 32 -1 1 18 26 16 4 7 -1 22 6 5 25 24 8 12 3 28 13 14 31 30 17 15 2 10 9 -1 19 0 21 23
-1 2 31 21 3 18 0 6 25 5 23 9 30 15 -1 26 16 14 17 8 1 -1 28 22 32 7 12 19 4 27 10 11 29 24 20 13
3 8 13 30 4 32 0 20 11 -1 6 9 1 15 19 21 5 28 25 24 29 7 23 18 14 26 22 17 31 -1 12 2 10 -1 16 27
29 14 21 9 17 10 15 31 27 4 25 2 18 13 20 7 -1 28 24 11 -1 16 30 12 8 22 19 3 6 1 32 23 5 -1 0 26
29 17 22 4 3 2 5 -1 6 26 20 31 25 10 19 32 24 -1 9 11 7 18 23 0 15 8 21 14 28 1 12 30 13 27 -1 16
22 17 10 -1 31 25 20 2 28 29 11 5 26 23 14 -1 7 8 18 15 16 0 9 19 32 1 3 30 -1 27 12 21 6 13 4 24
8 11 9 26 13 10 2 18 15 21 31 25 14 29 19 3 0 -1 6 12 22 27 5 16 7 28 4 -1 -1 20 1 24 23 17 30 32
14 26 21 15 2 3 -1 11 19 -1 16 5 27 32 28 12 24 8 29 10 25 30 13 31 1 -1 18 9 20 17 22 6 7 4 0 23
8 18 4 15 14 16 1 9 19 2 29 24 30 -1 -1 27 -1 3 32 5 20 17 26 31 0 21 25 23 6 22 10 28 12 11 13 7
23 2 9 7 10 18 4 6 26 22 31 11 20 -1 0 25 14 12 15 8 -1 29 24 3 28 17 32 5 27 13 19 -1 1 21 30 16
14 13 10 15 3 12 25 11 19 30 21 5 16 -1 32 -1 17 27 18 31 4 0 23 8 20 26 1 22 9 24 2 29 6 -1 28 7
-1 32 13 3 14 4 30 1 18 2 28 16 26 21 12 23 7 8 0 15 5 27 29 19 -1 20 17 11 22 6 9 -1 31 25 24 10
-1 -1 1 32 26 24 27 30 8 21 0 -1 20 28 16 31 17 2 29 11 23 5 13 6 22 9 10 15 18 3 7 25 12 19 14 4
26 28 2 19 5 10 7 13 12 11 -1 6 25 3 1 27 22 29 18 -1 23 15 24 20 16 9 8 31 4 30 17 14 -1 32 0 21
27 10 21 18 16 23 29 25 15 31 2 1 24 32 8 22 -1 -1 0 3 4 5 30 28 13 6 14 -1 9 7 26 20 17 11 19 12
2 16 12 28 14 0 20 25 21 31 11 24 4 23 10 3 7 29 30 1 27 -1 -1 13 17 19 15 -1 26 18 5 9 22 8 32 6
14 16 5 13 26 20 30 17 15 2 21 24 4 22 12 27 31 1 29 11 8 -1 7 9 23 -1 18 -1 19 6 28 3 0 10 32 25
30 21 25 9 26 4 11 6 20 12 2 29 19 16 0 10 23 27 -1 24 22 13 -1 -1 28 15 7 8 32 3 1 18 14 17 31 5
10 16 25 29 14 24 32 13 17 -1 27 4 15 21 26 31 -1 8 28 7 30 -1 6 18 2 20 19 11 22 0 1 5 9 12 23 3
3 1 20 4 18 6 31 15 26 30 23 5 8 21 -1 17 10 25 24 19 13 27 -1 14 32 -1 2 9 11 7 0 16 12 28 22 29
25 0 16 2 21 1 -1 22 26 19 17 12 3 23 4 5 -1 6 31 30 13 -1 11 20 9 27 15 18 10 29 14 28 24 7 8 32
14 25 1 13 18 -1 19 7 9 3 -1 11 15 31 24 12 17 8 20 26 6 32 30 28 16 21 23 5 29 27 10 22 4 2 -1 0
9 20 18 1 2 25 7 -1 5 16 6 0 19 -1 30 4 10 24 12 11 31 32 27 28 8 13 15 23 29 14 17 -1 3 26 22 21
27 4 2 3 17 31 -1 30 26 18 25 20 13 19 22 9 28 6 21 1 24 8 16 7 10 29 14 23 -1 -1 32 0 15 12 11 5
21 29 18 16 -1 12 24 28 6 15 22 8 31 32 14 7 10 2 11 0 -1 25 13 20 1 4 17 27 9 23 3 26 5 19 30 -1
15 13 26 17 10 31 27 29 18 -1 4 14 16 24 2 0 20 6 19 32 30 8 11 7 1 -1 21 28 3 23 25 9 22 5 -1 12
22 32 4 -1 0 6 11 7 2 13 18 21 -1 31 29 26 -1 19 17 30 8 5 15 16 14 28 25 1 24 12 3 23 9 10 27 20
22 5 28 15 10 0 32 7 25 27 3 26 9 -1 14 13 2 31 20 24 17 4 12 16 -1 8 23 21 11 6 30 1 18 19 29 -1
32 10 9 16 31 21 -1 2 7 5 0 4 23 14 28 30 6 17 8 -1 12 -1 18 3 27 25 19 15 22 29 20 11 24 26 1 13
24 23 32 11 0 4 17 9 -1 -1 12 19 -1 14 8 10 28 16 30 1 3 21 22 7 25 27 26 31 6 29 5 20 18 15 2 13
32 15 9 5 7 13 17 29 11 0 16 -1 22 28 6 4 -1 2 23 19 24 18 10 14 27 1 3 26 -1 21 12 8 20 31 30 25
3 11 18 23 -1 8 22 12 19 20 6 16 26 -1 0 29 15 21 9 1 14 32 2 -1 5 10 24 13 31 28 30 25 7 4 27 17
20 25 18 31 26 4 1 29 12 11 17 21 13 19 6 9 27 -1 16 8 0 22 3 10 -1 23 14 5 24 30 -1 32 2 15 28 7
24 21 23 27 31 14 4 -1 17 29 32 15 11 25 9 8 12 10 -1 2 22 30 16 1 13 26 20 5 18 19 6 3 28 -1 0 7
3 26 13 32 9 19 23 22 2 8 4 21 30 28 11 15 -1 -1 12 17 27 25 1 29 7 18 20 10 5 -1 16 0 31 6 24 14
24 19 30 2 26 28 10 17 27 31 13 11 14 23 8 -1 21 4 -1 15 0 1 20 16 6 -1 12 7 9 3 18 29 22 32 5 25
31 32 26 8 22 7 24 5 1 19 18 9 12 14 15 2 6 16 28 13 -1 29 -1 20 4 23 27 11 30 -1 10 21 3 25 0 17
29 0 28 11 18 -1 32 -1 20 26 30 19 22 24 27 21 13 17 2 4 25 10 7 1 15 31 8 6 16 23 12 3 5 -1 14 9
4 19 25 14 32 29 -1 -1 27 21 8 0 -1 7 6 23 12 2 31 3 18 24 26 20 30 22 5 1 17 9 10 13 11 16 28 15
3 -1 24 -1 18 32 0 20 22 11 8 9 16 29 12 17 31 4 26 27 28 10 30 14 19 1 21 15 7 -1 25 23 13 6 5 2
25 30 10 31 1 21 29 4 23 18 -1 5 15 -1 3 20 16 14 2 0 24 13 22 9 28 12 19 17 8 11 7 -1 6 32 26 27
17 9 6 13 3 1 26 15 29 28 19 27 8 2 5 11 22 32 20 25 12 24 -1 -1 30 10 31 4 21 7 0 -1 16 14 18 23
12 0 18 10 -1 26 5 8 20 3 17 32 11 7 30 13 1 16 -1 21 6 23 14 24 28 22 2 27 9 25 -1 19 4 29 15 31
24 28 23 15 16 11 12 27 2 -1 13 -1 17 26 4 8 14 3 20 18 30 7 25 5 19 0 10 31 9 21 -1 32 29 6 22 1
17 15 30 28 12 18 13 21 9 2 0 1 29 11 27 7 25 20 -1 6 16 10 32 22 4 5 14 23 3 24 19 26 -1 8 -1 31
11 17 16 14 9 27 12 13 21 20 -1 26 2 32 6 0 8 4 1 25 18 29 5 30 10 31 24 -1 28 15 22 -1 19 3 7 23
29 15 -1 31 16 0 25 32 17 21 26 22 10 11 5 20 -1 28 23 6 8 2 14 9 3 18 27 19 -1 4 12 1 24 7 13 30
2 19 4 0 9 15 16 26 14 20 13 6 -1 29 17 12 1 7 23 24 18 22 8 32 -1 30 3 25 -1 28 27 5 31 10 11 21
2 30 25 1 23 21 11 10 18 31 26 13 -1 16 24 3 9 19 12 5 0 29 20 22 4 27 6 8 7 -1 -1 17 14 28 32 15
19 -1 15 -1 16 13 22 30 9 4 28 1 32 31 2 14 12 24 17 0 10 26 21 8 3 -1 23 5 20 18 29 25 7 6 27 11
30 4 25 -1 7 3 16 27 21 13 2 32 0 26 -1 -1 29 10 8 15 17 19 22 5 31 12 20 18 24 23 28 1 14 11 6 9
18 31 0 11 26 5 29 30 -1 32 20 -1 3 7 -1 25 14 28 16 9 27 2 21 19 10 22 24 23 13 12 15 4 6 8 1 17
32 11 24 17 12 21 2 8 31 25 1 -1 6 15 27 22 10 -1 30 19 18 9 7 28 16 29 4 3 14 0 26 -1 23 13 20 5
21 23 20 -1 3 10 16 27 17 32 2 31 29 19 0 13 8 14 -1 30 18 1 28 11 24 15 -1 25 9 12 5 26 7 4 6 22
27 22 25 7 21 23 30 24 9 20 2 11 14 -1 5 29 4 31 16 -1 26 13 3 32 1 17 18 6 0 8 19 12 28 -1 10 15
29 17 24 -1 14 27 8 32 2 6 4 0 -1 9 18 7 19 10 25 13 -1 11 22 3 15 21 5 23 31 30 16 12 28 1 20 26
20 28 25 27 7 13 10 17 24 32 0 4 1 15 -1 5 18 14 31 22 21 11 6 30 29 26 9 2 12 23 -1 -1 16 8 19 3
-1 -1 2 30 12 17 10 14 28 3 26 19 25 24 20 6 0 7 16 21 -1 27 15 31 11 32 1 4 9 18 8 13 29 5 23 22
5 22 25 31 17 1 9 8 -1 19 28 21 2 32 26 24 16 13 29 14 20 23 0 3 4 10 11 12 -1 27 -1 7 18 30 6 15
28 12 32 25 24 8 21 -1 2 -1 1 27 26 22 16 3 20 13 9 15 7 30 19 23 5 29 17 10 4 0 11 14 6 18 -1 31
19 4 27 14 3 13 17 24 31 12 7 16 28 21 6 18 -1 -1 0 5 32 29 -1 10 2 22 15 30 26 8 11 9 23 20 1 25
13 19 11 10 29 25 22 20 24 -1 18 26 17 21 -1 0 -1 14 31 27 32 4 28 1 23 2 12 9 15 3 5 16 6 30 7 8
8 6 30 20 16 19 2 26 15 -1 32 9 10 4 22 13 25 27 1 0 14 18 28 17 5 3 11 12 21 24 29 23 -1 7 31 -1
28 19 17 15 8 9 6 4 12 13 27 31 32 25 10 21 22 7 5 -1 2 26 0 14 -1 23 29 1 16 -1 20 11 3 30 18 24
10 15 22 28 31 23 -1 27 18 6 32 30 14 2 3 7 9 12 20 29 26 11 -1 17 0 4 19 8 25 21 1 5 13 24 16 -1
24 4 7 14 0 3 18 -1 22 10 13 28 31 23 11 8 30 21 26 27 2 29 20 1 -1 25 6 -1 19 15 5 12 32 17 16 9
15 8 -1 7 2 27 6 31 4 21 18 26 14 9 17 11 32 25 -1 22 30 24 19 29 0 3 16 28 12 13 -1 1 5 23 10 20
20 17 18 4 16 14 11 21 23 27 12 9 -1 28 8 6 24 -1 3 -1 15 13 29 5 26 25 2 7 32 22 0 30 10 31 19 1
30 14 18 15 5 23 25 4 9 17 27 22 21 12 19 29 1 -1 8 13 28 3 10 24 0 2 32 -1 11 26 6 16 20 31 7 -1
30 16 6 27 -1 13 10 -1 5 8 9 25 15 0 -1 22 12 19 3 24 17 1 7 28 23 20 11 31 14 32 21 4 29 26 18 2
16 2 32 6 12 11 9 26 23 1 17 21 28 -1 14 4 18 31 15 7 10 19 24 20 -1 8 29 25 22 30 27 3 0 5 13 -1
18 26 10 6 2 21 8 11 13 27 19 17 -1 4 16 24 1 31 25 9 14 20 3 30 32 29 23 -1 5 7 15 0 22 -1 28 12
23 9 30 6 -1 3 10 21 7 5 17 2 22 18 0 12 24 -1 4 19 14 32 16 8 -1 1 11 29 27 20 15 25 26 28 13 31
20 6 26 14 30 17 11 25 5 -1 28 24 23 0 8 22 12 9 19 31 32 1 15 -1 10 13 27 3 -1 16 4 18 7 2 21 29
18 11 12 26 0 3 28 17 32 10 22 30 23 6 1 24 4 9 21 5 14 20 7 13 27 2 25 31 -1 8 29 -1 15 16 -1 19
3 11 16 5 23 28 9 32 22 4 25 30 24 20 27 19 -1 17 7 15 6 14 13 31 -1 0 -1 12 2 21 26 10 29 1 8 18
7 29 28 14 19 10 22 32 -1 23 4 11 20 25 24 26 16 5 12 6 0 13 8 1 9 -1 27 15 31 -1 2 21 3 18 30 17
-1 9 -1 13 16 5 26 -1 25 32 1 28 19 8 29 18 7 15 24 27 3 6 14 12 10 22 17 23 2 20 30 4 21 11 31 0
23 21 15 17 14 13 4 24 -1 7 8 31 32 28 1 27 3 9 18 5 30 20 10 16 29 26 11 19 6 22 -1 -1 25 12 0 2
23 24 3 0 15 10 31 16 1 -1 28 18 14 29 22 7 -1 2 30 32 9 11 6 26 17 27 13 12 21 5 4 25 -1 19 8 20
25 0 2 5 23 3 21 -1 17 27 19 18 32 30 26 24 31 20 22 14 29 9 13 28 16 6 -1 8 11 7 12 15 4 1 10 -1
18 21 23 -1 3 31 22 27 19 0 4 -1 13 1 32 5 26 6 10 8 2 20 15 12 29 14 7 11 -1 16 28 30 25 24 9 17
10 3 28 18 13 5 -1 22 16 32 2 25 17 29 11 24 31 -1 15 12 8 20 26 23 0 30 27 14 19 1 21 6 4 -1 7 9
13 16 29 31 10 5 7 15 20 -1 9 14 23 4 25 8 3 24 22 6 30 28 26 27 1 -1 21 2 11 32 12 17 18 0 19 -1
15 19 0 26 10 -1 30 9 6 21 29 8 12 17 4 1 31 16 22 11 32 7 27 23 13 28 -1 5 2 18 3 24 20 25 -1 14
8 0 15 23 13 18 -1 10 9 14 17 27 7 -1 25 16 1 26 11 32 4 21 6 24 19 30 20 12 2 5 31 -1 29 3 28 22
-1 21 15 11 0 17 1 6 23 24 4 -1 3 8 26 14 13 20 27 10 32 2 12 5 19 9 16 -1 25 22 30 7 29 31 28 18
25 16 11 21 14 22 20 29 10 0 5 23 31 30 26 9 1 28 8 24 4 -1 19 3 32 13 17 12 15 7 -1 6 2 18 27 -1
1 19 15 28 18 -1 24 10 2 -1 27 11 12 4 16 9 13 17 7 23 30 21 8 25 32 26 14 6 20 5 22 29 3 31 0 -1
13 11 32 19 16 25 18 22 8 24 -1 3 1 6 23 5 -1 14 9 2 12 15 26 21 17 29 28 27 20 0 31 -1 30 4 7 10
29 13 11 -1 6 7 15 0 27 18 30 25 8 19 32 21 22 9 -1 4 -1 20 1 2 28 14 3 10 17 26 16 5 31 23 24 12
-1 31 26 -1 5 27 32 14 21 22 13 28 0 7 2 3 6 8 12 -1 10 15 19 25 9 16 18 29 1 24 4 11 17 20 30 23
7 16 20 22 -1 0 -1 11 25 12 26 23 10 15 29 32 6 5 2 31 18 9 8 19 1 3 24 14 28 17 30 -1 27 4 13 21
22 15 -1 7 3 14 9 13 -1 8 21 16 1 31 23 6 19 10 32 5 2 30 0 17 28 24 11 4 25 18 29 26 12 -1 27 20
30 14 18 21 28 20 10 4 23 8 2 12 9 27 19 25 7 29 32 15 26 16 3 -1 5 1 22 -1 6 -1 24 11 13 17 0 31
23 8 4 11 14 6 -1 22 0 3 25 21 -1 2 1 18 30 5 27 32 16 24 7 9 28 17 26 31 29 13 -1 10 19 12 15 20
17 31 26 0 14 11 -1 21 5 9 1 30 29 8 20 27 4 -1 7 12 3 16 2 22 10 25 32 24 23 6 -1 28 15 18 19 13
17 4 11 26 -1 32 25 19 15 30 21 9 7 5 13 2 29 8 31 20 -1 23 18 10 16 24 12 27 14 1 22 3 -1 28 6 0
32 29 24 30 6 19 18 -1 2 20 15 12 26 -1 -1 21 22 31 25 17 13 9 16 14 7 11 23 1 5 28 8 27 3 4 10 0
30 32 -1 24 1 22 31 4 -1 27 3 6 23 26 21 5 16 18 0 9 2 11 29 12 8 7 13 19 17 10 15 28 25 14 -1 20
7 15 11 -1 6 4 18 9 12 -1 14 21 29 32 30 2 3 5 17 19 31 1 0 23 8 16 26 13 22 28 20 25 27 -1 10 24
5 17 15 27 24 16 8 29 28 30 0 31 7 9 4 12 22 2 11 13 14 10 3 23 -1 20 32 26 1 19 25 -1 21 -1 18 6
16 6 23 19 32 0 15 -1 12 25 3 11 -1 17 24 2 29 22 13 5 7 9 10 -1 31 28 18 26 30 8 20 21 4 27 14 1
22 29 -1 23 10 11 -1 20 30 5 1 3 25 24 18 12 8 -1 15 19 7 32 28 14 27 0 21 2 17 16 9 31 4 26 6 13
16 23 -1 5 13 25 22 -1 7 20 10 -1 21 15 8 12 28 1 11 4 17 9 6 29 32 2 19 24 14 0 3 18 27 26 31 30
25 1 26 16 9 28 -1 3 -1 13 18 14 32 20 -1 24 10 6 2 22 11 8 29 31 12 27 7 0 17 30 15 23 5 4 19 21
4 22 5 17 29 9 0 10 3 31 26 25 20 30 6 24 -1 8 2 32 1 -1 19 11 27 18 14 16 21 7 15 28 12 13 -1 23
25 17 0 23 27 7 30 11 6 -1 15 14 5 12 26 2 31 21 1 22 3 20 19 9 -1 8 28 10 29 13 4 32 -1 24 18 16
16 9 13 14 8 1 18 7 25 11 19 4 17 21 -1 27 15 31 6 29 12 26 28 2 0 -1 30 3 10 -1 24 23 32 22 5 20
19 27 -1 11 10 3 0 16 25 32 4 20 23 17 5 18 -1 6 1 2 30 22 8 7 28 26 12 9 21 14 29 31 -1 24 15 13
12 20 -1 3 18 0 25 19 9 6 4 13 15 14 29 17 30 26 7 -1 1 24 22 10 21 11 2 32 23 28 31 5 -1 8 27 16
19 28 18 6 7 27 5 15 31 20 22 17 3 -1 1 32 8 11 24 21 26 29 4 2 25 14 -1 0 13 12 10 16 23 30 9 -1
28 27 18 20 5 -1 25 -1 8 -1 10 21 14 17 0 13 9 4 23 7 6 2 15 26 29 30 24 19 32 31 22 16 12 1 3 11
-1 20 19 26 32 18 13 21 31 9 25 7 23 27 -1 30 2 14 28 10 22 12 6 -1 3 4 8 24 11 1 15 17 16 5 0 29
-1 11 22 26 7 12 24 23 32 10 15 16 14 30 18 -1 17 4 25 19 20 13 2 29 31 6 21 9 8 1 28 3 0 27 -1 5
11 15 23 22 16 12 31 28 14 13 17 1 6 0 -1 -1 25 18 7 20 2 32 30 5 24 19 29 10 9 3 8 -1 26 27 21 4
25 -1 24 21 2 28 26 31 29 10 8 18 30 9 4 23 14 -1 13 32 -1 7 27 20 6 22 12 1 3 0 15 11 19 16 17 5
27 18 22 8 7 3 0 14 10 16 1 2 4 28 24 26 29 32 23 9 13 31 20 11 -1 15 12 21 5 30 -1 -1 25 19 17 6
31 29 14 25 10 22 21 27 20 19 32 3 18 2 23 5 1 9 26 13 6 17 30 24 7 8 15 -1 -1 4 28 16 12 0 -1 11
28 7 0 14 12 10 27 5 13 -1 18 17 15 2 16 19 31 3 23 22 26 4 -1 8 30 25 20 9 32 -1 21 11 1 6 29 24
31 32 16 13 12 6 1 0 3 10 11 26 18 -1 15 14 28 29 25 2 5 7 4 8 24 19 -1 -1 9 27 17 22 23 20 21 30
26 18 11 31 -1 14 19 6 30 27 12 13 29 20 32 -1 5 1 17 25 7 4 2 -1 24 21 23 16 3 28 8 10 9 15 22 0
3 29 0 9 5 28 -1 2 25 8 27 14 17 23 18 21 15 10 16 31 6 19 4 24 22 12 -1 20 1 7 11 30 26 32 -1 13
4 18 1 22 30 32 12 -1 5 27 24 10 28 14 31 -1 26 19 -1 6 9 15 23 13 11 16 0 25 2 29 21 3 8 7 20 17
20 19 9 1 25 8 2 5 23 7 0 14 24 28 6 13 -1 12 30 16 11 17 -1 26 4 10 -1 15 31 18 21 27 3 32 29 22
15 31 4 27 6 29 -1 14 11 22 8 -1 13 19 10 12 25 1 21 9 16 28 0 3 24 -1 2 30 17 20 18 32 26 7 23 5
29 32 7 20 21 12 3 14 -1 11 0 4 2 -1 1 17 15 24 31 30 26 13 22 10 8 28 6 -1 9 25 23 18 16 5 19 27
8 24 11 21 4 19 5 13 12 32 22 1 23 30 -1 10 28 14 9 15 6 26 17 29 20 -1 -1 18 25 0 3 7 16 31 27 2
-1 32 2 4 29 30 17 1 20 26 0 16 31 3 25 -1 19 22 24 27 28 21 15 7 23 11 12 13 8 6 18 5 14 -1 10 9
-1 3 8 25 26 16 21 5 24 12 20 22 7 30 1 4 28 6 13 23 14 11 17 0 32 -1 2 9 19 10 27 31 -1 18 15 29
13 20 2 -1 22 9 0 16 6 3 19 14 28 24 4 18 11 7 25 27 17 21 31 15 12 -1 10 26 -1 30 23 8 5 1 29 32
26 16 -1 9 27 31 -1 24 15 8 28 7 13 2 22 25 29 32 17 11 1 18 20 3 5 10 21 12 6 30 -1 19 14 0 4 23
0 27 30 22 31 28 32 23 10 13 8 14 3 6 2 7 -1 18 1 5 -1 26 12 -1 16 11 4 21 9 25 19 29 17 24 20 15
10 3 29 6 0 23 19 27 28 5 -1 2 21 13 22 18 15 24 9 32 11 4 30 14 -1 26 25 12 -1 7 1 31 17 20 16 8
8 30 31 23 16 3 4 2 12 0 -1 15 -1 25 22 17 11 20 1 14 10 13 21 32 5 24 28 6 18 -1 29 27 19 7 9 26
21 31 5 0 27 -1 24 13 17 15 9 23 14 26 11 7 10 -1 25 -1 16 29 8 6 30 19 1 32 18 12 3 22 28 4 20 2
-1 4 15 31 -1 32 27 8 6 14 18 16 23 7 1 25 -1 11 3 0 17 21 9 12 29 26 22 19 2 24 13 28 30 5 20 10
17 18 13 22 29 8 2 28 15 11 26 10 5 1 9 30 21 16 19 6 27 25 23 32 24 0 -1 3 14 -1 4 -1 7 20 31 12
31 2 21 20 19 14 18 4 16 10 26 -1 7 0 25 -1 23 9 27 -1 22 12 3 1 29 28 11 13 24 17 15 32 6 5 8 30
11 9 3 28 23 13 6 31 4 5 -1 2 0 1 12 14 29 30 20 25 -1 19 26 27 32 10 24 22 15 -1 7 8 21 16 18 17
16 25 14 21 -1 0 22 19 13 17 26 4 10 27 15 31 8 24 18 28 7 32 11 30 5 3 9 1 6 23 -1 29 -1 20 2 12
18 4 0 1 17 -1 23 30 2 -1 10 24 7 16 28 27 32 21 3 6 31 13 8 26 14 29 11 20 22 15 12 19 9 25 -1 5
6 5 9 14 11 1 4 17 19 23 -1 12 26 13 30 20 8 7 10 -1 22 16 28 -1 32 24 3 18 21 29 27 15 25 0 2 31
6 13 26 29 32 8 7 12 9 -1 20 -1 30 16 11 -1 5 19 27 3 4 22 31 25 14 15 24 21 1 18 23 10 17 2 28 0
-1 5 15 3 25 24 20 29 0 27 10 4 19 6 2 28 -1 14 1 17 9 21 16 30 7 18 -1 22 26 13 31 11 8 32 12 23
20 31 18 -1 23 3 30 -1 15 25 22 -1 10 26 19 32 12 27 14 1 8 9 24 17 28 6 13 11 0 4 16 29 2 7 21 5
2 27 1 -1 28 6 17 -1 29 14 18 7 10 30 26 21 15 -1 13 20 8 12 25 31 4 0 3 16 32 9 23 11 5 24 22 19
24 -1 6 19 7 13 14 28 -1 22 9 31 26 25 11 15 29 18 -1 16 0 20 21 17 23 2 12 4 8 1 32 3 27 30 5 10
13 30 32 5 18 7 12 16 4 10 25 29 20 0 21 27 14 2 11 -1 -1 3 17 -1 19 26 22 1 28 24 15 23 9 31 6 8
1 0 25 20 27 6 7 31 18 24 26 19 -1 9 22 5 11 32 10 21 15 17 28 23 13 4 -1 14 30 -1 2 8 29 12 16 3
-1 28 11 3 19 29 8 -1 15 17 21 22 24 20 1 -1 5 13 26 16 25 27 2 4 9 12 31 14 0 7 23 32 10 18 30 6
13 32 15 24 14 29 6 22 30 28 21 4 31 1 12 16 2 11 27 9 -1 5 8 23 0 25 26 17 -1 19 20 -1 3 10 7 18
12 9 8 2 0 -1 3 19 -1 13 6 27 22 -1 1 24 16 23 15 14 30 4 31 18 26 7 29 21 32 20 11 17 5 10 28 25
12 31 5 14 24 17 -1 23 32 15 2 20 16 18 6 1 26 28 8 29 10 11 7 3 30 22 4 9 -1 21 27 13 25 19 0 -1
-1 29 16 20 3 30 -1 19 31 22 15 28 32 21 26 1 11 27 6 5 8 0 -1 9 24 17 7 14 13 18 12 10 25 2 4 23
20 28 31 9 25 12 14 15 6 13 4 3 29 -1 24 32 18 1 0 21 27 22 26 23 30 5 17 11 7 -1 8 2 16 -1 10 19
22 15 31 26 8 3 5 25 6 13 0 20 2 12 19 4 -1 17 11 7 10 16 1 32 24 28 27 21 9 29 30 23 -1 18 14 -1
5 11 19 21 3 17 20 14 0 26 9 2 28 25 16 -1 8 7 15 24 27 10 30 13 12 -1 -1 6 1 23 29 22 18 4 31 32
-1 25 13 1 21 10 24 31 29 7 32 8 2 6 23 27 19 5 26 0 4 3 11 12 22 30 -1 28 15 9 18 16 17 -1 20 14
20 30 27 5 22 12 23 9 10 0 13 -1 11 21 14 6 7 1 31 2 26 -1 3 17 -1 4 19 32 8 29 15 16 28 25 24 18
13 28 7 15 20 9 16 -1 19 22 18 26 4 21 6 32 17 30 1 27 31 25 -1 -1 5 12 10 29 2 14 11 8 3 23 24 0
0 4 3 -1 32 14 27 8 22 11 30 -1 19 9 31 13 26 15 24 1 23 25 -1 5 21 10 7 20 2 29 6 18 12 17 16 28
2 19 26 23 22 29 1 7 8 13 28 30 9 32 31 18 16 15 -1 10 25 4 -1 6 14 27 -1 5 0 12 3 20 24 11 17 21
4 17 16 12 28 29 18 20 0 7 31 1 10 26 19 27 24 5 6 14 -1 11 9 8 25 15 2 32 22 23 13 -1 3 30 21 -1
12 25 21 0 26 32 27 6 7 14 23 3 15 -1 16 2 17 11 -1 5 9 10 29 8 18 19 13 31 30 1 -1 28 22 20 24 4
21 11 6 16 10 -1 3 27 22 30 1 25 7 28 8 32 15 9 5 2 17 31 0 18 -1 13 26 14 23 29 -1 20 19 12 4 24
22 27 30 28 12 -1 5 32 4 25 31 9 3 18 2 17 10 24 7 6 8 21 -1 23 1 11 16 15 20 13 29 19 26 -1 14 0
20 23 16 12 4 10 5 26 27 2 1 13 29 3 32 19 24 14 17 15 6 9 8 0 30 18 7 -1 -1 22 31 25 -1 11 21 28
24 25 27 16 21 14 20 28 29 8 15 13 18 17 12 26 -1 30 22 11 -1 6 3 7 1 0 31 -1 4 5 23 32 19 10 9 2
-1 13 3 -1 9 10 14 5 22 20 32 31 12 21 1 0 29 17 11 23 19 4 30 7 16 24 25 2 28 27 18 8 6 -1 15 26
10 31 15 26 23 1 14 7 18 21 20 16 32 2 25 6 30 3 28 5 -1 19 4 29 -1 13 17 24 27 8 11 -1 12 0 22 9
1 6 18 8 11 0 26 25 10 7 17 14 13 20 31 27 32 -1 22 21 30 16 24 12 28 9 29 -1 3 5 19 15 4 -1 23 2
9 27 28 13 2 19 23 32 15 6 -1 14 3 24 0 10 12 11 5 25 18 1 20 29 -1 26 7 -1 16 8 30 31 22 17 4 21
3 2 16 12 24 0 11 5 19 6 30 4 10 17 1 -1 32 26 23 25 14 -1 15 20 9 21 18 27 28 29 7 31 8 13 22 -1
13 17 32 2 28 0 29 24 25 3 11 18 15 -1 27 1 5 8 31 -1 26 -1 10 20 21 16 14 12 19 4 30 6 7 9 23 22
27 22 26 25 9 21 32 15 28 4 13 -1 2 3 23 12 30 17 31 18 -1 16 14 -1 19 0 10 7 20 24 8 1 11 6 29 5
11 12 10 0 3 19 25 1 26 2 16 21 4 30 9 15 -1 18 29 32 27 8 31 20 -1 5 13 -1 24 28 14 6 23 17 22 7
10 27 -1 21 5 -1 12 20 28 3 18 11 24 7 9 4 6 8 31 23 26 15 32 2 19 -1 13 14 29 16 30 1 25 22 0 17
0 1 -1 17 19 6 9 11 12 32 28 15 25 20 -1 23 5 14 3 16 4 2 13 8 22 -1 18 24 31 10 27 7 29 26 30 21
2 5 0 20 7 18 26 32 9 13 31 11 17 22 29 -1 25 28 -1 12 16 6 1 24 15 14 4 21 23 27 19 3 8 -1 10 30
30 0 2 -1 19 14 24 5 3 23 -1 11 7 22 20 26 16 9 17 18 8 15 25 21 27 4 6 -1 32 1 28 31 13 10 29 12
30 25 22 24 29 21 -1 -1 3 7 17 11 27 26 10 23 16 28 31 20 13 6 1 -1 32 15 18 19 14 5 8 0 9 12 4 2
9 14 18 28 26 20 4 27 19 0 21 31 23 5 -1 1 13 7 29 24 25 8 30 2 11 17 22 15 -1 6 12 -1 3 10 16 32
15 23 32 29 28 19 12 9 0 14 -1 26 31 21 16 24 20 2 17 4 3 6 18 13 30 -1 27 -1 11 10 8 5 1 25 7 22
1 10 7 26 15 5 8 16 32 14 -1 23 11 31 19 30 24 4 3 -1 29 22 17 27 6 0 25 12 20 9 18 -1 21 13 28 2
-1 3 32 -1 24 22 29 20 21 17 0 13 9 31 10 23 6 27 18 16 4 8 25 19 15 12 11 1 28 -1 2 14 30 26 5 7
20 19 21 16 29 9 1 -1 12 32 2 6 -1 17 18 26 5 14 0 10 22 24 -1 25 13 31 28 27 7 15 23 3 4 30 8 11
3 24 20 10 15 2 6 29 25 -1 14 16 11 9 23 5 17 13 18 12 22 19 32 7 8 28 1 27 -1 4 30 21 0 31 -1 26
21 31 2 24 5 7 6 3 23 15 8 29 19 4 27 18 16 14 0 26 17 25 12 32 9 1 30 13 11 20 -1 22 28 -1 -1 10
5 20 -1 25 8 32 1 26 3 24 14 23 17 6 13 4 11 9 18 30 10 21 -1 22 19 2 -1 7 16 12 27 28 29 15 31 0
16 6 27 0 14 28 26 1 10 11 22 13 17 8 30 20 3 32 24 31 4 5 9 12 19 25 21 7 -1 -1 18 2 29 15 -1 23
0 29 22 -1 21 16 26 9 31 30 11 -1 3 32 27 20 18 -1 7 4 15 6 25 19 12 8 10 23 1 24 5 17 2 14 13 28
0 30 18 9 -1 27 -1 8 26 16 22 21 20 6 -1 15 19 31 3 5 14 25 23 4 13 12 11 2 29 10 32 1 17 28 24 7
24 27 -1 14 8 10 17 5 18 15 19 13 12 -1 25 32 0 31 -1 21 30 9 1 23 2 16 4 29 6 3 26 20 11 7 22 28
16 5 15 2 -1 -1 23 3 12 8 27 19 29 22 21 26 14 11 6 1 10 -1 18 4 25 30 13 24 20 32 31 7 28 17 9 0
1 28 13 -1 11 -1 19 21 12 3 7 14 10 20 9 32 26 4 25 -1 22 29 5 17 6 27 24 18 2 16 23 30 15 0 8 31
22 25 23 2 3 16 24 20 4 29 21 0 7 11 1 27 9 -1 -1 6 13 5 30 26 15 -1 8 14 32 12 28 31 10 18 19 17
26 17 19 3 1 14 24 4 16 0 20 25 6 31 11 -1 7 21 -1 32 27 18 8 23 15 28 9 12 22 29 13 10 30 5 -1 2
2 5 1 29 17 22 10 9 12 21 25 8 32 4 -1 31 -1 7 13 28 6 16 26 3 15 24 20 30 19 27 14 11 -1 18 0 23
7 4 2 26 16 13 0 25 -1 -1 -1 12 8 17 32 5 23 30 29 11 15 31 14 10 21 27 19 22 9 6 18 24 28 3 20 1
9 -1 16 4 21 2 13 6 17 29 22 24 19 18 14 5 15 12 27 26 10 11 8 28 0 3 20 7 23 1 25 -1 32 30 31 -1
-1 0 6 28 23 4 12 16 15 5 18 27 3 -1 14 22 30 9 26 31 8 19 2 25 24 13 10 21 1 20 17 -1 11 32 29 7
2 5 0 -1 26 13 21 30 -1 22 10 31 29 18 7 11 25 19 20 24 4 6 15 -1 32 3 9 28 12 27 23 8 17 1 16 14
21 29 13 9 7 30 25 16 -1 17 -1 3 8 -1 28 12 1 6 20 18 11 22 0 2 5 4 15 26 24 23 10 19 27 14 31 32
3 14 27 30 29 8 16 0 9 -1 24 2 26 6 15 28 17 12 18 31 22 32 10 1 11 23 21 20 25 7 -1 4 13 5 -1 19
12 15 22 24 11 16 7 8 18 -1 1 29 31 0 28 14 25 -1 27 30 20 6 -1 9 3 26 4 23 13 32 5 2 21 10 17 19
26 6 0 21 25 12 22 29 4 10 19 9 30 31 -1 11 24 5 7 1 27 14 17 20 16 32 -1 3 15 13 2 28 -1 8 18 23
-1 13 24 9 3 1 27 22 4 28 26 10 5 7 21 18 31 30 15 6 23 -1 25 20 29 14 19 0 16 17 2 12 11 32 8 -1
0 26 25 28 3 24 15 2 -1 10 13 16 12 14 9 11 5 7 -1 23 30 -1 18 6 21 29 8 19 20 17 1 22 31 27 4 32
12 16 4 30 9 -1 2 0 18 6 15 14 20 8 5 19 29 -1 1 31 3 17 28 26 11 22 27 24 32 7 -1 13 21 23 25 10
9 24 22 21 28 11 -1 27 1 13 19 23 20 6 7 16 17 -1 0 3 30 29 -1 15 2 10 8 12 4 14 18 5 31 26 32 25
20 9 23 28 14 30 32 18 3 12 8 27 25 21 10 2 16 -1 5 22 19 31 4 11 -1 -1 1 24 13 29 15 6 7 17 26 0
15 2 24 0 23 20 12 10 28 -1 -1 25 31 29 8 6 32 3 26 27 5 9 22 4 19 21 -1 14 1 11 7 17 30 13 18 16
23 11 15 2 26 14 30 17 4 29 16 -1 13 7 21 19 12 27 25 -1 0 31 22 -1 1 5 10 20 28 18 6 3 9 8 24 32
28 6 17 24 30 32 12 14 19 20 23 2 26 25 29 5 8 22 16 11 27 21 31 -1 0 13 3 4 10 1 9 -1 18 7 15 -1
24 29 -1 5 11 -1 14 27 10 7 0 20 23 12 21 16 26 30 6 1 8 9 3 22 -1 18 15 31 2 28 32 4 17 25 13 19
3 27 12 5 16 24 2 13 21 7 28 26 32 9 25 22 6 19 15 17 18 10 1 -1 8 4 31 -1 23 14 -1 11 20 29 30 0
1 31 -1 8 18 5 2 32 16 -1 25 9 7 4 17 0 12 29 10 6 24 14 19 -1 30 22 11 15 26 13 23 3 21 28 27 20
13 12 2 18 16 7 9 31 4 32 5 3 14 -1 27 20 11 25 28 21 8 -1 10 0 15 29 6 17 30 1 19 -1 23 22 24 26
8 22 16 30 6 28 10 -1 0 20 18 17 2 24 3 11 29 31 7 9 1 25 23 14 15 19 26 -1 12 13 -1 5 27 32 4 21
32 12 26 8 19 28 17 3 11 4 0 2 7 15 -1 14 9 21 18 31 13 16 1 24 6 20 27 -1 23 5 25 29 22 10 30 -1
5 23 3 13 6 2 11 4 7 20 12 8 18 25 10 -1 0 14 -1 26 24 15 29 9 22 30 28 21 -1 19 32 27 31 1 16 17
24 14 19 29 6 27 26 3 11 28 30 15 -1 16 31 17 7 8 10 12 0 20 22 13 32 21 -1 1 5 25 23 4 -1 9 2 18
14 16 21 22 26 18 12 20 -1 32 11 23 10 29 5 19 27 4 7 0 3 24 6 1 17 9 8 2 13 -1 30 -1 28 25 31 15
19 29 4 31 30 0 27 1 16 14 6 28 20 22 8 11 -1 32 -1 17 18 5 12 13 26 21 23 9 15 24 7 2 3 25 -1 10
32 31 30 21 8 29 5 -1 4 7 14 20 9 28 18 1 22 24 3 11 2 -1 12 0 -1 19 25 16 23 10 15 6 26 17 27 13
1 28 5 7 2 15 12 3 18 10 4 31 24 -1 17 9 6 30 8 19 27 25 13 16 -1 11 -1 32 14 21 26 23 20 22 29 0
18 20 4 25 28 9 11 6 29 8 10 27 24 32 13 0 7 16 5 23 15 -1 14 30 31 3 22 19 21 1 -1 12 2 -1 26 17
19 20 32 16 -1 11 9 27 23 3 25 26 1 4 29 6 2 31 15 7 14 13 17 -1 22 30 -1 18 12 21 8 5 28 0 24 10
23 21 7 19 13 -1 2 22 32 9 5 3 26 16 14 31 -1 12 1 18 8 6 28 30 10 4 29 -1 11 17 27 25 15 24 20 0
6 2 20 8 22 31 28 14 0 13 1 26 11 29 25 9 23 18 -1 5 19 -1 30 12 10 3 -1 7 15 32 17 27 24 4 16 21
25 29 8 17 3 16 1 23 -1 30 9 18 -1 28 24 4 5 11 7 32 6 22 13 10 -1 26 19 21 2 12 15 14 27 20 31 0
20 27 -1 17 32 5 10 -1 24 29 8 2 12 3 28 19 26 23 25 4 14 21 1 -1 16 18 13 9 15 30 0 6 11 22 7 31
32 2 22 31 20 27 10 -1 15 4 28 30 14 19 11 8 12 1 -1 0 25 5 9 29 7 -1 21 13 18 24 26 16 6 17 23 3
11 25 3 9 17 13 16 -1 -1 1 10 15 19 20 0 32 2 7 6 22 26 12 8 30 21 27 24 4 5 -1 14 23 29 31 18 28
15 -1 16 29 2 19 5 13 9 27 23 0 -1 24 17 -1 4 14 3 7 1 31 22 18 26 10 8 28 11 6 32 30 12 20 25 21
5 14 29 21 9 20 2 -1 19 3 16 -1 27 28 30 11 7 4 13 10 22 26 24 15 0 32 17 6 18 12 8 -1 1 23 25 31
23 10 18 30 26 3 8 15 2 20 7 11 -1 4 9 13 14 17 27 32 28 25 22 -1 0 12 16 24 -1 31 21 19 5 1 6 29
-1 25 7 32 3 17 30 13 0 -1 10 31 16 20 21 23 9 26 29 4 22 24 8 -1 2 11 28 5 12 6 18 19 27 1 14 15
24 20 29 28 1 0 30 19 8 13 16 27 -1 31 2 -1 -1 14 11 12 25 9 22 5 32 23 7 26 18 17 15 21 3 4 6 10
30 18 6 16 10 14 -1 23 21 22 -1 19 25 29 3 17 26 20 4 24 9 12 32 2 31 15 27 1 11 5 28 7 13 8 -1 0
-1 13 3 26 17 30 31 22 24 1 32 19 4 15 27 28 7 21 18 11 23 10 25 14 0 29 16 20 -1 12 9 5 2 6 -1 8
3 17 32 15 30 14 12 26 6 25 23 8 -1 21 2 20 -1 31 1 19 0 18 22 28 13 27 24 7 9 16 -1 11 29 10 5 4
20 9 10 1 24 31 18 13 26 32 17 4 11 6 -1 28 23 -1 29 8 30 7 25 12 14 3 5 16 21 19 22 2 0 -1 15 27
29 2 14 8 5 10 18 -1 30 27 21 7 4 3 23 24 13 31 28 19 15 1 20 6 16 17 12 -1 0 26 22 25 32 9 -1 11
1 5 6 15 22 25 21 13 27 8 23 18 31 28 26 19 29 16 -1 30 2 4 11 -1 0 17 32 9 12 14 -1 20 10 7 24 3
15 21 32 17 -1 13 16 5 10 31 1 26 -1 12 19 22 30 3 20 6 9 18 14 25 7 27 8 11 28 24 0 4 29 -1 23 2
22 7 -1 28 4 10 13 20 26 14 -1 31 5 16 17 1 29 11 24 30 0 8 32 18 21 12 23 6 2 19 27 15 -1 25 3 9
15 5 10 4 25 32 27 30 18 22 -1 28 0 29 31 16 24 19 -1 6 -1 8 2 20 21 11 26 14 3 17 12 7 1 13 23 9
20 15 26 23 3 9 18 28 13 5 -1 11 8 1 24 14 21 2 6 25 4 16 22 27 10 30 31 -1 29 7 -1 19 17 12 32 0
27 7 12 16 13 8 22 28 17 3 -1 31 1 32 5 26 10 0 21 19 4 25 2 20 9 6 14 11 18 23 29 24 -1 30 -1 15
-1 19 10 32 31 24 0 21 6 22 4 17 9 14 15 5 29 -1 2 18 1 30 12 28 8 -1 7 26 11 25 16 3 27 20 23 13
-1 7 29 31 -1 13 10 11 26 5 2 17 14 9 12 8 24 30 32 28 21 -1 18 6 25 15 23 16 1 22 3 27 0 19 20 4
6 27 14 3 19 32 29 7 31 17 -1 0 2 4 22 16 12 13 15 21 -1 20 30 -1 5 26 24 1 28 23 18 25 8 9 11 10
7 0 18 -1 24 22 11 19 3 27 13 20 -1 12 30 8 16 -1 32 26 31 15 2 1 4 6 17 9 28 23 21 14 29 25 10 5
23 31 9 28 26 14 10 24 22 16 1 8 15 -1 11 25 32 17 4 19 12 5 3 20 21 18 -1 13 0 6 -1 2 7 29 30 27
14 13 4 7 0 1 31 29 11 5 18 -1 28 2 19 17 9 23 26 22 6 3 30 24 21 12 -1 8 15 25 32 -1 10 27 20 16
30 8 16 32 12 6 11 23 -1 24 26 13 7 15 17 14 1 19 27 5 29 0 4 22 28 2 10 9 18 25 -1 20 -1 31 21 3
6 20 24 3 16 22 13 21 31 14 8 26 -1 25 17 1 18 15 19 2 28 -1 27 32 9 23 11 5 0 10 -1 12 7 29 4 30
14 28 31 2 21 27 4 26 10 30 32 23 13 22 0 1 25 17 18 11 16 3 20 24 5 7 6 12 -1 -1 -1 19 29 9 8 15
1 9 -1 32 21 25 22 14 19 27 5 -1 3 20 28 7 6 10 11 2 16 -1 12 29 0 24 17 30 15 4 18 8 23 13 31 26
4 1 26 5 2 17 10 21 30 18 22 19 3 7 13 9 29 24 28 15 11 27 0 23 16 -1 8 31 -1 32 20 12 25 -1 6 14
13 12 17 28 21 2 10 31 -1 25 26 30 -1 20 15 1 18 -1 22 16 6 3 29 23 5 9 24 8 7 11 19 14 32 27 0 4
29 -1 22 4 2 15 12 7 10 1 24 30 18 8 32 23 25 26 28 5 11 14 9 16 0 -1 20 3 6 -1 21 19 31 13 17 27
15 31 26 21 22 7 20 17 13 1 11 30 14 16 32 27 8 10 5 23 -1 25 9 29 -1 19 28 3 18 -1 12 6 24 4 2 0
19 4 2 12 10 8 -1 -1 -1 22 14 25 20 18 27 7 15 23 0 31 1 28 29 6 21 5 24 9 3 26 16 32 17 13 11 30
21 1 0 8 12 30 7 10 -1 -1 2 4 9 28 31 32 17 -1 6 25 14 3 20 15 24 16 5 11 19 22 27 23 13 18 26 29
18 1 -1 17 8 -1 27 28 7 6 16 30 23 -1 20 32 4 9 29 10 5 21 19 3 11 13 15 14 12 26 2 22 25 24 31 0
7 28 -1 4 32 15 0 27 16 -1 9 11 5 30 21 14 18 23 1 3 2 -1 13 20 10 22 25 19 31 6 17 29 26 12 24 8
7 3 17 23 -1 22 31 20 5 9 2 18 1 12 4 10 26 13 8 32 24 27 -1 25 28 16 19 15 14 6 29 0 -1 11 30 21
29 16 4 23 15 9 21 10 12 27 3 2 -1 22 32 26 24 19 0 25 11 14 1 20 31 8 -1 28 6 17 18 30 5 13 7 -1
22 20 -1 26 25 12 15 14 10 1 -1 21 29 13 5 19 3 23 16 28 2 9 32 6 4 31 8 17 27 30 -1 24 18 0 7 11
1 8 -1 29 2 17 21 5 31 13 19 25 3 23 15 32 20 9 27 10 -1 22 16 24 28 0 11 4 6 26 7 12 14 18 30 -1
22 29 6 20 7 9 11 -1 5 12 4 17 3 23 14 19 31 15 1 -1 27 16 10 -1 13 30 24 0 18 28 2 32 21 8 26 25
-1 18 9 -1 25 4 32 24 29 16 -1 3 6 26 10 14 11 23 27 31 5 2 22 19 8 1 20 0 12 28 30 21 7 17 15 13
23 14 26 27 28 -1 10 32 6 29 -1 13 12 15 5 8 1 30 9 7 0 25 3 22 19 16 2 17 18 4 31 20 11 -1 24 21
10 20 4 29 14 2 32 0 23 7 15 1 28 3 13 21 -1 26 17 19 12 6 18 25 16 -1 24 27 9 31 11 -1 30 5 22 8
5 1 -1 27 6 30 24 14 3 32 11 -1 25 13 9 17 8 0 22 -1 4 21 15 31 18 19 23 28 12 7 2 10 16 26 20 29
22 6 23 21 7 17 9 25 31 -1 15 10 26 -1 30 19 12 20 18 29 28 24 4 5 27 16 0 3 14 -1 1 32 13 8 11 2
29 27 28 5 24 2 14 3 15 13 16 21 18 30 6 32 26 23 20 10 -1 22 8 31 17 0 25 11 9 12 4 -1 1 -1 7 19
12 25 7 24 20 13 -1 30 31 4 28 0 11 32 15 10 17 3 -1 22 19 14 -1 8 21 1 5 9 18 27 23 26 16 29 2 6
15 21 19 25 18 30 3 14 26 16 13 28 27 17 31 8 0 6 10 22 29 7 4 1 11 -1 24 5 -1 9 32 12 -1 23 20 2
9 6 3 -1 22 8 16 5 -1 10 31 12 24 28 4 19 18 11 2 21 1 29 15 17 13 26 25 7 27 0 23 20 -1 32 14 30
16 3 7 11 5 14 29 -1 27 22 1 6 20 24 26 15 30 12 13 21 -1 23 32 18 2 31 19 17 0 9 -1 28 8 4 25 10
13 19 -1 0 25 3 22 14 12 1 30 -1 7 2 9 29 28 24 20 10 27 16 32 18 6 23 8 -1 26 31 11 5 15 21 17 4
-1 4 16 0 18 27 30 2 19 23 8 10 26 13 32 14 -1 17 25 22 11 29 1 5 3 24 28 9 31 12 15 -1 21 20 7 6
20 -1 0 10 17 4 14 13 11 29 22 32 28 12 8 30 18 5 26 2 3 -1 24 9 19 16 7 25 27 6 31 1 23 21 -1 15
6 3 12 30 25 28 19 21 -1 20 29 8 24 15 18 7 31 11 2 9 4 27 26 1 23 16 32 -1 0 17 14 22 -1 10 13 5
9 20 23 2 14 16 7 13 30 18 3 24 -1 -1 19 6 26 11 15 31 27 4 17 8 10 22 28 21 1 29 5 12 32 -1 25 0
9 21 7 1 2 32 6 23 12 25 17 14 15 31 -1 10 20 18 11 24 28 -1 4 5 27 3 13 8 19 -1 0 29 26 30 22 16
4 -1 7 8 18 22 0 19 2 23 20 24 26 31 27 17 5 11 15 16 1 25 3 9 -1 21 -1 30 29 13 28 14 10 6 12 32
25 31 32 1 21 19 -1 6 8 27 17 26 18 15 9 5 22 10 14 13 24 3 0 2 16 4 12 20 11 -1 7 29 28 23 -1 30
20 29 30 31 0 19 4 24 23 5 9 1 18 21 7 11 13 -1 32 22 17 10 -1 3 25 27 12 -1 26 14 8 28 2 16 15 6
31 19 32 20 3 29 16 23 21 7 27 5 10 -1 12 8 24 28 18 17 1 15 25 -1 0 4 2 11 14 22 9 -1 6 13 30 26
25 -1 11 13 23 12 21 28 0 9 27 3 22 7 -1 26 20 17 6 19 10 2 30 4 32 18 24 -1 1 14 5 31 15 16 8 29
31 0 22 4 14 26 -1 9 28 18 15 17 3 32 8 10 1 5 25 6 23 -1 19 24 16 30 13 20 11 29 2 7 12 27 -1 21
8 17 23 19 0 18 11 6 4 15 -1 26 29 3 31 32 -1 27 7 16 28 10 30 12 25 14 1 21 5 13 9 -1 2 24 20 22
6 -1 29 13 7 24 14 27 8 2 28 11 18 9 12 26 4 30 19 3 5 22 23 -1 21 32 10 25 20 31 16 -1 17 1 15 0
-1 18 24 23 6 28 9 -1 26 19 29 14 22 1 10 3 16 30 13 31 4 11 32 7 27 21 15 -1 0 5 8 2 20 17 25 12
25 27 19 16 28 22 26 1 20 10 5 2 12 0 -1 -1 13 8 32 11 3 18 15 17 4 -1 29 14 6 21 7 23 24 31 9 30
10 -1 18 8 2 24 7 20 11 1 -1 31 9 6 30 0 28 13 4 3 27 19 17 26 32 22 12 14 5 -1 23 16 25 29 15 21
13 10 2 -1 14 9 6 21 25 8 30 -1 18 11 19 -1 5 22 23 20 29 15 26 17 31 1 3 12 0 27 16 7 4 32 24 28
-1 15 18 6 16 7 8 22 28 30 1 20 4 3 -1 11 13 25 27 9 24 2 32 0 17 26 -1 23 12 19 29 10 21 5 14 31
-1 30 12 0 25 16 7 14 9 26 13 15 28 29 18 22 6 11 24 1 3 -1 -1 17 27 19 4 10 20 8 32 2 23 5 31 21
2 11 -1 8 13 -1 27 10 14 30 12 -1 26 5 20 23 16 25 19 31 15 7 29 32 24 3 17 4 0 22 1 18 21 9 28 6
26 2 27 6 5 7 16 18 20 4 12 -1 11 25 32 1 -1 13 22 28 8 -1 30 17 31 24 10 0 23 9 3 29 19 21 14 15
3 30 8 26 32 10 15 13 18 22 1 -1 19 5 6 9 16 7 25 12 20 2 21 -1 4 28 31 17 24 27 -1 14 11 23 0 29
20 16 26 4 29 2 -1 10 12 3 1 8 27 15 9 11 17 22 21 5 23 30 25 0 19 6 24 -1 32 13 18 -1 7 14 28 31
6 9 2 26 5 7 4 31 15 11 0 19 14 8 27 -1 24 29 1 21 -1 25 13 10 20 28 12 -1 30 17 3 16 23 32 18 22
30 2 12 14 0 19 5 16 23 -1 7 22 1 4 20 17 18 25 6 21 31 -1 15 3 9 32 26 27 13 -1 11 28 8 10 24 29
29 17 13 8 -1 2 25 1 11 12 19 28 9 32 7 -1 6 18 30 -1 0 23 3 24 15 22 10 16 4 26 21 14 31 27 20 5
8 31 17 15 28 26 -1 21 2 27 20 0 11 -1 23 13 5 16 12 24 1 9 25 10 19 32 7 3 14 18 4 22 30 29 6 -1
8 25 32 17 14 -1 27 21 31 28 2 5 13 22 0 -1 6 30 29 9 16 3 4 -1 23 10 1 24 15 11 20 7 18 12 26 19
18 0 17 3 7 23 21 10 1 22 -1 19 25 6 20 29 14 31 -1 26 9 4 27 28 -1 30 32 15 13 2 12 11 16 24 8 5
29 10 12 18 4 6 32 13 30 15 27 17 -1 21 24 5 22 16 3 9 0 31 28 7 14 -1 8 19 20 26 -1 11 2 23 1 25
6 4 0 25 24 11 15 5 26 30 -1 10 17 28 8 12 7 32 18 31 -1 2 9 19 13 16 14 1 21 -1 3 23 22 27 20 29
10 27 14 17 13 5 32 18 12 6 25 -1 8 21 0 22 29 20 7 31 4 28 3 2 24 15 1 26 30 -1 -1 23 16 11 9 19
21 32 18 -1 -1 25 12 22 5 20 11 2 26 0 6 29 30 10 4 17 28 31 27 -1 23 7 24 15 13 3 1 9 16 19 14 8
0 8 -1 29 32 4 2 7 31 18 30 26 22 1 19 12 3 27 16 -1 21 6 9 11 5 -1 14 23 25 10 15 13 28 20 17 24
20 8 16 26 19 6 29 25 17 31 30 21 10 5 14 -1 9 -1 23 0 18 15 27 1 12 2 7 4 11 28 3 13 22 32 24 -1
0 22 28 27 29 31 4 -1 11 25 21 26 8 32 10 -1 -1 13 6 5 24 17 16 9 19 18 20 23 1 3 15 2 14 12 30 7
9 32 22 -1 30 31 2 19 -1 12 6 3 27 25 11 14 26 29 10 28 23 21 4 1 17 7 5 20 16 24 -1 13 0 18 15 8
9 28 24 12 30 31 13 21 8 0 3 2 26 -1 7 18 5 14 20 27 10 29 4 1 -1 -1 19 6 22 16 32 25 15 17 11 23
26 16 12 10 19 23 25 -1 30 28 22 0 17 7 4 15 6 11 31 13 27 3 -1 14 29 9 21 32 2 -1 1 18 24 20 5 8
22 -1 20 2 17 3 11 14 30 7 19 32 8 28 18 6 9 13 27 -1 16 23 24 26 25 31 0 4 21 12 1 5 15 29 10 -1
11 31 22 5 19 6 14 10 12 8 26 4 -1 2 24 7 21 -1 16 20 -1 29 27 28 3 23 30 18 9 0 32 17 15 25 13 1
16 13 23 30 7 -1 8 2 25 22 10 24 28 19 31 17 6 -1 12 -1 15 4 27 3 32 20 1 9 26 5 29 14 0 18 11 21
22 16 27 21 31 18 28 14 32 12 23 11 17 2 25 9 1 3 13 0 29 8 -1 -1 -1 4 7 10 26 20 5 30 15 6 19 24
2 16 23 12 6 27 30 3 1 0 21 31 15 13 28 26 18 32 -1 22 25 17 20 14 29 19 4 8 7 -1 -1 11 24 10 5 9
18 30 6 26 -1 3 25 2 17 -1 24 20 9 12 10 32 13 22 29 28 16 7 14 21 8 5 23 11 -1 31 19 4 1 15 0 27
13 6 20 25 22 28 30 7 5 18 31 10 -1 32 15 14 3 21 9 11 16 23 0 27 -1 24 1 8 12 29 4 -1 19 17 26 2
26 30 8 27 19 13 15 32 -1 -1 7 3 22 28 25 31 5 20 23 11 18 12 21 9 2 6 14 24 29 10 1 16 4 -1 0 17
26 29 28 20 9 22 21 -1 23 13 32 2 5 24 12 1 14 11 4 8 -1 17 15 19 31 0 30 7 -1 18 25 10 27 3 16 6
19 15 4 2 16 7 21 8 17 9 22 31 29 26 3 1 24 28 10 30 20 25 32 11 0 27 12 6 13 5 14 18 -1 -1 23 -1
31 29 22 13 -1 30 28 12 21 6 1 14 18 8 23 26 7 9 16 0 19 -1 27 10 20 15 -1 24 3 32 2 17 25 11 4 5
21 2 10 14 25 -1 -1 32 29 9 20 17 11 0 31 7 15 26 12 1 5 23 -1 27 30 18 4 6 28 16 8 13 22 3 24 19
26 -1 27 28 5 6 19 1 21 11 10 24 12 8 23 22 32 18 31 9 3 0 -1 7 13 29 2 15 14 16 20 25 30 -1 17 4
2 12 30 -1 25 1 18 31 7 11 14 0 5 16 9 8 32 23 29 15 28 24 22 -1 3 27 19 -1 21 26 6 10 17 20 4 13
25 27 9 -1 -1 14 8 32 0 31 2 5 17 6 16 13 28 1 26 4 18 10 12 22 30 20 7 11 3 19 21 29 24 23 -1 15
11 13 26 -1 -1 3 28 22 18 15 17 5 16 23 6 8 29 10 9 2 30 31 1 12 21 25 27 7 24 -1 19 0 14 20 32 4
1 28 0 2 19 5 -1 16 -1 14 18 25 32 10 7 20 6 21 22 11 30 3 17 9 -1 29 24 15 27 26 4 12 23 13 31 8
26 -1 31 16 -1 12 32 10 13 18 6 8 5 14 25 2 28 17 0 23 19 1 30 4 15 -1 27 24 11 9 22 7 21 3 20 29
26 30 6 11 2 19 4 23 -1 29 27 16 7 15 28 3 -1 13 21 17 12 25 1 14 24 10 8 31 5 9 22 20 -1 18 32 0
22 13 3 12 26 11 8 19 23 1 24 -1 29 4 0 9 17 10 2 27 7 5 14 28 25 20 6 -1 30 32 21 -1 31 15 16 18
22 8 -1 10 2 18 12 -1 16 25 11 5 4 0 13 26 28 21 7 23 1 27 17 24 -1 9 29 31 32 30 14 6 19 20 3 15
16 9 4 2 28 12 0 8 32 22 7 21 26 18 15 3 13 25 1 20 24 -1 17 5 19 30 11 31 14 23 6 -1 29 27 10 -1
27 26 15 13 -1 16 10 29 -1 30 0 18 14 8 23 1 9 22 31 25 -1 32 28 20 5 19 7 4 3 17 11 21 2 12 6 24
13 29 15 0 32 31 27 12 -1 4 16 6 11 25 3 30 14 26 19 20 17 18 -1 9 7 8 22 2 1 28 10 -1 23 5 24 21
20 5 21 19 9 2 29 28 -1 8 13 30 4 32 6 27 31 3 12 18 0 11 24 16 15 25 -1 26 -1 7 22 23 1 14 17 10
12 24 23 -1 8 28 9 -1 3 6 17 31 16 10 0 20 1 13 25 5 -1 29 32 22 27 30 11 4 26 15 19 14 18 2 21 7
29 8 30 18 -1 19 20 9 32 2 4 13 11 28 24 17 26 31 14 27 0 25 1 12 7 -1 15 23 21 22 10 16 6 -1 3 5
12 16 14 13 -1 3 19 30 18 8 26 20 -1 22 0 9 11 21 2 23 25 1 24 17 31 29 5 27 4 28 15 7 -1 10 6 32
27 2 19 22 5 1 7 4 17 13 11 10 28 -1 25 18 20 26 3 21 30 16 0 31 8 32 12 -1 -1 6 15 14 29 23 9 24
1 6 25 -1 13 32 17 9 -1 10 23 19 30 2 11 27 5 26 16 0 28 29 18 8 12 7 14 21 4 15 31 20 3 22 24 -1
3 30 15 -1 -1 4 13 25 22 18 5 24 29 31 32 21 9 19 12 1 7 17 8 27 23 0 10 11 6 -1 26 20 14 2 16 28
27 17 19 15 -1 23 -1 24 9 20 4 16 6 1 30 7 8 22 11 5 12 29 31 14 10 -1 25 3 18 26 0 21 13 32 2 28
4 26 29 23 32 -1 -1 25 12 17 0 5 8 13 3 9 10 18 16 28 30 20 -1 22 11 6 27 1 31 15 2 19 7 21 24 14
16 26 21 27 11 8 -1 0 30 28 14 13 5 19 17 3 18 10 12 9 15 6 -1 32 1 -1 24 2 23 4 7 29 22 31 25 20
5 21 15 18 10 3 31 26 7 11 29 27 19 2 1 6 25 0 12 24 8 13 32 17 4 -1 22 9 -1 14 -1 23 20 30 28 16
19 10 31 1 30 32 5 13 26 18 17 11 6 16 12 14 25 -1 3 8 7 29 9 21 -1 27 20 0 15 24 22 4 23 -1 28 2
19 32 24 5 -1 9 13 25 31 22 28 0 8 29 -1 23 15 4 -1 10 3 18 14 27 21 17 20 1 11 2 26 30 12 6 16 7
24 -1 9 14 21 25 26 5 22 2 20 1 3 29 7 0 -1 15 13 11 8 30 16 31 18 -1 17 6 27 19 28 12 10 23 32 4
29 27 2 3 4 24 28 22 1 14 9 -1 11 30 26 7 -1 15 13 8 -1 6 19 20 16 12 21 10 17 31 5 18 25 0 32 23
-1 22 32 9 18 24 7 30 25 8 5 13 1 6 28 11 12 21 23 3 0 4 -1 19 15 17 29 10 16 20 26 2 31 14 -1 27
19 32 18 2 3 20 0 23 11 6 -1 29 10 -1 17 27 31 1 7 15 5 22 9 26 12 24 30 4 21 13 8 28 -1 14 16 25
26 20 14 12 1 -1 22 2 9 15 27 17 3 -1 23 13 32 24 28 31 25 16 19 8 29 4 21 5 18 10 30 0 6 -1 7 11
12 3 16 29 31 8 21 22 11 28 10 9 15 24 26 4 20 2 -1 25 7 27 14 -1 6 5 18 19 32 23 1 30 13 -1 0 17
28 7 25 12 11 -1 31 32 6 14 15 23 29 9 2 5 24 18 -1 10 17 20 27 8 30 3 13 26 16 4 -1 19 1 22 21 0
9 10 11 31 18 13 14 28 27 12 4 5 24 23 -1 21 15 2 -1 8 1 0 7 32 16 3 22 29 6 17 25 30 20 19 -1 26
11 1 8 6 -1 32 24 18 30 20 23 17 16 12 5 26 3 31 25 27 10 28 -1 4 15 9 2 21 14 0 29 -1 19 13 7 22
32 11 24 30 22 20 7 15 16 -1 25 5 29 10 21 9 8 14 2 4 6 26 23 27 28 -1 12 1 13 -1 17 18 3 31 0 19
27 23 4 26 22 24 21 -1 0 -1 15 16 28 9 -1 25 30 11 19 8 18 13 32 5 12 10 17 14 6 31 3 1 29 7 2 20
6 -1 19 0 15 25 14 29 10 22 13 26 4 30 3 7 18 21 24 -1 12 23 16 11 27 8 28 1 -1 32 17 2 5 31 20 9
29 8 30 -1 -1 18 11 32 1 14 16 24 12 28 19 7 20 3 23 21 25 5 17 6 22 15 13 4 9 31 2 0 -1 27 10 26
-1 3 10 1 7 27 29 16 17 28 15 30 23 18 21 8 22 20 5 24 13 4 11 0 -1 19 31 14 2 26 32 12 9 6 -1 25
-1 23 17 32 5 20 30 19 16 13 27 6 1 28 21 25 10 9 22 8 15 11 24 29 -1 4 14 26 2 3 0 31 12 18 7 -1
15 9 31 28 32 14 19 25 6 20 18 23 -1 5 3 17 7 4 21 -1 29 12 11 16 13 -1 0 22 1 27 10 2 26 8 30 24
31 32 -1 1 20 14 9 11 15 30 -1 22 29 18 3 -1 19 4 26 13 21 5 6 0 23 27 24 16 12 2 10 8 7 28 25 17
6 23 14 9 21 -1 -1 25 26 17 4 1 3 19 24 13 -1 12 10 29 18 8 7 11 16 28 15 27 31 32 2 20 5 0 22 30
25 14 9 7 27 3 15 11 13 -1 26 19 4 -1 32 23 16 0 -1 10 31 21 2 30 17 20 29 18 12 28 6 5 1 8 22 24
25 31 10 5 13 18 4 1 27 9 -1 23 3 14 30 8 7 2 19 24 28 0 17 -1 26 16 11 20 15 29 12 22 32 21 -1 6
14 30 20 26 -1 19 25 11 27 -1 2 23 8 21 12 6 5 9 10 7 28 22 -1 15 17 0 1 31 18 16 3 13 4 32 29 24
18 31 28 11 -1 22 0 15 2 12 9 23 8 20 10 5 14 30 -1 7 19 16 13 21 -1 26 6 3 17 4 29 25 1 32 27 24
31 10 17 21 29 18 9 16 23 -1 5 0 6 3 7 -1 19 4 25 8 26 13 24 14 30 -1 2 20 32 22 15 1 12 11 27 28
25 0 5 17 9 27 4 7 13 26 18 6 29 21 8 -1 22 19 14 10 15 28 -1 12 23 30 20 31 -1 24 1 3 11 2 32 16
5 8 27 16 9 18 28 1 -1 10 3 12 32 25 7 11 20 24 22 19 13 -1 31 4 30 0 14 6 29 2 23 17 21 15 26 -1
23 30 27 -1 1 32 5 21 10 19 2 11 14 25 4 9 12 20 26 3 28 15 13 31 17 6 16 29 8 22 7 24 0 18 -1 -1
16 22 25 7 20 1 26 5 -1 19 9 27 3 32 2 11 0 13 28 23 18 12 -1 31 14 30 -1 21 10 4 15 24 6 17 29 8
2 25 8 15 7 9 27 21 18 11 23 -1 17 22 0 19 16 -1 31 32 5 4 30 10 29 -1 13 24 6 12 14 26 1 3 28 20
4 -1 -1 0 18 -1 11 24 9 14 29 15 13 17 30 7 32 6 5 21 12 27 1 3 20 28 23 25 22 31 10 16 19 26 2 8
-1 12 32 23 4 22 25 -1 0 16 21 27 19 20 28 1 18 5 24 6 10 17 30 31 -1 11 13 8 29 15 7 14 26 2 3 9
19 16 11 13 1 12 29 -1 2 32 5 20 22 10 4 6 14 7 24 30 28 8 15 0 31 26 27 9 21 -1 23 18 17 -1 25 3
8 31 3 0 -1 11 -1 21 4 1 28 30 32 15 -1 24 25 2 22 17 7 6 12 14 20 10 23 26 18 29 16 5 19 13 27 9
6 27 13 30 28 -1 18 8 3 4 26 11 20 -1 19 7 29 31 0 17 14 32 9 5 15 10 21 23 12 -1 1 16 2 25 24 22
32 22 21 8 20 15 11 4 17 -1 31 10 2 3 14 1 25 27 30 18 28 5 7 29 23 19 12 24 26 -1 13 6 9 -1 0 16
16 2 11 -1 20 25 14 3 17 18 10 19 23 26 31 22 0 8 6 4 28 1 -1 21 27 12 30 29 15 -1 5 7 32 13 9 24
21 7 27 5 0 10 16 6 12 28 1 20 9 19 32 -1 25 2 8 3 30 18 11 -1 24 22 -1 23 29 31 14 26 4 13 15 17
6 7 32 5 15 1 22 19 8 18 20 4 0 10 21 3 12 27 2 -1 17 13 23 28 -1 16 25 29 11 9 -1 24 31 26 14 30
22 -1 28 19 23 13 14 25 2 -1 3 4 0 10 5 18 30 20 1 21 29 16 27 15 26 24 11 6 17 8 12 7 31 -1 9 32
26 12 24 29 25 11 -1 14 27 3 -1 7 23 2 22 19 17 1 13 30 21 -1 15 9 0 8 31 6 16 32 18 5 10 28 4 20
22 11 23 16 19 14 32 30 18 1 2 9 7 5 -1 20 31 25 28 24 13 17 15 6 29 8 3 27 -1 4 10 -1 26 0 12 21
12 2 14 25 17 23 -1 19 21 28 1 -1 10 15 6 0 18 8 3 22 30 29 4 16 31 11 -1 32 20 13 26 5 27 9 24 7
16 6 30 24 29 -1 3 19 26 31 12 7 9 5 25 22 8 32 -1 2 27 20 11 10 15 21 14 -1 1 28 0 18 13 17 4 23
18 3 11 22 8 17 23 21 30 28 7 32 24 25 16 14 31 0 20 -1 26 4 -1 15 27 5 13 6 19 9 29 12 1 -1 2 10
17 28 14 -1 24 4 5 3 26 20 23 9 6 15 12 10 11 18 -1 -1 27 16 25 29 32 0 2 8 7 19 31 1 22 21 30 13
0 13 28 17 1 20 32 11 12 30 18 6 4 2 26 9 -1 5 16 14 7 27 31 -1 24 15 19 3 29 8 23 10 21 22 25 -1
14 20 30 25 23 22 26 -1 5 -1 3 31 8 29 15 27 0 21 16 7 11 32 4 10 2 18 24 28 17 1 9 -1 13 19 6 12
32 19 20 -1 4 18 -1 25 -1 28 3 31 1 13 24 30 0 12 26 22 10 11 27 29 7 14 5 16 23 6 8 21 9 17 2 15
24 4 21 13 16 23 9 29 17 31 25 5 27 28 3 20 8 10 0 30 22 6 2 19 12 15 1 14 18 7 -1 -1 26 32 -1 11
24 8 2 11 7 29 6 22 16 10 31 20 -1 3 23 -1 9 4 18 5 26 13 1 -1 30 12 17 21 14 28 19 27 32 0 25 15
29 19 1 27 23 8 24 21 9 -1 18 0 -1 3 26 25 17 4 20 28 22 31 11 14 32 30 12 2 16 13 6 10 7 -1 5 15
3 8 30 31 -1 -1 24 18 16 1 14 23 19 17 28 26 32 15 25 9 11 29 10 6 27 4 -1 0 13 21 12 2 20 7 5 22
24 30 20 16 5 26 -1 13 6 29 2 12 0 18 -1 32 10 3 31 7 11 1 21 8 9 14 19 17 25 -1 23 27 4 28 15 22
3 5 12 24 8 23 17 26 31 27 6 0 32 19 13 15 -1 30 -1 16 11 9 7 1 28 4 29 10 14 21 2 -1 20 22 18 25
24 -1 -1 5 28 17 13 11 8 29 18 20 7 21 30 12 4 22 14 31 23 9 3 19 25 32 16 15 10 27 -1 2 0 26 6 1
0 13 25 8 9 17 27 18 1 5 7 30 16 2 26 15 32 3 6 21 11 10 12 -1 29 22 24 19 23 31 -1 -1 4 14 20 28
20 19 16 25 -1 6 27 14 7 4 23 29 12 32 22 2 10 0 -1 21 -1 13 1 9 5 17 30 11 3 8 15 28 26 31 24 18
1 20 11 10 32 25 0 17 4 -1 27 21 7 23 8 6 9 5 18 28 14 29 31 3 24 16 -1 2 19 15 13 12 -1 26 22 30
15 30 5 -1 0 10 19 -1 22 9 31 20 23 4 12 26 18 14 28 27 32 24 25 7 29 21 3 13 11 6 -1 1 8 16 2 17
23 7 32 -1 31 25 -1 27 3 30 9 22 15 4 14 0 10 11 19 13 29 18 24 5 12 21 17 20 16 26 6 8 1 -1 2 28
8 28 16 27 -1 3 15 21 10 6 29 -1 26 12 4 22 25 11 5 0 19 18 23 30 17 24 31 14 9 13 32 -1 1 20 7 2
22 3 31 13 10 18 25 27 2 32 21 -1 -1 11 14 29 23 5 20 7 19 28 1 -1 4 24 30 16 8 12 9 6 0 26 17 15
10 11 26 7 18 30 13 16 9 29 25 19 8 20 0 24 4 3 22 -1 32 27 -1 14 31 23 17 -1 12 6 28 5 15 21 2 1
25 20 -1 8 9 -1 23 17 12 11 27 1 15 10 29 22 14 26 3 16 28 0 2 4 21 30 19 6 5 13 31 18 -1 7 24 32
9 28 4 -1 10 1 17 -1 18 19 11 14 26 5 31 2 6 0 27 23 22 30 20 24 16 12 -1 13 32 7 8 21 25 3 29 15
31 7 16 8 6 3 9 27 23 24 15 -1 13 12 22 4 5 1 20 21 19 17 25 14 10 -1 11 29 26 0 32 30 28 18 -1 2
28 22 1 26 8 16 25 -1 0 3 4 18 21 32 15 6 30 9 23 2 19 -1 7 11 13 27 5 31 10 29 -1 20 17 12 14 24
25 32 16 13 18 8 27 19 12 23 0 7 -1 20 -1 2 15 3 4 14 24 6 21 11 28 31 22 17 1 29 30 26 10 -1 9 5
29 19 8 20 30 6 23 28 1 21 13 9 4 2 12 7 31 3 -1 14 15 25 27 0 16 32 -1 17 22 10 24 11 5 18 -1 26
25 -1 11 19 -1 0 22 6 12 9 32 27 30 13 8 16 23 17 4 15 18 21 29 20 31 26 -1 24 14 10 1 7 28 2 3 5
19 24 29 0 3 8 9 14 2 13 27 16 23 4 17 -1 30 22 11 21 1 18 31 6 12 32 28 26 -1 15 5 25 20 7 10 -1
8 7 30 12 13 14 17 6 24 4 -1 20 23 31 27 19 15 29 9 16 22 -1 18 3 28 5 32 10 11 1 25 26 21 2 0 -1
22 2 28 18 15 21 32 -1 10 25 4 -1 6 14 12 23 13 19 20 9 0 8 -1 11 3 1 26 29 16 24 7 5 17 30 31 27
12 4 17 19 16 27 6 0 -1 9 22 15 13 8 18 23 26 -1 31 30 29 32 7 11 20 1 5 10 -1 28 3 21 2 14 25 24
26 24 3 9 14 -1 23 25 6 7 32 0 27 -1 21 16 17 28 29 10 5 1 18 4 13 20 12 30 15 31 -1 2 8 19 11 22
12 11 19 0 23 21 15 31 18 3 14 26 4 27 28 32 2 6 13 1 7 29 30 22 24 16 5 20 25 -1 -1 -1 9 17 8 10
13 15 -1 21 12 32 -1 2 11 8 22 6 31 18 24 29 20 7 14 17 5 1 3 25 19 9 10 16 28 4 0 -1 26 23 27 30
6 32 10 13 0 16 1 28 30 25 19 5 15 31 2 3 20 29 -1 18 12 4 27 -1 8 21 23 22 17 24 7 -1 26 14 9 11
4 14 29 12 -1 0 32 6 18 27 8 1 15 31 23 26 -1 19 13 10 21 -1 9 22 7 5 24 17 20 30 11 16 25 3 28 2
29 16 5 0 -1 14 25 24 6 30 1 23 9 20 12 8 3 32 11 31 19 22 4 2 26 27 -1 -1 13 18 10 7 28 15 17 21
3 21 0 9 24 1 13 6 10 22 -1 27 4 32 16 11 14 12 2 15 5 26 8 17 25 18 29 19 31 -1 28 23 -1 7 30 20
28 -1 21 -1 8 19 12 10 0 22 18 4 9 15 -1 13 20 6 1 31 17 30 23 24 2 29 11 32 27 16 5 7 3 14 25 26
13 1 25 -1 29 12 31 20 6 16 11 10 8 5 9 4 18 27 22 15 30 14 26 -1 24 21 23 -1 19 32 3 28 7 17 2 0
8 12 4 11 24 5 25 -1 3 31 1 30 7 10 21 18 20 28 17 -1 6 13 16 27 29 26 0 -1 23 19 32 9 15 2 14 22
23 24 21 29 -1 9 20 22 30 8 14 31 32 2 -1 27 6 5 17 16 11 26 12 -1 4 7 1 3 15 13 28 25 18 0 10 19
27 12 -1 4 15 8 21 3 24 -1 6 19 18 20 30 31 26 5 13 1 25 -1 22 9 0 7 10 23 17 11 32 28 14 29 2 16
25 29 9 15 19 18 8 26 21 0 22 10 13 -1 32 11 -1 1 5 7 23 2 -1 16 4 20 14 12 24 6 27 28 31 30 3 17
19 27 11 28 7 21 16 -1 8 22 13 24 15 9 4 -1 6 29 12 5 10 18 -1 17 1 20 31 26 0 30 32 23 3 25 14 2
32 20 0 1 -1 2 28 8 22 6 -1 12 3 15 29 25 14 27 21 5 4 11 26 10 7 19 24 13 9 31 23 18 30 16 -1 17
13 20 31 18 0 32 29 14 2 24 9 6 22 30 26 28 -1 16 1 12 5 -1 10 4 17 15 21 -1 8 25 7 3 23 11 27 19
27 20 16 15 12 32 0 1 25 24 22 5 30 8 28 11 31 10 29 -1 21 18 19 -1 23 2 13 26 7 9 14 6 17 4 3 -1
27 30 21 31 6 -1 8 26 0 15 4 14 -1 11 10 18 1 12 20 17 7 22 16 24 28 5 19 13 25 3 23 32 29 2 -1 9
14 9 1 16 2 26 6 22 30 15 25 18 8 -1 29 17 32 13 11 21 23 20 12 3 28 4 19 5 27 24 31 7 10 -1 -1 0
26 3 28 5 30 8 31 -1 15 32 17 25 22 6 18 2 11 23 10 14 9 21 29 4 7 1 27 12 19 24 16 -1 13 0 20 -1
15 21 6 18 4 27 25 3 0 24 29 9 16 -1 26 31 -1 12 30 23 2 5 13 -1 8 1 20 22 17 28 7 32 10 11 19 14
0 30 4 19 32 20 13 24 25 -1 23 2 21 17 10 -1 16 29 5 28 1 11 3 27 -1 9 31 8 14 18 22 15 6 7 26 12
12 -1 -1 21 3 14 1 15 11 29 32 27 22 26 2 10 8 9 19 23 7 18 13 4 25 20 5 16 6 -1 0 28 17 30 31 24
23 22 17 12 8 2 27 0 10 19 1 9 -1 14 29 3 25 6 24 30 18 16 13 28 4 -1 5 -1 32 7 31 11 26 21 15 20
6 16 32 -1 29 23 5 13 19 15 0 11 22 21 10 26 27 24 30 2 17 25 14 28 31 20 7 4 3 1 -1 8 -1 9 18 12
22 20 10 26 11 23 25 32 30 14 13 18 24 9 21 19 6 7 -1 0 16 15 5 -1 27 4 12 3 29 17 8 -1 2 31 1 28
2 1 19 26 -1 20 5 9 17 0 16 4 7 -1 31 22 24 32 11 6 13 3 15 10 21 23 -1 8 28 25 12 27 14 29 30 18
1 29 16 11 -1 15 28 -1 2 13 7 3 14 23 0 9 32 21 27 20 8 30 12 26 18 31 22 5 24 25 19 -1 4 6 17 10
7 22 1 2 24 9 12 0 3 11 20 16 6 21 5 14 29 10 31 13 8 19 30 25 17 4 -1 26 18 27 -1 28 32 15 23 -1
6 4 28 23 -1 13 3 25 1 10 16 20 2 11 0 32 27 22 8 15 -1 24 31 26 18 5 12 9 -1 30 17 19 21 7 14 29
0 23 6 27 16 20 -1 -1 5 -1 26 32 19 8 30 31 4 24 21 7 28 1 18 25 14 10 9 12 15 29 17 3 22 2 11 13
22 6 5 23 8 14 17 28 11 9 25 -1 -1 21 26 19 31 29 24 16 10 27 20 -1 30 1 18 13 12 15 0 3 32 7 4 2
19 20 32 8 6 26 7 13 30 -1 27 5 16 14 18 11 28 -1 3 2 0 15 25 24 22 9 21 1 -1 4 17 29 12 23 10 31
9 0 3 23 29 26 31 -1 19 27 21 -1 32 12 14 13 16 20 4 30 8 7 28 25 1 11 17 18 2 15 10 -1 24 5 22 6
30 7 29 8 15 3 -1 0 18 28 20 21 23 12 24 17 6 32 16 27 5 31 14 19 25 26 -1 -1 13 11 9 22 1 10 2 4
1 27 7 29 21 17 11 31 12 25 2 15 24 28 -1 14 23 9 -1 19 26 3 18 22 -1 16 30 6 10 0 32 4 5 8 20 13
14 7 21 11 24 0 8 -1 25 31 15 9 12 20 2 13 19 1 22 18 29 17 28 -1 6 -1 32 3 26 16 4 27 10 30 5 23
-1 -1 14 0 20 21 5 9 22 4 2 23 3 10 -1 12 26 27 18 29 8 16 13 31 28 7 19 17 15 32 6 11 25 1 30 24
16 -1 25 10 1 29 19 6 4 -1 22 8 28 12 18 7 20 30 24 3 11 32 2 -1 21 27 0 26 9 5 15 13 17 31 23 14
10 19 12 15 -1 20 -1 29 9 11 8 22 31 2 30 21 26 0 17 14 3 -1 1 4 6 25 32 28 27 16 5 23 13 18 24 7
26 29 7 31 20 17 2 0 5 1 25 13 6 27 4 19 30 8 14 3 -1 24 21 32 10 15 9 28 18 11 22 23 -1 -1 16 12
10 25 -1 19 17 24 22 4 31 29 15 6 23 27 14 28 5 -1 12 30 2 0 16 -1 20 7 32 1 9 13 11 26 21 18 8 3
22 2 19 6 -1 13 29 8 15 -1 21 20 25 24 18 -1 1 17 7 9 12 11 32 27 0 10 28 4 3 30 23 16 5 14 26 31
14 10 15 32 3 27 11 1 5 17 26 24 2 18 30 29 28 8 22 9 0 25 19 23 21 31 20 -1 -1 16 4 -1 12 13 7 6
22 23 5 -1 20 24 6 18 29 14 13 7 3 25 31 17 10 2 19 8 11 1 28 -1 26 15 30 32 0 16 9 21 27 -1 12 4
2 27 24 26 13 31 23 9 10 19 30 22 12 7 15 -1 32 20 21 16 0 29 17 3 5 11 6 -1 28 -1 8 1 4 25 18 14
2 20 -1 26 18 17 -1 24 5 29 21 23 30 31 13 -1 25 7 16 10 28 15 1 0 27 12 6 14 32 11 4 22 3 19 8 9
