806745.0 0.12359773909959375
806745.0 0.11763879028080623
471723.0 0.8070561592155744
644574.0 0.43698667261426816
615024.0 0.554947522525753
554949.0 0.6114340036900533
570309.0 0.5896958559699289
674637.0 0.4062129657573739
751971.0 0.143017153628406
676557.0 0.37412190990479605
520743.0 0.6318032996944931
637032.0 0.5127263944927943
711153.0 0.3609608080758267
794511.0 0.14266787645517037
570309.0 0.5639856518680976
485625.0 0.724681106059859
634782.0 0.5522415702331119
517215.0 0.6435381040493435
725736.0 0.26375888721484164
496044.0 0.712191541552136
510573.0 0.6643909055070966
500157.0 0.6873861648350987
508917.0 0.6747827560839423
715599.0 0.30516574144841474
715599.0 0.28429227417235664
727533.0 0.25596345663272885
732417.0 0.23796385040949306
500076.0 0.7044252252326549
473838.0 0.7957906688725547
734925.0 0.2247585109268022
636078.0 0.5267564448416042
738717.0 0.19310566933106113
804357.0 0.13328211999496173
635802.0 0.5393670566053337
475449.0 0.782094684500907
479625.0 0.7372078150914146
738717.0 0.1539631030462344
734925.0 0.23300842207283365
715599.0 0.34381352950775135
798771.0 0.13777348867095704
479625.0 0.747675399878198
715599.0 0.3545594375910942
715599.0 0.31256730924527193
734925.0 0.20844281656806396
477051.0 0.7776583812626047
738717.0 0.16420555666623823
715599.0 0.33636152116096785
798033.0 0.14000432684589856
479625.0 0.7738103544454933
806595.0 0.12537913659557814
738717.0 0.18621053877818017
715599.0 0.3227106174429432
738717.0 0.17568340204545146
715599.0 0.3281167599352725
479625.0 0.755109680167678
479505.0 0.7745292462732013
738717.0 0.20544978116575946
738717.0 0.16962890391179883
715599.0 0.34290165357768365
715599.0 0.3062831911992288
479625.0 0.7608296408851635
479625.0 0.756978584532613
806745.0 0.11799923779029692
806745.0 0.12324145471971447
715599.0 0.32541798880704986
738717.0 0.1920084773182778
738717.0 0.17514770066384042
738717.0 0.18937123972928685
738717.0 0.17211276695781227
479625.0 0.7635971363374351
738717.0 0.18857541687069063
738717.0 0.20303249875168095
479625.0 0.76814417180556
738717.0 0.17186534005195414
738717.0 0.2006563590406373
738717.0 0.19458492035516292
806745.0 0.12475074554384943
738717.0 0.19648589393287091
479625.0 0.7693866960857699
479625.0 0.7663568725640855
738717.0 0.1984177510110025
738717.0 0.2071896477341271
479625.0 0.7707157108962766
479625.0 0.7689077163083916
738717.0 0.19923662598467679
479625.0 0.7719624049490088
738717.0 0.2083407206145255
479625.0 0.7709718299632442
479625.0 0.7652071404236312
738717.0 0.20475640341114895
738717.0 0.20365811436881995
479625.0 0.7653803226415569
479625.0 0.7641665091723018
738717.0 0.19752998830297347
479625.0 0.7728132925644976
479625.0 0.7663383304851217
738717.0 0.20672106615536603
479625.0 0.7723336146149763
738717.0 0.20593737879635454
738717.0 0.2063749712899683
738717.0 0.1937502714831538
738717.0 0.19424425439627688
738717.0 0.19988395578666443
738717.0 0.19733528947458662
738717.0 0.2042273161356466
479625.0 0.7641000804100585
738717.0 0.20056003699654543
738717.0 0.19690233918310424
738717.0 0.20425447239704772
479625.0 0.7741713085460048
738717.0 0.19388722757207263
479625.0 0.772775614211007
738717.0 0.20011569936957999
738717.0 0.2055816459784554
479625.0 0.7740077563430232
738717.0 0.19679965456239798
738717.0 0.1965518926327347
738717.0 0.1999796747140841
738717.0 0.20008605185876616
738717.0 0.20553068862394247
738717.0 0.19992880307368666
738717.0 0.2054791752770526
474927.0 0.8066571321191295
806949.0 0.12159715570230543
525642.0 0.6391062640817428
571842.0 0.6312653748926101
686313.0 0.39301136488285354
653091.0 0.4495531008491905
606651.0 0.5871283405280994
775737.0 0.14957929765672615
645369.0 0.4986377719856139
676248.0 0.43254812482437643
583581.0 0.5885178158082927
518973.0 0.675643509508651
617802.0 0.5706146127409196
711303.0 0.387212232171918
572235.0 0.5983677615540806
668694.0 0.4393211665243127
627033.0 0.5556522349873382
752955.0 0.15465265164918818
481638.0 0.7405476362815835
502359.0 0.7100976209090993
508167.0 0.6923341219281047
731913.0 0.2645507442875722
719421.0 0.3407439038962362
790593.0 0.1458088436531167
509595.0 0.6827077930652216
479883.0 0.7566163486494549
500313.0 0.7221003951418437
489465.0 0.7300879546716028
639444.0 0.5535029690359297
475464.0 0.7835556589313576
719883.0 0.311231864518811
728493.0 0.2862797576166354
643953.0 0.5154156519242549
641952.0 0.5352678260921699
719823.0 0.31555707078527956
492048.0 0.7266411028894936
719421.0 0.355296849324669
751971.0 0.1911112656901103
738717.0 0.20905323673100487
642639.0 0.5236566532395984
639681.0 0.548065575238804
732579.0 0.2530858339120715
719883.0 0.29919595696723117
715599.0 0.37686871424323176
727791.0 0.28846479618987336
715599.0 0.36284416938483405
479625.0 0.7745691282089271
796824.0 0.1436642230288335
792468.0 0.14451589796798603
734925.0 0.24183440436224093
734925.0 0.23857919276221348
752955.0 0.16535366405898552
719883.0 0.28889713505934206
752955.0 0.15644679967824374
715599.0 0.37032357926922504
715599.0 0.38225771887390975
751971.0 0.17918190486934746
798621.0 0.14194219383013845
479625.0 0.7820052778711937
751971.0 0.18719631161606648
806529.0 0.14114435833393119
751971.0 0.17169471715684517
802881.0 0.14120749479603936
738717.0 0.2156672262204626
800481.0 0.1416968175906377
715599.0 0.36617555180947425
751971.0 0.16680838865802136
806745.0 0.12661086928734758
734925.0 0.24730561167616788
734925.0 0.24766852901096997
751971.0 0.17556717762187068
802497.0 0.14145405270243214
751971.0 0.18836298357700185
751971.0 0.1770892437941459
751971.0 0.20074129233196586
738717.0 0.23401864687854138
738717.0 0.21234966805576624
751971.0 0.1903640157809888
738717.0 0.236860041516849
751971.0 0.19909501369703012
738717.0 0.23265907487548723
751971.0 0.1923624925396539
751971.0 0.1938866939126425
738717.0 0.22159137228589343
806745.0 0.1339214386535188
738717.0 0.210851283420125
806745.0 0.1322771946296685
738717.0 0.22461991470119916
738717.0 0.22350288718830374
751971.0 0.20566428389503147
751971.0 0.19301956219736538
751971.0 0.17641138431273728
738717.0 0.22676020818281234
738717.0 0.22889595844999705
751971.0 0.16547602646441584
751971.0 0.2068880640122629
751971.0 0.2005238846913163
738717.0 0.2350260358868335
738717.0 0.2299822476510933
738717.0 0.22799933536715408
751971.0 0.20323294297798367
751971.0 0.19663166981452357
806736.0 0.1402863341219702
806745.0 0.12749712686425693
751971.0 0.19491038507230968
738717.0 0.21958455856469314
738717.0 0.22266757972264087
751971.0 0.2010624180229557
751971.0 0.19774965548354578
806745.0 0.13167212989148178
738717.0 0.23576206494198984
751971.0 0.20198425573480577
751971.0 0.2041758352754133
738717.0 0.2379801903516669
738717.0 0.22568874270883515
479625.0 0.7780351679998542
806745.0 0.12830968905906096
738717.0 0.23030183141797428
751971.0 0.20516956125901126
751971.0 0.1985208581616632
806745.0 0.12935679484258997
806745.0 0.1367120600760881
479625.0 0.7764190003639624
806745.0 0.12960113935806808
802497.0 0.14161138989160366
806745.0 0.13098409129694852
479625.0 0.7755562717032936
738717.0 0.22042693622241946
751971.0 0.20260769839562176
479625.0 0.77748229812987
479625.0 0.7813332003065908
751971.0 0.2039806329822149
479625.0 0.7810459969364806
751971.0 0.20830306135989762
806745.0 0.13041281981293676
738717.0 0.22082624847574717
751971.0 0.20777294460565246
738717.0 0.23108198025574175
738717.0 0.2151472251060154
738717.0 0.21433346120204883
479625.0 0.7749565902088814
738717.0 0.22629793952810384
738717.0 0.2106297591345402
479625.0 0.7804204323517733
738717.0 0.21832266435246156
479625.0 0.7786207205048109
738717.0 0.2131047991282612
738717.0 0.23205995633522142
738717.0 0.2086767200997781
751971.0 0.19059729937849962
806745.0 0.1345523793049776
738717.0 0.2285092823084589
738717.0 0.23175644631149714
738717.0 0.21002040278471173
738717.0 0.21914685539226345
479625.0 0.7770684780424008
738717.0 0.20962967320051099
751971.0 0.1951876979428999
738717.0 0.23117904913902992
479625.0 0.7829594819392699
751971.0 0.19802770639797854
738717.0 0.2229931826107957
806745.0 0.13630797903083397
806745.0 0.13730399570481158
479625.0 0.7800446894990184
806745.0 0.13515656426333827
479625.0 0.7791461483652253
751971.0 0.20226586076902967
751971.0 0.1955912460867948
738717.0 0.21784081762410065
806745.0 0.13220410024678872
479625.0 0.7754042614903754
479625.0 0.7796145170852431
806745.0 0.13775618473681178
738717.0 0.21326856426362037
479625.0 0.7822597375408425
738717.0 0.22515341737740413
738717.0 0.2136847551960995
806745.0 0.1279231488998572
738717.0 0.22514152760601236
738717.0 0.2170335139352437
738717.0 0.23544960458312403
738717.0 0.2281657774181824
738717.0 0.21653215734909984
738717.0 0.21750380799008415
751971.0 0.20526949647232154
806745.0 0.13563262313053104
479625.0 0.7833072481613598
751971.0 0.20741017580412052
806745.0 0.1306544010145646
806745.0 0.1360157094360892
738717.0 0.21609785148107932
738717.0 0.215243408653757
738717.0 0.22652211075440443
806745.0 0.13734909523232244
738717.0 0.21887919731748862
738717.0 0.2168516327068416
806745.0 0.13861343562663792
806745.0 0.13904443353247278
738717.0 0.21578654934870442
738717.0 0.21394922832915736
751971.0 0.19621418367871848
751971.0 0.19597489496203743
751971.0 0.19639797190844654
738717.0 0.2382779405135012
806745.0 0.13533197950526504
806745.0 0.13666152591874983
479625.0 0.7767791328562829
738717.0 0.21429443567813514
479625.0 0.7825547184914753
751971.0 0.19579421979750514
806745.0 0.13582561958399722
738717.0 0.21863294931683122
479625.0 0.7802500422434839
806745.0 0.13791562600932292
806745.0 0.13410314439495585
479625.0 0.7794463204239434
738717.0 0.22284409138961944
479625.0 0.7826443553827145
806745.0 0.1280313476399268
738717.0 0.2318976659503284
479625.0 0.7790647300453435
738717.0 0.23852466038141346
738717.0 0.209739411942066
751971.0 0.20710692380637266
479625.0 0.7792794515844792
738717.0 0.20992368016962407
738717.0 0.21634459515897098
806745.0 0.12822879625108868
751971.0 0.19785906917075038
806745.0 0.13427459215056578
738717.0 0.22056899005861205
479625.0 0.7766049870089171
738717.0 0.2206958093061268
738717.0 0.2162520715276481
738717.0 0.21869845505494698
806745.0 0.12937514642787182
806745.0 0.1381290387036324
806745.0 0.13049859576957998
479625.0 0.7788495285470171
738717.0 0.23810757208336442
751971.0 0.20728464965956947
479625.0 0.7788248681963551
751971.0 0.20053031910713784
738717.0 0.235643555713236
806745.0 0.14021673612913468
479625.0 0.7834514018832287
738717.0 0.23555095574763904
806745.0 0.13914434045458624
806745.0 0.14002812171864565
738717.0 0.21753657144497457
806745.0 0.1381575021015186
738717.0 0.21381067748522495
738717.0 0.21697743632127336
738717.0 0.21769224794993397
806745.0 0.13972916482328152
751971.0 0.20718134387196407
806745.0 0.13961371133801379
806745.0 0.13442627745816116
479625.0 0.7766819085750377
738717.0 0.21313458663715754
806745.0 0.13986092000257963
806745.0 0.13831331960362167
806745.0 0.13437796971539198
806745.0 0.13848311776139943
806745.0 0.13521868287146976
738717.0 0.21771680932039048
806745.0 0.13950727347751263
738717.0 0.2138677928016251
479625.0 0.7791570958413827
806745.0 0.13836580023000972
806745.0 0.1393203197014643
738717.0 0.23804205746803592
806745.0 0.13968300121042654
806745.0 0.13851665984147057
806745.0 0.1392441915690042
806745.0 0.13937789285303204
479625.0 0.7835018863691146
806745.0 0.13905111360788044
738717.0 0.21520473238822066
479625.0 0.7826437250794023
806745.0 0.1385965752373984
806745.0 0.13993185989051055
806745.0 0.139969666319816
806745.0 0.13924983658552617
806745.0 0.1394253307126613
806745.0 0.13518287045711944
806745.0 0.1394666029166554
806745.0 0.14023767027081468
806745.0 0.13989208072090661
806745.0 0.14000935397795944
738717.0 0.23857335967439985
806745.0 0.138353012668198
806745.0 0.14027774223833575
806745.0 0.13944531840907706
806745.0 0.13831333238905108
806745.0 0.13987305451257692
806745.0 0.14002812171864565
806745.0 0.1386055479245887
808938.0 0.1223847649093687
475143.0 0.8293120552696843
535221.0 0.6424573135595074
573234.0 0.6292316167313894
688686.0 0.415470818923926
673092.0 0.4431390561289454
642336.0 0.5391145409474852
657723.0 0.45327548333312034
707469.0 0.39673502155385193
579177.0 0.6093329286773346
598614.0 0.6029519722452952
633009.0 0.5623204103838866
603477.0 0.5901825395666621
526383.0 0.6664301799670408
496827.0 0.7276834895636458
621825.0 0.5825659720661877
509244.0 0.7109412021892515
653688.0 0.5177587012908841
656202.0 0.49286995165586983
521574.0 0.6828044093568795
715599.0 0.3905572648086508
626898.0 0.5760553493468176
491451.0 0.7310603644925983
481593.0 0.7702597357036839
519996.0 0.6969099531368171
487779.0 0.741174865826526
475269.0 0.8082711700973991
764301.0 0.16548692893883857
725736.0 0.29218405107982093
764412.0 0.1633491584330917
719823.0 0.3470221621580749
775737.0 0.16183566825778403
515340.0 0.7004530395730456
752955.0 0.20568168582597884
718581.0 0.38468332258003
719565.0 0.36756233815303085
510387.0 0.7021257205899659
723669.0 0.30917026337886105
487434.0 0.7526264672383952
654360.0 0.5117480461101938
806955.0 0.13062209219466953
719883.0 0.33334703941041344
483909.0 0.761863530417069
746781.0 0.23703729758753142
790317.0 0.15139437992387028
477282.0 0.790988060801123
782559.0 0.15253770621645646
477282.0 0.8042803511245565
719883.0 0.31654963989392654
738717.0 0.24741254525411888
655503.0 0.49936453025184113
624630.0 0.5786070119877789
719883.0 0.3268152451233664
483909.0 0.7555598048914687
732252.0 0.2902703540352989
794022.0 0.1470717162222482
778977.0 0.15781521300863185
734925.0 0.25591772775395083
802362.0 0.14192773404068243
723684.0 0.300628196323033
479625.0 0.7838281502118157
732579.0 0.28339382844992234
746781.0 0.22142064319069713
808935.0 0.12393880655544944
800445.0 0.1425386661957086
798393.0 0.14591987167229434
746781.0 0.23872377360815375
746781.0 0.20977843786033704
719421.0 0.3738525209807057
751971.0 0.2097724853536288
734925.0 0.2695073674355611
775737.0 0.16058216125139957
738717.0 0.24313516791768836
796401.0 0.14612802104468864
734925.0 0.25770721965318844
779685.0 0.15417083154959713
790677.0 0.14897858649031498
806574.0 0.14128355060446565
806745.0 0.140301219666279
734925.0 0.27614273493935215
723669.0 0.30193267363232995
477501.0 0.7861817426610573
719883.0 0.33974456782369317
734925.0 0.26278634599691225
655866.0 0.49756875180315346
719823.0 0.3415172529011107
781599.0 0.15312114198258742
738717.0 0.25114456938909174
734925.0 0.2738795324368252
719565.0 0.37016856892992783
732579.0 0.28607410443273223
752955.0 0.16848414608807227
752955.0 0.17124194864972098
719421.0 0.37359083442810437
746781.0 0.22701279461152937
732279.0 0.28961404776980515
746781.0 0.235209167313176
477282.0 0.7895060425692343
746781.0 0.22427433791900295
479625.0 0.7840481721013248
479625.0 0.7841776620658112
734925.0 0.26124159757323473
752955.0 0.17891796006780092
738717.0 0.24903480291798774
746781.0 0.2321653441615989
752955.0 0.17406643136607197
752955.0 0.19159465753702382
752955.0 0.19436477088509443
752955.0 0.1925485300516603
752955.0 0.188732964191412
752955.0 0.19730975319605706
746781.0 0.22224599405111242
732579.0 0.2843565858696422
782559.0 0.15303490321330634
746781.0 0.22928958681127853
752955.0 0.1814182776045962
752955.0 0.1865026740708288
751971.0 0.2095645217624668
746781.0 0.2316174785930744
746781.0 0.22962407172845892
752955.0 0.1773697317746998
790593.0 0.14995306850270898
752955.0 0.18762768064080387
752955.0 0.18509532249603988
738717.0 0.24062559710862508
752955.0 0.17546301769228198
738717.0 0.24490476376548856
738717.0 0.24245802735860553
752955.0 0.19974008354213546
738717.0 0.24761581098322666
790593.0 0.1504785879627114
752955.0 0.2049050521238386
752955.0 0.18357866239719137
734925.0 0.2613221662299195
752955.0 0.1844472009329685
775737.0 0.16220509092555796
752955.0 0.1823616973945101
746781.0 0.23945989415004176
752955.0 0.17446396632065234
752955.0 0.17785918318338292
752955.0 0.20248879792954852
752955.0 0.18289735023932352
751971.0 0.2088692385684577
752955.0 0.1984126325436246
752955.0 0.20682909786187884
752955.0 0.1932175384489625
752955.0 0.20603907977974723
752955.0 0.20411503966015956
479625.0 0.7850546484080364
752955.0 0.18857934927907916
752955.0 0.1973181335642093
752955.0 0.20137567749571825
752955.0 0.20073661135121304
752955.0 0.17536457310606512
752955.0 0.19369819424721282
746781.0 0.23797548845750918
479625.0 0.785475379897311
738717.0 0.24554213261896612
752955.0 0.1815163119509542
746781.0 0.23763227476630683
752955.0 0.2034070376692252
752955.0 0.1990109436330162
738717.0 0.24661550598215112
746781.0 0.24005755540458495
479625.0 0.7843562948235516
752955.0 0.2080786280323562
738717.0 0.24718843338395996
738717.0 0.24628314669677778
746781.0 0.23860590697905565
752955.0 0.2078871848826029
479625.0 0.7860155399214844
752955.0 0.20735074702232742
738717.0 0.24246275266639375
752955.0 0.20377620249500292
752955.0 0.19421398543858104
752955.0 0.19195335707490835
806745.0 0.14054687621109657
752955.0 0.20079457627341835
752955.0 0.19224471708815588
751971.0 0.20929347995163025
746781.0 0.23195630046236249
752955.0 0.20720614180835786
752955.0 0.1776519606981385
752955.0 0.2018546025588041
806745.0 0.14064672489721486
752955.0 0.20216171184594448
738717.0 0.24532268573905272
738717.0 0.245124116542022
752955.0 0.1986943893485915
752955.0 0.20344734625674732
738717.0 0.24633689896075014
738717.0 0.2402933250312265
806745.0 0.14112957882449056
752955.0 0.20205180647752347
752955.0 0.19850194947650213
751971.0 0.20943763174201083
806745.0 0.14088033478239506
806745.0 0.140445936648409
738717.0 0.2404508536712223
752955.0 0.20186182672231961
752955.0 0.20806350312308786
479625.0 0.7842442964200713
752955.0 0.19885619361751153
738717.0 0.2403888533872546
752955.0 0.1988611068413251
806745.0 0.14119336553944314
479625.0 0.7840523385252671
806745.0 0.14076777580999075
479625.0 0.7839415404465913
806745.0 0.14065815986034752
479625.0 0.7839500413203727
806745.0 0.1407811479567136
806745.0 0.1408715823053155
806745.0 0.14127356617531658
752955.0 0.2034261462716
475449.0 0.8245855572863886
814977.0 0.13717463800109467
581016.0 0.6113682375194223
621492.0 0.5998135538521244
676674.0 0.4484980909176496
688809.0 0.4239660156576365
568668.0 0.6432686097493109
529062.0 0.6775385060146389
656772.0 0.5186498879358535
658734.0 0.49589963198015524
542391.0 0.6438174457403355
524730.0 0.6907637276705708
541200.0 0.6563546014568474
513294.0 0.7053044107306063
647994.0 0.539745716246541
658980.0 0.4601156587707283
705231.0 0.41641601186736116
696576.0 0.41670852269612435
667560.0 0.4556366090888579
622032.0 0.5828586864401074
578562.0 0.6352766760961526
753669.0 0.1880919958376147
630987.0 0.5789070925150693
644499.0 0.5438603090054335
716103.0 0.4140025174004198
741165.0 0.24152458379022193
574593.0 0.6377703809342116
642393.0 0.5596485992297061
492471.0 0.7316327759332703
509307.0 0.7248226636759215
719883.0 0.3798235875025994
634926.0 0.5640887512262035
501540.0 0.7285586791482531
752955.0 0.20897086904397583
487890.0 0.7431499369552371
633978.0 0.5737324962460045
720015.0 0.3494935426839267
736497.0 0.26002120927919575
511662.0 0.7147458820036503
662223.0 0.459931410022082
499581.0 0.7292878125864457
782559.0 0.1582343332580827
789261.0 0.1530326077527614
475695.0 0.820239824150822
492267.0 0.7402426054365954
485301.0 0.7661856782468478
640554.0 0.5626329152476318
739596.0 0.25539125680656405
487731.0 0.7541996816409321
736497.0 0.2751031456377668
720519.0 0.3276142871820501
481965.0 0.7728408324090289
807177.0 0.13755473535235896
478329.0 0.7931288631384875
769149.0 0.1680063831163505
723789.0 0.3053499758206671
749046.0 0.2319757540905295
477390.0 0.8073096764070927
720519.0 0.3360418719268215
477432.0 0.8065963988775005
720015.0 0.36491298263407534
760269.0 0.1859392581014643
794511.0 0.14987956596358964
764301.0 0.18116501737204288
772941.0 0.1665125020812597
717690.0 0.4020391749619327
719883.0 0.36500508887180133
541659.0 0.6500904081312785
509541.0 0.7198814622194007
732579.0 0.2897636272627
727791.0 0.30011533452868566
790317.0 0.15263863007856868
723669.0 0.3185880386764475
720015.0 0.3435822648288504
718725.0 0.39570223295750273
481641.0 0.7774666374989629
746991.0 0.2394631009671833
775737.0 0.1658090465809491
760269.0 0.1853143873903746
719565.0 0.38908047473097657
746781.0 0.24041147503448515
801033.0 0.1475545366194452
764967.0 0.1683301281053901
798249.0 0.149180256912922
723669.0 0.3204389088159636
487434.0 0.7614339356582659
717690.0 0.4088782287387436
734154.0 0.2853748029225699
727791.0 0.29626269424910756
764361.0 0.17522833066491103
778911.0 0.16464381872598563
725706.0 0.30087131960574537
486336.0 0.7617930058720875
479625.0 0.7863474052907108
736164.0 0.28253585246253243
718725.0 0.3902900627621066
724209.0 0.30204854758579247
717690.0 0.4119044898845817
796488.0 0.14959209497753545
751242.0 0.23053212094517658
733440.0 0.28669094424662395
723669.0 0.32346055575755994
764361.0 0.169937605370941
732579.0 0.2917924273054171
779685.0 0.1612597168497913
764361.0 0.17805983266495176
736164.0 0.27845923163694847
804603.0 0.1436847228122752
481665.0 0.7771987781874605
738717.0 0.25598120571180066
804357.0 0.1446877843682825
778977.0 0.16279006955080294
781467.0 0.1611858059167225
802605.0 0.1448613711786718
802224.0 0.14555296403959292
807138.0 0.13948119631985953
727791.0 0.29491506344961926
806745.0 0.14205573644755273
479625.0 0.7928200947850758
736164.0 0.2804236865385345
781599.0 0.16019015471663103
738717.0 0.25728712835799167
738717.0 0.2561573144090319
751971.0 0.21106262894925604
479625.0 0.7869981696859935
752955.0 0.20990298812934885
751971.0 0.21795880094105832
760269.0 0.18752492868639292
751971.0 0.21987360143477247
806745.0 0.14128386146372754
723669.0 0.3190908470387421
751971.0 0.2277920096190658
751971.0 0.21556214000322288
751971.0 0.22656918886888952
802365.0 0.14553204487994512
746781.0 0.24074609559769167
778911.0 0.16563587900051
751971.0 0.22098614796062688
781599.0 0.15918004302774166
751971.0 0.21759954952258395
781599.0 0.15894575868814267
751971.0 0.22288702847395064
751971.0 0.22201551305983697
751971.0 0.22403156345314576
751971.0 0.2291842240328757
751971.0 0.21673198486348555
751971.0 0.21418799706048797
751971.0 0.2117530956547437
806745.0 0.14352685728683706
751971.0 0.22453092785096954
751971.0 0.22841756278902106
751971.0 0.2147966711398349
751971.0 0.22075518916203576
751971.0 0.22525078085336311
479625.0 0.7907271442546784
751971.0 0.212947291336745
751971.0 0.21341831363811095
746781.0 0.24131880841309902
751971.0 0.2125951561162994
751971.0 0.2257103823605636
751971.0 0.2201395798898642
479625.0 0.7873641554945808
751971.0 0.21046749387946137
751971.0 0.22250338680078077
479625.0 0.7885074390607024
479625.0 0.7901418259088566
479625.0 0.789959447069959
479625.0 0.7878994198417331
751971.0 0.2260964919433513
751971.0 0.2099374272691055
751971.0 0.2159648234724973
751971.0 0.229973561533422
751971.0 0.23024765835253583
479625.0 0.7865120251691561
751971.0 0.21220963185647407
479625.0 0.7880595379742477
479625.0 0.7915373138847926
751971.0 0.22951565724871398
479625.0 0.7895046591764793
751971.0 0.22217190638803275
751971.0 0.22428957627451182
751971.0 0.22628169667490058
751971.0 0.22818881396767607
751971.0 0.21638860187321582
751971.0 0.2151780551717118
751971.0 0.22536296635479158
751971.0 0.22968806545923445
751971.0 0.21206438998791002
806745.0 0.1416974963676532
751971.0 0.21378886837149522
479625.0 0.7886875313800785
479625.0 0.7926222092118003
751971.0 0.21087102832347615
479625.0 0.7911819334387444
479625.0 0.7920770197144035
479625.0 0.7868814731825933
751971.0 0.21552937222776403
751971.0 0.22283690579462745
751971.0 0.2150657515478568
479625.0 0.7919177869913412
751971.0 0.21374669989337575
751971.0 0.21582493310842404
479625.0 0.7889253120034042
479625.0 0.7890441996592616
479625.0 0.7923229351557151
806745.0 0.143216540713394
806745.0 0.14198764806434971
479625.0 0.7924046732416443
806745.0 0.14272689517828938
751971.0 0.22004213275877918
751971.0 0.21065017452210485
751971.0 0.21560548170452054
751971.0 0.22405348257334926
479625.0 0.7892713401494473
479625.0 0.7909660861191958
806745.0 0.14234676672834767
479625.0 0.7930099653843831
806745.0 0.14153599641345718
479625.0 0.7872147534057768
751971.0 0.22826135455879598
479625.0 0.791705530724096
806745.0 0.14342298442178583
806745.0 0.142506997301161
751971.0 0.21654621383049596
479625.0 0.7911297595709215
479625.0 0.7928200947850758
806745.0 0.14290480781889264
751971.0 0.21060695591791104
479625.0 0.7901048947719764
806745.0 0.14226332392366323
479625.0 0.7916904667422487
479625.0 0.7893436913727325
479625.0 0.7894673960729043
806745.0 0.1414296454578579
806745.0 0.1436717469497974
479625.0 0.7909815269660934
806745.0 0.1430965294118731
479625.0 0.7871343020767925
479625.0 0.7870725630621658
806745.0 0.14260941380778222
751971.0 0.2164340512453865
479625.0 0.7930586834908455
751971.0 0.21651639634137096
806745.0 0.14216721350442169
479625.0 0.787985943164641
479625.0 0.786897513650178
479625.0 0.7869851594656875
806745.0 0.14213379574208568
806745.0 0.1429239872207419
806745.0 0.14146757662729925
806745.0 0.14256576747778416
479625.0 0.78795341242684
806745.0 0.14347845837557957
806745.0 0.14300807398567345
806745.0 0.14307025994752856
479625.0 0.7893000123670011
806745.0 0.14301305727686228
806745.0 0.1434417894137074
806745.0 0.14200496197625898
806745.0 0.14203972041876467
806745.0 0.14259703160043666
806745.0 0.14144363329163978
806745.0 0.14215349280147213
806745.0 0.14291114968014504
806745.0 0.14215683602315046
479625.0 0.7909732378146855
479625.0 0.7909778113522729
806745.0 0.14300877882896562
479625.0 0.7928200947850758
810999.0 0.13808120296006451
477264.0 0.8232494686464505
611520.0 0.611995579594962
554052.0 0.6477587678542823
584040.0 0.6223581364247337
628380.0 0.5911628994328981
579372.0 0.6422862218182739
669261.0 0.46340918708692147
659790.0 0.483346313006442
633711.0 0.5815310644424663
659583.0 0.5324274130869474
693435.0 0.4356684529029722
524952.0 0.6986156000663619
705543.0 0.4228936539991406
682386.0 0.44976855509833863
515340.0 0.7057135544743277
713490.0 0.4182603864970277
543807.0 0.6573335206188262
640638.0 0.5647422732818431
679113.0 0.45169317938062997
663132.0 0.482058203231484
649455.0 0.540705574768322
694206.0 0.42533070987542937
532626.0 0.6931476492613899
504045.0 0.7332993234560864
724101.0 0.3134910881751509
509595.0 0.7247366396301136
646797.0 0.5492440267459375
514320.0 0.7218874061987686
581412.0 0.6354819827381746
535221.0 0.6824655648022372
657495.0 0.5331523515673005
542142.0 0.665699587558195
643491.0 0.559915066026113
717825.0 0.405668787960156
728994.0 0.3008177173095337
772959.0 0.1717148008863501
723669.0 0.3370405657940657
720537.0 0.3627647654647064
482667.0 0.7739563521100572
764967.0 0.17273521814084614
497703.0 0.7350821303723417
725658.0 0.308575428474385
723597.0 0.35208184179458973
720015.0 0.3855932307496719
756963.0 0.20981408486732508
477513.0 0.8113105474882605
789513.0 0.15627596946373926
794271.0 0.15267667013915054
782559.0 0.1591612025487755
481974.0 0.7867386107246515
749163.0 0.23750494502183564
541467.0 0.6809137597753907
731751.0 0.29560333189022275
479289.0 0.7987362864960392
745275.0 0.24887296415076696
584040.0 0.6133822919035389
779685.0 0.16711589045770886
493983.0 0.7361098018423603
720015.0 0.37147746886639194
760269.0 0.20505763839488583
488337.0 0.7512678333261569
541200.0 0.681431545581846
741393.0 0.2558108147505172
485403.0 0.7701353841729969
488349.0 0.7452174036855352
491514.0 0.7439664609832327
488247.0 0.7596151960298229
493539.0 0.742113366869854
745275.0 0.24192826438826825
477432.0 0.8147279044937389
798093.0 0.14980775929273263
723669.0 0.34677664665109975
738717.0 0.26756779340916165
802257.0 0.1473644211655076
760269.0 0.19414266793410714
736497.0 0.2855120821684136
738456.0 0.27908796061758495
738717.0 0.2745602315658548
798621.0 0.1493268549801969
807129.0 0.1413228052836126
734493.0 0.2924444055865063
775155.0 0.16802690532037493
775737.0 0.16714843907906884
764967.0 0.17946624106045708
740520.0 0.2594397496629946
764301.0 0.19392357782767655
487434.0 0.7672275436368601
790389.0 0.15329123850958595
810717.0 0.140359865410034
752955.0 0.21769087206364104
781599.0 0.16359924801797648
481581.0 0.7906992453840808
720081.0 0.36888496396447995
723669.0 0.34001099873133683
805206.0 0.14466327531357823
718725.0 0.40256834031374883
720015.0 0.39241781011320215
760269.0 0.19867189395919557
745275.0 0.2552285848758694
745275.0 0.24731142733927905
480273.0 0.7919480774267037
734493.0 0.2946148646855335
736107.0 0.2898973559541662
751971.0 0.23681985814691156
802899.0 0.14493593851073666
719565.0 0.39936953168540423
745275.0 0.24206247137994236
782559.0 0.16106961691998914
659556.0 0.5326866418978773
738717.0 0.26463495453341324
719565.0 0.39641120752539516
487434.0 0.7626531539395085
487434.0 0.769836955806303
487434.0 0.7643575767938756
781599.0 0.16231168555767814
738717.0 0.27865346760634896
764361.0 0.18288659042961936
719565.0 0.3949104583311956
738717.0 0.2614426877894611
806505.0 0.14421493170506394
751971.0 0.23609169765541424
720015.0 0.3702117875068901
736164.0 0.2871622338348203
738717.0 0.2663695677695418
760269.0 0.20116855039961606
764361.0 0.18557254180480373
806826.0 0.14325076468739206
790317.0 0.15555102982451957
802497.0 0.145674439707056
760269.0 0.2028384269245052
719421.0 0.40172434190630135
810717.0 0.1396394663364952
764361.0 0.18848972809907488
736164.0 0.2895752078293972
719421.0 0.4010416439025414
720015.0 0.3926410313444685
752955.0 0.2221360864957632
751971.0 0.23457821284152874
764361.0 0.18349389284978349
764361.0 0.19067141841303556
736164.0 0.2862054941540669
764361.0 0.19283835637927516
764361.0 0.18670695053220426
723669.0 0.33855730402355605
790317.0 0.15489141241671406
790389.0 0.15394398484953134
760269.0 0.20208208297286306
764967.0 0.17232868519983316
723669.0 0.3394703178202625
802623.0 0.1451131631869306
752955.0 0.22838377188870457
752955.0 0.2296862032459067
723669.0 0.33771483705797734
752955.0 0.2122485937722152
479619.0 0.7983439366199949
752955.0 0.22005470919126974
751971.0 0.2320475176040272
751971.0 0.23313396264625505
479625.0 0.7954360299085688
479625.0 0.793187214896825
752955.0 0.22749159326888882
752955.0 0.21106996788311477
764361.0 0.18949426586227444
752955.0 0.22663652161728212
764361.0 0.18666957688822122
752955.0 0.22103526381115857
738717.0 0.2604587875821179
752955.0 0.22546549563549984
752955.0 0.2231916757101936
764361.0 0.19134697988599075
752955.0 0.21837561119791707
751971.0 0.23372706612187255
751971.0 0.23077029266289686
752955.0 0.2222517917720793
751971.0 0.23148175132988652
752955.0 0.21914626053635297
764361.0 0.1899376582933394
752955.0 0.21612611833076287
752955.0 0.21565657781994052
738717.0 0.26087991040864794
752955.0 0.2262228025321293
764361.0 0.1920550956743162
752955.0 0.21415379981152635
736164.0 0.285731118490183
752955.0 0.2180883437375963
764361.0 0.19191657510888188
752955.0 0.22394615031198273
764361.0 0.19084398244818843
752955.0 0.22786058055928485
752955.0 0.21434824102850467
752955.0 0.2104680132476385
752955.0 0.22512726407304526
752955.0 0.21358185822685508
751971.0 0.2365585239714767
752955.0 0.21719191277337074
479625.0 0.7950446796303599
752955.0 0.22117042920996977
752955.0 0.21481043400811511
764967.0 0.17231395732323335
764361.0 0.18336787185685724
752955.0 0.22991724693049106
751971.0 0.23177391209526993
752955.0 0.21067773863330974
752955.0 0.22166057834825748
752955.0 0.23027598658963402
752955.0 0.21655652850799112
752955.0 0.21670146092963938
752955.0 0.2281489954670056
752955.0 0.21262365044411036
752955.0 0.22481171477069908
806745.0 0.14390804661531534
751971.0 0.23720583868732434
752955.0 0.23046240400824808
752955.0 0.2130948660012278
752955.0 0.21523462098806012
752955.0 0.21966227599243424
752955.0 0.22171922326427548
751971.0 0.236191081629716
479625.0 0.7944560093475432
764361.0 0.18970369845121637
806745.0 0.14368785797835967
738717.0 0.27884986946596746
752955.0 0.21935405432155688
479625.0 0.7971693757141165
738717.0 0.26055536448325806
752955.0 0.2236421400975076
752955.0 0.22632538076441291
751971.0 0.23339215663218005
752955.0 0.21103376530798598
479625.0 0.7954272849242895
751971.0 0.23686631894658672
752955.0 0.22462141676233846
752955.0 0.22431783252287446
479625.0 0.7968294004700979
752955.0 0.21258342430115154
479625.0 0.798037162345533
752955.0 0.21742887119472568
752955.0 0.2149686430436738
752955.0 0.213316337327589
479625.0 0.7940808968323975
751971.0 0.23352767117755904
479625.0 0.7937801172493093
479625.0 0.7979553162564123
752955.0 0.219573668950537
479625.0 0.7954580688223768
479625.0 0.797652808160466
479625.0 0.796062739773471
479625.0 0.7958844370770248
479625.0 0.7957487829589182
752955.0 0.2244302733235672
752955.0 0.2233337537717079
479625.0 0.7941823396499113
479625.0 0.79651660068893
752955.0 0.21517109034876206
752955.0 0.21350191268536517
479625.0 0.7948019622078575
479625.0 0.797482619345339
752955.0 0.21732784256626017
479625.0 0.7935941124067939
806745.0 0.1437604674989592
479625.0 0.796401377437733
752955.0 0.21046832894649156
806745.0 0.1440478449350714
479625.0 0.7962197517469096
752955.0 0.2131561793062338
479625.0 0.7966999377694689
479625.0 0.794645557555866
752955.0 0.22348395153354414
479625.0 0.7973402631467098
806745.0 0.1441497095391644
479625.0 0.7937467239766077
479625.0 0.7933349872063301
479625.0 0.7934665123403898
751971.0 0.2373646810833122
752955.0 0.22353046032530682
806745.0 0.14390345990826897
752955.0 0.21666476587337083
764361.0 0.1920308398092209
479625.0 0.796190792043655
751971.0 0.23737922579573575
806745.0 0.14391996891205425
479625.0 0.7957572290038709
479625.0 0.7947843722277456
479625.0 0.7975991324339967
752955.0 0.2221740143976181
479625.0 0.796430358563176
752955.0 0.2243269968073558
479625.0 0.7946833953252612
806745.0 0.1441291718316583
479625.0 0.7932453832105913
479625.0 0.7972550033890199
479625.0 0.7932830717232742
479625.0 0.7935124837086706
479625.0 0.7967171453503645
479625.0 0.797979457967164
479625.0 0.7972891995973643
806745.0 0.1436894763660994
479625.0 0.7967888059354808
752955.0 0.21311522699783605
806745.0 0.14416694472353533
479625.0 0.7941695725196042
479625.0 0.7975991324339967
479625.0 0.7976481669178218
479625.0 0.7941232148544343
479625.0 0.7935046091793397
479625.0 0.7941232148544343
479625.0 0.7967888059354808
479625.0 0.7972643688572967
479625.0 0.7946543053139795
479625.0 0.7946766252859675
479625.0 0.7961999838675119
479625.0 0.7954411935822915
806745.0 0.14415510112258603
479625.0 0.7976481669178218
751971.0 0.2373681589705133
806745.0 0.14391135522079465
479625.0 0.7976481669178218
