806745.0 0.12359773909959375
806745.0 0.11763879028080623
471723.0 0.8070561592155744
644574.0 0.43698667261426816
615024.0 0.554947522525753
554949.0 0.6114340036900533
674637.0 0.4062129657573739
570309.0 0.5639856518680976
775737.0 0.14957929765672615
676557.0 0.37412190990479605
520743.0 0.6318032996944931
637032.0 0.5127263944927943
711153.0 0.3609608080758267
570309.0 0.5896958559699289
738717.0 0.2071896477341271
794511.0 0.14266787645517037
485625.0 0.724681106059859
634782.0 0.5522415702331119
517215.0 0.6435381040493435
725736.0 0.26375888721484164
496044.0 0.712191541552136
510573.0 0.6643909055070966
500157.0 0.6873861648350987
508917.0 0.6747827560839423
715599.0 0.30516574144841474
798771.0 0.13777348867095704
715599.0 0.28429227417235664
727533.0 0.25596345663272885
732417.0 0.23796385040949306
500076.0 0.7044252252326549
473838.0 0.7957906688725547
734925.0 0.2247585109268022
738717.0 0.17211276695781227
806595.0 0.12537913659557814
636078.0 0.5267564448416042
635802.0 0.5393670566053337
475449.0 0.782094684500907
479625.0 0.7372078150914146
738717.0 0.1539631030462344
738717.0 0.19310566933106113
734925.0 0.23300842207283365
479625.0 0.747675399878198
734925.0 0.20844281656806396
715599.0 0.3545594375910942
738717.0 0.18621053877818017
715599.0 0.31256730924527193
477051.0 0.7776583812626047
715599.0 0.33636152116096785
715599.0 0.32541798880704986
479625.0 0.7652071404236312
738717.0 0.20056003699654543
715599.0 0.3227106174429432
715599.0 0.34381352950775135
715599.0 0.3281167599352725
479625.0 0.755109680167678
479505.0 0.7745292462732013
715599.0 0.34290165357768365
715599.0 0.3062831911992288
738717.0 0.18857541687069063
738717.0 0.2063749712899683
479625.0 0.7608296408851635
806745.0 0.12324145471971447
479625.0 0.756978584532613
806745.0 0.11799923779029692
479625.0 0.7635971363374351
479625.0 0.76814417180556
479625.0 0.7663568725640855
479625.0 0.7693866960857699
806745.0 0.12475074554384943
479625.0 0.7707157108962766
479625.0 0.7719624049490088
479625.0 0.7709718299632442
479625.0 0.7689077163083916
479625.0 0.7738103544454933
479625.0 0.7653803226415569
479625.0 0.7641665091723018
479625.0 0.7728132925644976
479625.0 0.7663383304851217
479625.0 0.7723336146149763
479625.0 0.7641000804100585
479625.0 0.7741713085460048
479625.0 0.772775614211007
479625.0 0.7740077563430232
474927.0 0.8066571321191295
806949.0 0.12159715570230543
525642.0 0.6391062640817428
571842.0 0.6312653748926101
686313.0 0.39301136488285354
653091.0 0.4495531008491905
789261.0 0.1530326077527614
752955.0 0.17124194864972098
606651.0 0.5871283405280994
645369.0 0.4986377719856139
676248.0 0.43254812482437643
583581.0 0.5885178158082927
518973.0 0.675643509508651
617802.0 0.5706146127409196
711303.0 0.387212232171918
572235.0 0.5983677615540806
668694.0 0.4393211665243127
627033.0 0.5556522349873382
719421.0 0.3407439038962362
481638.0 0.7405476362815835
502359.0 0.7100976209090993
508167.0 0.6923341219281047
731913.0 0.2645507442875722
509595.0 0.6827077930652216
479883.0 0.7566163486494549
500313.0 0.7221003951418437
489465.0 0.7300879546716028
639444.0 0.5535029690359297
475464.0 0.7835556589313576
728493.0 0.2862797576166354
738717.0 0.21578654934870442
643953.0 0.5154156519242549
641952.0 0.5352678260921699
719823.0 0.31555707078527956
492048.0 0.7266411028894936
751971.0 0.19774965548354578
719883.0 0.28889713505934206
642639.0 0.5236566532395984
639681.0 0.548065575238804
732579.0 0.2530858339120715
719421.0 0.355296849324669
719883.0 0.29919595696723117
796488.0 0.14959209497753545
715599.0 0.37686871424323176
727791.0 0.28846479618987336
752955.0 0.15644679967824374
715599.0 0.36284416938483405
479625.0 0.7745691282089271
751971.0 0.1923624925396539
719883.0 0.311231864518811
751971.0 0.17918190486934746
734925.0 0.24730561167616788
802224.0 0.14555296403959292
798393.0 0.14591987167229434
715599.0 0.37032357926922504
715599.0 0.38225771887390975
738717.0 0.21769224794993397
738717.0 0.23030183141797428
806529.0 0.14114435833393119
479625.0 0.7792794515844792
734925.0 0.24183440436224093
802881.0 0.14120749479603936
734925.0 0.23857919276221348
738717.0 0.23804205746803592
798249.0 0.149180256912922
751971.0 0.17641138431273728
715599.0 0.36617555180947425
738717.0 0.22514152760601236
806745.0 0.12661086928734758
734925.0 0.24766852901096997
738717.0 0.22042693622241946
751971.0 0.19802770639797854
751971.0 0.17169471715684517
738717.0 0.21313458663715754
802362.0 0.14192773404068243
751971.0 0.2010624180229557
751971.0 0.20526949647232154
738717.0 0.2281657774181824
751971.0 0.19579421979750514
738717.0 0.210851283420125
806745.0 0.13167212989148178
738717.0 0.22652211075440443
738717.0 0.21958455856469314
806745.0 0.13410314439495585
806745.0 0.1306544010145646
751971.0 0.20323294297798367
806745.0 0.12830968905906096
738717.0 0.20962967320051099
751971.0 0.20741017580412052
751971.0 0.20260769839562176
751971.0 0.20718134387196407
751971.0 0.19597489496203743
802497.0 0.14145405270243214
738717.0 0.2170335139352437
806745.0 0.13666152591874983
806736.0 0.1402863341219702
806745.0 0.13563262313053104
806745.0 0.12749712686425693
806745.0 0.13533197950526504
806745.0 0.13730399570481158
806745.0 0.13437796971539198
738717.0 0.20992368016962407
479625.0 0.7780351679998542
479625.0 0.7764190003639624
806745.0 0.13098409129694852
479625.0 0.7755562717032936
479625.0 0.77748229812987
479625.0 0.7813332003065908
479625.0 0.7820052778711937
479625.0 0.7810459969364806
479625.0 0.7749565902088814
806745.0 0.13791562600932292
806745.0 0.13831331960362167
479625.0 0.7804204323517733
479625.0 0.7786207205048109
806745.0 0.1392441915690042
479625.0 0.7788248681963551
479625.0 0.7770684780424008
479625.0 0.7829594819392699
738717.0 0.21750380799008415
806745.0 0.13861343562663792
479625.0 0.7800446894990184
479625.0 0.7754042614903754
479625.0 0.7796145170852431
479625.0 0.7822597375408425
738717.0 0.2382779405135012
806745.0 0.1279231488998572
479625.0 0.7833072481613598
806745.0 0.1381290387036324
479625.0 0.7767791328562829
806745.0 0.1280313476399268
479625.0 0.7825547184914753
479625.0 0.7802500422434839
806745.0 0.13937789285303204
806745.0 0.13961371133801379
479625.0 0.7794463204239434
806745.0 0.14000935397795944
479625.0 0.7826443553827145
806745.0 0.13851665984147057
479625.0 0.7790647300453435
479625.0 0.7766049870089171
806745.0 0.13972916482328152
479625.0 0.7788495285470171
479625.0 0.7834514018832287
479625.0 0.7766819085750377
806745.0 0.13986092000257963
479625.0 0.7791570958413827
479625.0 0.7835018863691146
806745.0 0.1386055479245887
479625.0 0.7791461483652253
479625.0 0.7826437250794023
806745.0 0.13993185989051055
806745.0 0.139969666319816
806745.0 0.13989208072090661
808938.0 0.1223847649093687
475143.0 0.8293120552696843
535221.0 0.6424573135595074
573234.0 0.6292316167313894
688686.0 0.415470818923926
673092.0 0.4431390561289454
642336.0 0.5391145409474852
657723.0 0.45327548333312034
707469.0 0.39673502155385193
579177.0 0.6093329286773346
598614.0 0.6029519722452952
633009.0 0.5623204103838866
603477.0 0.5901825395666621
526383.0 0.6664301799670408
496827.0 0.7276834895636458
621825.0 0.5825659720661877
509244.0 0.7109412021892515
653688.0 0.5177587012908841
656202.0 0.49286995165586983
521574.0 0.6828044093568795
752955.0 0.1865026740708288
715599.0 0.3905572648086508
764301.0 0.16548692893883857
626898.0 0.5760553493468176
790593.0 0.16037980218752537
775737.0 0.16220509092555796
491451.0 0.7310603644925983
481593.0 0.7702597357036839
519996.0 0.6969099531368171
487779.0 0.741174865826526
475269.0 0.8082711700973991
725736.0 0.29218405107982093
764412.0 0.1633491584330917
719823.0 0.3470221621580749
515340.0 0.7004530395730456
775737.0 0.16058216125139957
719883.0 0.3268152451233664
718581.0 0.38468332258003
738717.0 0.245124116542022
719565.0 0.36756233815303085
510387.0 0.7021257205899659
746781.0 0.2316174785930744
487434.0 0.7526264672383952
808935.0 0.12393880655544944
654360.0 0.5117480461101938
483909.0 0.761863530417069
477282.0 0.8042803511245565
746781.0 0.22224599405111242
719883.0 0.31654963989392654
655503.0 0.49936453025184113
624630.0 0.5786070119877789
806745.0 0.140301219666279
734925.0 0.25591772775395083
723669.0 0.30193267363232995
732252.0 0.2902703540352989
734925.0 0.2695073674355611
477282.0 0.790988060801123
723669.0 0.30917026337886105
483909.0 0.7555598048914687
723684.0 0.300628196323033
751971.0 0.212947291336745
479625.0 0.7838281502118157
732579.0 0.28339382844992234
719883.0 0.33334703941041344
798393.0 0.1524898380996181
802497.0 0.14921092038881748
738717.0 0.24062559710862508
752955.0 0.17406643136607197
804603.0 0.1436847228122752
798621.0 0.1493268549801969
752955.0 0.19369819424721282
794715.0 0.1540728896318195
719421.0 0.3738525209807057
792540.0 0.15667387915543338
802605.0 0.1448613711786718
734925.0 0.27614273493935215
746781.0 0.23860590697905565
477501.0 0.7861817426610573
738717.0 0.24903480291798774
734925.0 0.26278634599691225
719883.0 0.33974456782369317
655866.0 0.49756875180315346
790677.0 0.15881963662275997
719823.0 0.3415172529011107
752955.0 0.1776519606981385
746781.0 0.22701279461152937
794511.0 0.15577345546281357
752955.0 0.1984126325436246
806574.0 0.14128355060446565
734925.0 0.2738795324368252
719565.0 0.37016856892992783
732579.0 0.28607410443273223
752955.0 0.20079457627341835
806745.0 0.14054687621109657
719421.0 0.37359083442810437
734925.0 0.25770721965318844
477282.0 0.7895060425692343
752955.0 0.1815163119509542
732279.0 0.28961404776980515
746781.0 0.22427433791900295
751971.0 0.21046749387946137
479625.0 0.7839415404465913
751971.0 0.21651639634137096
479625.0 0.7840523385252671
751971.0 0.2201395798898642
738717.0 0.24761581098322666
752955.0 0.1814182776045962
734925.0 0.26124159757323473
751971.0 0.21582493310842404
752955.0 0.20568168582597884
751971.0 0.21341831363811095
732579.0 0.2843565858696422
751971.0 0.21065017452210485
752955.0 0.2080786280323562
752955.0 0.20377620249500292
751971.0 0.22075518916203576
738717.0 0.2402933250312265
775737.0 0.16183566825778403
734925.0 0.2613221662299195
752955.0 0.20682909786187884
751971.0 0.22217190638803275
752955.0 0.20186182672231961
752955.0 0.20248879792954852
752955.0 0.20720614180835786
479625.0 0.7850546484080364
479625.0 0.785475379897311
752955.0 0.2034070376692252
752955.0 0.20806350312308786
479625.0 0.7843562948235516
479625.0 0.7860155399214844
806745.0 0.14112957882449056
752955.0 0.20216171184594448
752955.0 0.20344734625674732
479625.0 0.7841776620658112
479625.0 0.7842442964200713
806745.0 0.14119336553944314
479625.0 0.7839500413203727
479625.0 0.7840481721013248
806745.0 0.14127356617531658
752955.0 0.2034261462716
475449.0 0.8245855572863886
814977.0 0.13717463800109467
581016.0 0.6113682375194223
621492.0 0.5998135538521244
676674.0 0.4484980909176496
688809.0 0.4239660156576365
568668.0 0.6432686097493109
529062.0 0.6775385060146389
656772.0 0.5186498879358535
658734.0 0.49589963198015524
542391.0 0.6438174457403355
524730.0 0.6907637276705708
541200.0 0.6563546014568474
513294.0 0.7053044107306063
647994.0 0.539745716246541
779685.0 0.1612597168497913
753669.0 0.1880919958376147
658980.0 0.4601156587707283
705231.0 0.41641601186736116
696576.0 0.41670852269612435
667560.0 0.4556366090888579
622032.0 0.5828586864401074
578562.0 0.6352766760961526
630987.0 0.5789070925150693
793170.0 0.1600631970557986
644499.0 0.5438603090054335
764361.0 0.18557254180480373
716103.0 0.4140025174004198
741165.0 0.24152458379022193
772941.0 0.1665125020812597
574593.0 0.6377703809342116
739596.0 0.25539125680656405
642393.0 0.5596485992297061
492471.0 0.7316327759332703
752955.0 0.2104680132476385
509307.0 0.7248226636759215
719883.0 0.3798235875025994
736497.0 0.2751031456377668
634926.0 0.5640887512262035
501540.0 0.7285586791482531
487890.0 0.7431499369552371
633978.0 0.5737324962460045
720519.0 0.3360418719268215
511662.0 0.7147458820036503
769149.0 0.1680063831163505
662223.0 0.459931410022082
720015.0 0.3494935426839267
499581.0 0.7292878125864457
475695.0 0.820239824150822
492267.0 0.7402426054365954
736497.0 0.26002120927919575
723669.0 0.3185880386764475
485301.0 0.7661856782468478
640554.0 0.5626329152476318
487731.0 0.7541996816409321
481965.0 0.7728408324090289
478329.0 0.7931288631384875
749046.0 0.2319757540905295
723789.0 0.3053499758206671
477390.0 0.8073096764070927
764967.0 0.17231395732323335
720015.0 0.36491298263407534
477432.0 0.8065963988775005
717690.0 0.4020391749619327
719883.0 0.36500508887180133
736164.0 0.27845923163694847
541659.0 0.6500904081312785
727791.0 0.29626269424910756
509541.0 0.7198814622194007
732579.0 0.2897636272627
799401.0 0.14942657649969637
734154.0 0.2853748029225699
720519.0 0.3276142871820501
720015.0 0.3435822648288504
718725.0 0.39570223295750273
746991.0 0.2394631009671833
481641.0 0.7774666374989629
717690.0 0.4088782287387436
719565.0 0.38908047473097657
810807.0 0.1412910548676348
802899.0 0.14631846782987815
746781.0 0.24131880841309902
796113.0 0.15469599338989384
793533.0 0.15702266541475915
487434.0 0.7614339356582659
764361.0 0.17805983266495176
725706.0 0.30087131960574537
486336.0 0.7617930058720875
479625.0 0.7863474052907108
727791.0 0.30011533452868566
802899.0 0.14493593851073666
718725.0 0.3902900627621066
810807.0 0.14135283939232793
806745.0 0.1434417894137074
724209.0 0.30204854758579247
806745.0 0.14433523828678443
733440.0 0.28669094424662395
751971.0 0.22453092785096954
723669.0 0.32346055575755994
732579.0 0.2917924273054171
798033.0 0.1545727244328632
764361.0 0.17522833066491103
799323.0 0.15382395588016165
481665.0 0.7771987781874605
717690.0 0.4119044898845817
752955.0 0.2131561793062338
723669.0 0.3204389088159636
727791.0 0.29491506344961926
479625.0 0.7916904667422487
764361.0 0.18670695053220426
752955.0 0.21914626053635297
798969.0 0.1542642830881698
751971.0 0.22841756278902106
752955.0 0.2149686430436738
752955.0 0.22171922326427548
751971.0 0.22656918886888952
752955.0 0.21670146092963938
479625.0 0.7909778113522729
752955.0 0.2180883437375963
751971.0 0.23177391209526993
746781.0 0.24074609559769167
751971.0 0.22968806545923445
751971.0 0.22536296635479158
723669.0 0.3190908470387421
751971.0 0.22826135455879598
752955.0 0.21350191268536517
751971.0 0.22283690579462745
752955.0 0.21666476587337083
751971.0 0.22951565724871398
751971.0 0.22403156345314576
479625.0 0.7907271442546784
806745.0 0.1416974963676532
806745.0 0.14226332392366323
479625.0 0.7873641554945808
752955.0 0.2222517917720793
479625.0 0.7885074390607024
479625.0 0.7901418259088566
479625.0 0.789959447069959
479625.0 0.7878994198417331
479625.0 0.7865120251691561
752955.0 0.2221740143976181
479625.0 0.7880595379742477
479625.0 0.7915373138847926
751971.0 0.22405348257334926
479625.0 0.7895046591764793
806745.0 0.1436894763660994
479625.0 0.7886875313800785
479625.0 0.7926222092118003
806745.0 0.1430965294118731
479625.0 0.7911819334387444
479625.0 0.7920770197144035
479625.0 0.7868814731825933
479625.0 0.7919177869913412
479625.0 0.7889253120034042
479625.0 0.7890441996592616
806745.0 0.14342298442178583
806745.0 0.14144363329163978
806745.0 0.14415510112258603
806745.0 0.14461822403880775
479625.0 0.7923229351557151
806745.0 0.14272689517828938
806745.0 0.142506997301161
479625.0 0.7924046732416443
479625.0 0.7892713401494473
806745.0 0.14451947041834695
806745.0 0.14390804661531534
479625.0 0.7909660861191958
479625.0 0.7930099653843831
479625.0 0.7872147534057768
479625.0 0.791705530724096
806745.0 0.14390345990826897
479625.0 0.7911297595709215
479625.0 0.7928200947850758
479625.0 0.7928200947850758
806745.0 0.14290480781889264
479625.0 0.7901048947719764
806745.0 0.14424149842864487
479625.0 0.7893436913727325
806745.0 0.14259703160043666
479625.0 0.7894673960729043
479625.0 0.7909815269660934
479625.0 0.7871343020767925
479625.0 0.7870725630621658
479625.0 0.7930586834908455
479625.0 0.787985943164641
806745.0 0.14291114968014504
479625.0 0.786897513650178
806745.0 0.14300877882896562
479625.0 0.7869851594656875
806745.0 0.14256576747778416
806745.0 0.14301305727686228
479625.0 0.7869981696859935
479625.0 0.78795341242684
806745.0 0.14459009990355293
479625.0 0.7893000123670011
806745.0 0.14460736820213052
806745.0 0.14459769478466108
479625.0 0.7909732378146855
806745.0 0.14460235119123055
479625.0 0.7928200947850758
818217.0 0.14118312356156013
477264.0 0.8232494686464505
611520.0 0.611995579594962
554052.0 0.6477587678542823
628380.0 0.5911628994328981
579372.0 0.6422862218182739
584040.0 0.6133822919035389
669261.0 0.46340918708692147
659790.0 0.483346313006442
633711.0 0.5815310644424663
659583.0 0.5324274130869474
693435.0 0.4356684529029722
524952.0 0.6986156000663619
705543.0 0.4228936539991406
682386.0 0.44976855509833863
515340.0 0.7057135544743277
713490.0 0.4182603864970277
543807.0 0.6573335206188262
640638.0 0.5647422732818431
679113.0 0.45169317938062997
663132.0 0.482058203231484
649455.0 0.540705574768322
694206.0 0.42533070987542937
532626.0 0.6931476492613899
504045.0 0.7332993234560864
724101.0 0.3134910881751509
509595.0 0.7247366396301136
756963.0 0.20981408486732508
646797.0 0.5492440267459375
514320.0 0.7218874061987686
781599.0 0.16231168555767814
581412.0 0.6354819827381746
535221.0 0.6824655648022372
794373.0 0.15963179678726522
542142.0 0.665699587558195
657495.0 0.5331523515673005
643491.0 0.559915066026113
584040.0 0.6223581364247337
717825.0 0.405668787960156
738456.0 0.27908796061758495
728994.0 0.3008177173095337
811131.0 0.1432454517490895
723669.0 0.3370405657940657
720537.0 0.3627647654647064
775737.0 0.17391539221466923
482667.0 0.7739563521100572
497703.0 0.7350821303723417
725658.0 0.308575428474385
723597.0 0.35208184179458973
720015.0 0.3855932307496719
753669.0 0.2196974470011135
768621.0 0.17477736176234474
749163.0 0.23750494502183564
477513.0 0.8113105474882605
481974.0 0.7867386107246515
741393.0 0.2558108147505172
738717.0 0.26463495453341324
760269.0 0.20116855039961606
541467.0 0.6809137597753907
731751.0 0.29560333189022275
479289.0 0.7987362864960392
720015.0 0.37147746886639194
493983.0 0.7361098018423603
764301.0 0.19682693374308025
745275.0 0.2552285848758694
488337.0 0.7512678333261569
745275.0 0.24731142733927905
738717.0 0.26087991040864794
541200.0 0.681431545581846
768621.0 0.18084377616868885
488349.0 0.7452174036855352
485403.0 0.7701353841729969
491514.0 0.7439664609832327
488247.0 0.7596151960298229
802323.0 0.15197123737596777
723669.0 0.34677664665109975
493539.0 0.742113366869854
798183.0 0.15487174709227433
779685.0 0.16823851269727805
477432.0 0.8147279044937389
760269.0 0.19867189395919557
736497.0 0.2855120821684136
765372.0 0.18220752159729925
751971.0 0.23457821284152874
806826.0 0.14325076468739206
781599.0 0.16359924801797648
764967.0 0.18451130098457577
778911.0 0.17161588861169652
796395.0 0.1573429860543216
752955.0 0.2244302733235672
752955.0 0.23202304807500312
734493.0 0.2946148646855335
487434.0 0.7643575767938756
736107.0 0.2898973559541662
481581.0 0.7906992453840808
720081.0 0.36888496396447995
734493.0 0.2924444055865063
745275.0 0.24887296415076696
804552.0 0.14737613768559554
723669.0 0.34001099873133683
718725.0 0.40256834031374883
487434.0 0.7672275436368601
720015.0 0.39241781011320215
480273.0 0.7919480774267037
764361.0 0.18970369845121637
794934.0 0.1591264496417794
798111.0 0.15627491385035677
803139.0 0.14759550389332887
764361.0 0.1920550956743162
745275.0 0.24206247137994236
659556.0 0.5326866418978773
719565.0 0.39641120752539516
487434.0 0.7626531539395085
719565.0 0.3949104583311956
719565.0 0.39936953168540423
752955.0 0.22353046032530682
745275.0 0.24192826438826825
806745.0 0.14584783158803863
736164.0 0.2871622338348203
802809.0 0.14948819091360072
752955.0 0.23328142322921339
778977.0 0.17081048789670683
719421.0 0.4010416439025414
802623.0 0.15077338941083349
487434.0 0.769836955806303
764361.0 0.19067141841303556
720015.0 0.3702117875068901
720015.0 0.3926410313444685
736164.0 0.285731118490183
806745.0 0.14500472455884286
719421.0 0.40172434190630135
723669.0 0.33855730402355605
794412.0 0.15949890012034593
723669.0 0.33771483705797734
764361.0 0.19134697988599075
723669.0 0.3394703178202625
479625.0 0.797979457967164
479619.0 0.7983439366199949
479625.0 0.793187214896825
752955.0 0.23424860268134604
778977.0 0.17093712436714006
752955.0 0.22431783252287446
479625.0 0.7950446796303599
806745.0 0.14664161577606652
479625.0 0.7944560093475432
479625.0 0.7971693757141165
479625.0 0.7954272849242895
479625.0 0.7968294004700979
479625.0 0.798037162345533
806745.0 0.1469594649831021
479625.0 0.7940808968323975
479625.0 0.7979553162564123
479625.0 0.7937801172493093
479625.0 0.7954580688223768
479625.0 0.797652808160466
479625.0 0.796062739773471
479625.0 0.7958844370770248
479625.0 0.7957487829589182
806745.0 0.14638564174150168
479625.0 0.7941823396499113
479625.0 0.79651660068893
479625.0 0.7948019622078575
479625.0 0.797482619345339
806745.0 0.14699008633243354
479625.0 0.7935941124067939
806745.0 0.1458530937142662
806745.0 0.14720036208842605
479625.0 0.796401377437733
479625.0 0.7962197517469096
479625.0 0.7966999377694689
479625.0 0.794645557555866
479625.0 0.7973402631467098
479625.0 0.7937467239766077
479625.0 0.7933349872063301
806745.0 0.14510868383946934
806745.0 0.14720194486186636
479625.0 0.7934665123403898
806745.0 0.14620566924056208
806745.0 0.1455183371696242
806745.0 0.1454052608391571
806745.0 0.14602927444905867
806745.0 0.14632146269490262
479625.0 0.796190792043655
479625.0 0.7957572290038709
806745.0 0.14616323291753106
806745.0 0.14558873411475168
479625.0 0.7947843722277456
479625.0 0.7975991324339967
479625.0 0.796430358563176
806745.0 0.1454432069041022
806745.0 0.14529896400473843
479625.0 0.7946833953252612
806745.0 0.14518346345811314
806745.0 0.14590300172591025
479625.0 0.7932453832105913
479625.0 0.7972550033890199
479625.0 0.7932830717232742
479625.0 0.7935124837086706
479625.0 0.7967171453503645
806745.0 0.14572789396124006
806745.0 0.14524530245071687
806745.0 0.14595073294207056
479625.0 0.7972891995973643
806745.0 0.14563844737282416
479625.0 0.7967888059354808
806745.0 0.14598029695618622
806745.0 0.14579020251833946
806745.0 0.14634863483709215
806745.0 0.14521227337828557
479625.0 0.7941695725196042
806745.0 0.14583646098837622
806745.0 0.14529499629078002
479625.0 0.7976481669178218
479625.0 0.7975991324339967
806745.0 0.14601951054141493
479625.0 0.7941232148544343
806745.0 0.1457939930085557
479625.0 0.7935046091793397
806745.0 0.1461644972334757
479625.0 0.7941232148544343
479625.0 0.7967888059354808
806745.0 0.14569601812696756
479625.0 0.7972643688572967
806745.0 0.14570576426774803
806745.0 0.1456695406518191
806745.0 0.14566455718945423
479625.0 0.7946543053139795
479625.0 0.7946766252859675
479625.0 0.7961999838675119
479625.0 0.7954411935822915
479625.0 0.7954360299085688
479625.0 0.7976481669178218
479625.0 0.7976481669178218
477495.0 0.8484574873796412
819741.0 0.144788334781675
620739.0 0.6122333181782575
585447.0 0.6146751104536817
699159.0 0.43258065980403615
671337.0 0.46545799820697403
655020.0 0.5519258863333417
682734.0 0.4534171407098898
660405.0 0.5054769575817921
582549.0 0.6394160607862508
661752.0 0.4989180628107979
543807.0 0.668281017731167
554892.0 0.656863676884748
516192.0 0.7060761933473051
629490.0 0.6116494135740199
635868.0 0.5858361188004374
566703.0 0.6525534142029266
511602.0 0.7248501988155239
530331.0 0.7053802124508272
477501.0 0.8157120372443495
541476.0 0.6882867838791822
709656.0 0.4290367240112807
680103.0 0.4611000070911335
758514.0 0.2122701071625435
479715.0 0.7935101762964213
584997.0 0.6240781289049556
483687.0 0.7759024124856055
565869.0 0.6552111269299618
790593.0 0.16310905588158756
496212.0 0.7417940275951374
536991.0 0.6929807139403862
534423.0 0.7000213859324669
719883.0 0.39495404820883123
720519.0 0.387203735365489
724239.0 0.3350163724774654
640860.0 0.5799178027500368
754281.0 0.22440769166380053
487890.0 0.7629518412501651
810966.0 0.14548820401391202
723789.0 0.34940337199837923
782559.0 0.16384420662132498
774879.0 0.17493480379594728
508167.0 0.7333835990414306
763485.0 0.20913487443705878
721023.0 0.37204966720867
769149.0 0.18202065250135513
647754.0 0.570150379436477
753669.0 0.2267107844230675
502044.0 0.7384438951169202
740316.0 0.2791257784433725
717690.0 0.42724860897524913
727533.0 0.31014949969149597
719565.0 0.4105198712170731
491730.0 0.7524153228765733
487434.0 0.7739103693350299
794697.0 0.16029026751901576
649914.0 0.5686091302596513
652017.0 0.5601148545744038
719421.0 0.41681212100653137
642639.0 0.5733101776780531
489528.0 0.754323879530115
765372.0 0.19268332552082076
746781.0 0.25410683609668994
505827.0 0.7341199812320321
714711.0 0.4286466738445015
725706.0 0.31796340223384606
751971.0 0.24136553961494706
491730.0 0.744831416007666
723669.0 0.3564584916359436
751971.0 0.23900964193779953
651021.0 0.5601522075319794
745017.0 0.2664595773137927
736290.0 0.2925865988688708
741009.0 0.2689630543197358
729846.0 0.30848443290439737
746781.0 0.2607570612844912
502359.0 0.7356547308392167
722658.0 0.3638657265810089
740520.0 0.2696530238048639
763683.0 0.20200474349565256
739539.0 0.2859426236511971
778368.0 0.17437332803159736
725706.0 0.32844266196061633
729846.0 0.3028902933774728
800445.0 0.1555471018093726
725706.0 0.32102066139976365
642372.0 0.5745219914680685
722658.0 0.3713968001694095
719421.0 0.4116896730105684
796872.0 0.15918155703531767
485709.0 0.7753576770766476
808938.0 0.14632948109822191
723597.0 0.3627967485288597
768621.0 0.19157246633141464
779685.0 0.17332997078368997
764361.0 0.19749246141171434
804357.0 0.150523419059223
732252.0 0.30283064332171017
716103.0 0.4281130310415486
725706.0 0.3282747958220044
735627.0 0.29754093556236894
479619.0 0.8127392072006308
802365.0 0.15316867013723054
798306.0 0.15798257515268768
733215.0 0.3019594190560969
738717.0 0.28739241316567604
738717.0 0.2878376452850425
799290.0 0.15719601417006795
802443.0 0.15241224937899692
746781.0 0.26067354574616386
490182.0 0.7528330988611067
804861.0 0.14934136223554698
769149.0 0.1868967692613889
782559.0 0.16958167562885995
782559.0 0.16804599885013222
806955.0 0.14692484115261722
745275.0 0.2625548083678049
781599.0 0.17236392191904873
734016.0 0.2995310410379361
734493.0 0.29918050332939594
769149.0 0.17825471448744415
479625.0 0.7983637230653254
769149.0 0.1863932169338979
781671.0 0.17200092280355822
746781.0 0.24937671726107938
769149.0 0.19111557984667535
751971.0 0.24090413033484528
764301.0 0.1992356657902133
806511.0 0.14882898334558572
746781.0 0.24404998864047417
736164.0 0.2952218976618243
769149.0 0.17686172529482838
746781.0 0.24687638394110414
736164.0 0.2952365326375227
745275.0 0.2647034461193793
745251.0 0.2650182000478795
746781.0 0.2484368414052618
751971.0 0.24030643831591073
764361.0 0.19885168403937212
746781.0 0.2621929238442291
746781.0 0.24541648720328826
746781.0 0.24551323238977232
806745.0 0.1474091892326188
746781.0 0.24910440101845932
479625.0 0.7984088497151559
479625.0 0.7990302018836022
806745.0 0.14880996085913875
479625.0 0.8117745317188462
479625.0 0.8046036832702554
479625.0 0.8078112732373932
479625.0 0.8040574625542881
479625.0 0.80211930395971
479625.0 0.8122546377061501
479625.0 0.8036544088707293
479625.0 0.8015263030066025
479625.0 0.8049389306114544
479625.0 0.8010609000278577
479625.0 0.8081319828406563
479625.0 0.8032193702055859
479625.0 0.7999907216423904
479625.0 0.8023962976172643
479625.0 0.8061796538656644
479625.0 0.8071833201049461
479625.0 0.8086262020532107
479625.0 0.811315313000112
479625.0 0.7993674332280357
479625.0 0.8103411811978946
746781.0 0.26229958945709686
479625.0 0.7997439741580786
479625.0 0.8082973277723113
806745.0 0.14864361063631543
479625.0 0.7990453463247634
479625.0 0.8100298951075463
479625.0 0.8115938037979842
479625.0 0.80461960502287
479625.0 0.8074252542321699
806745.0 0.14769631290293644
806745.0 0.14798608503533586
479625.0 0.8050919346499287
479625.0 0.8094671481015917
479625.0 0.8126812133532014
479625.0 0.8075707280733236
479625.0 0.8109758448341072
479625.0 0.8064308192802625
479625.0 0.8059319232373143
479625.0 0.8090996190503851
479625.0 0.8017013431929872
479625.0 0.8089343851403744
479625.0 0.8124060957515643
746781.0 0.24936964284181662
479625.0 0.8009770945805315
806745.0 0.14834169132549457
479625.0 0.8066563513901477
806745.0 0.14808429424899625
479625.0 0.8018921174608021
479625.0 0.8107353530406992
479625.0 0.8092649394200891
479625.0 0.8108049677399607
479625.0 0.8052503166946684
806745.0 0.14846146189134957
479625.0 0.8002396779425346
479625.0 0.8007635997933897
479625.0 0.8005350912120223
479625.0 0.803861801631732
479625.0 0.8004485066299484
479625.0 0.8110945813401282
479625.0 0.8001742337787443
479625.0 0.8095698770050797
479625.0 0.8112019662178782
479625.0 0.8029539757576477
479625.0 0.7994102999718602
479625.0 0.8025619931325861
479625.0 0.8103932413491345
479625.0 0.8027483131845401
479625.0 0.8007930665410671
479625.0 0.8097769130573901
479625.0 0.8123612448865318
479625.0 0.8054619379091397
479625.0 0.8063402693841524
479625.0 0.8040336790475592
479625.0 0.8055455542144757
479625.0 0.8099563250375607
479625.0 0.8086899799285587
479625.0 0.8116508327387684
479625.0 0.810554822007184
479625.0 0.8027839832752879
479625.0 0.7995830314525576
479625.0 0.8058451583557248
479625.0 0.8096887796441196
479625.0 0.8025345363857906
479625.0 0.8082760343568466
479625.0 0.8092190458434432
479625.0 0.80185256051219
479625.0 0.807021301166909
479625.0 0.810554822007184
479625.0 0.8067933162494542
479625.0 0.8015696003756081
479625.0 0.8068910957194595
479625.0 0.7996390821902597
479625.0 0.807518025639712
806745.0 0.1475181072621218
479625.0 0.805722151549812
479625.0 0.8038037316933211
479625.0 0.8053525597273753
479625.0 0.808807577335501
479625.0 0.8056484698241446
479625.0 0.8088200131875811
479625.0 0.8070095923616211
806745.0 0.14840688836337854
479625.0 0.812351086994101
806745.0 0.14759644971979452
479625.0 0.805330933941602
479625.0 0.8031099216276815
479625.0 0.8066984690746273
806745.0 0.14765745480623416
479625.0 0.8068588263168232
479625.0 0.8037275141150022
479625.0 0.8122546377061501
806745.0 0.14801065763589058
479625.0 0.8031355160413649
479625.0 0.8058945748044226
479625.0 0.8031985491343998
479625.0 0.8010574407744715
479625.0 0.8030337910522632
806745.0 0.1480748091585653
479625.0 0.8030040907159804
479625.0 0.8037063416829628
479625.0 0.8100055721616276
479625.0 0.8097356762573528
479625.0 0.8005327261512906
479625.0 0.8004659866089845
479625.0 0.8002138143609816
806745.0 0.14834834016673706
479625.0 0.8063705591230005
479625.0 0.8127076533471542
479625.0 0.8056731255303493
479625.0 0.8099585839487299
479625.0 0.8057048100377018
479625.0 0.8123620474201915
479625.0 0.8124060957515643
479625.0 0.7995954949136013
806745.0 0.14755394298250166
479625.0 0.8066917022575045
479625.0 0.8097598042446014
479625.0 0.8018650970066635
806745.0 0.14755394298250166
479625.0 0.8027738758526707
479625.0 0.8063705591230005
479625.0 0.8030274663397479
479625.0 0.8007665122443792
479625.0 0.8040498223558746
479625.0 0.8015464018292396
479625.0 0.8015464018292396
479625.0 0.8004659866089845
806745.0 0.14881772657687387
479625.0 0.7995830314525576
479625.0 0.7995954949136013
479625.0 0.8070095923616211
479625.0 0.807021301166909
806745.0 0.14882254801026085
806745.0 0.14808429424899625
479625.0 0.8070095923616211
479625.0 0.8070095923616211
479625.0 0.8070095923616211
479625.0 0.807021301166909
479625.0 0.8070095923616211
479625.0 0.807021301166909
479625.0 0.807021301166909
