757545.0 0.31088412720208425
551580.0 0.7881727723866487
551580.0 0.7695725941534117
711153.0 0.3609608080758267
644574.0 0.43698667261426816
749727.0 0.34160916985320666
674637.0 0.4062129657573739
676557.0 0.37412190990479605
637032.0 0.5127263944927943
615024.0 0.554947522525753
579177.0 0.6093329286773346
598614.0 0.6029519722452952
573234.0 0.6292316167313894
634782.0 0.5522415702331119
606651.0 0.5871283405280994
566703.0 0.6525534142029266
555897.0 0.6874794970963445
551820.0 0.7418141993254884
552432.0 0.7145185755254427
603477.0 0.5901825395666621
558795.0 0.6702027358433962
636078.0 0.5267564448416042
552432.0 0.720924319484339
635802.0 0.5393670566053337
556584.0 0.6842709730681613
551820.0 0.7357384038334902
563574.0 0.6613389850738158
563574.0 0.6666211298004889
552108.0 0.7500739745636449
791478.0 0.3467079821207216
617802.0 0.5706146127409196
581016.0 0.6113682375194223
774924.0 0.3606214501229628
686313.0 0.39301136488285354
653091.0 0.4495531008491905
733503.0 0.36245014898821165
645369.0 0.4986377719856139
676248.0 0.43254812482437643
711303.0 0.387212232171918
668694.0 0.4393211665243127
627033.0 0.5556522349873382
573234.0 0.6527487695225216
556038.0 0.7214780955755629
556068.0 0.6915621061411722
578562.0 0.6352766760961526
721023.0 0.37204966720867
718581.0 0.38468332258003
728154.0 0.3645615780199333
643953.0 0.5154156519242549
641952.0 0.5352678260921699
639444.0 0.5535029690359297
555081.0 0.7322892924922536
574593.0 0.6377703809342116
642639.0 0.5236566532395984
552321.0 0.7435745917125156
639681.0 0.548065575238804
560334.0 0.6874263885816779
564474.0 0.668720842344881
560334.0 0.6764024622401339
564474.0 0.6635230158798164
563718.0 0.674533764161303
564474.0 0.6674565173089472
564474.0 0.6742791729001149
564474.0 0.6743749988951833
731709.0 0.3659124938472351
554214.0 0.7495768522969944
688686.0 0.415470818923926
673092.0 0.4431390561289454
707469.0 0.39673502155385193
611520.0 0.611995579594962
642336.0 0.5391145409474852
657723.0 0.45327548333312034
721764.0 0.39154563923460495
633009.0 0.5623204103838866
584040.0 0.6133822919035389
653688.0 0.5177587012908841
621492.0 0.5998135538521244
656202.0 0.49286995165586983
626898.0 0.5760553493468176
555912.0 0.742025647000905
581412.0 0.6354819827381746
575319.0 0.6581637501305921
621825.0 0.5825659720661877
584040.0 0.6223581364247337
579372.0 0.6422862218182739
556332.0 0.7240598564673404
579003.0 0.6577370561646678
568746.0 0.6637088855752624
562281.0 0.6909198982314507
654360.0 0.5117480461101938
556584.0 0.7161812638331915
564330.0 0.6778084780473975
624630.0 0.5786070119877789
655503.0 0.49936453025184113
566865.0 0.6693188569709748
557523.0 0.7057180063998078
560241.0 0.7009217946274005
564474.0 0.6752174889254597
568044.0 0.6665286261320212
560862.0 0.6935556253070219
560430.0 0.6962139337094773
557910.0 0.7041797663476087
655866.0 0.49756875180315346
564468.0 0.6756267594854418
557910.0 0.704317933148105
555081.0 0.7981634356200146
755241.0 0.3773777502836551
620739.0 0.6122333181782575
585447.0 0.6245394023658439
676674.0 0.4484980909176496
688809.0 0.4239660156576365
748998.0 0.385327289156941
656772.0 0.5186498879358535
658734.0 0.49589963198015524
730089.0 0.3935181856988436
717825.0 0.405668787960156
705231.0 0.41641601186736116
628380.0 0.5911628994328981
647994.0 0.539745716246541
658980.0 0.4601156587707283
696576.0 0.41670852269612435
667560.0 0.4556366090888579
569406.0 0.6641379567603071
555306.0 0.7786503015237302
725559.0 0.39845230756940075
582549.0 0.6394160607862508
556290.0 0.7559850284050282
581205.0 0.6605928150012302
644499.0 0.5438603090054335
558030.0 0.7288585443818459
630987.0 0.5789070925150693
642393.0 0.5596485992297061
634926.0 0.5640887512262035
556068.0 0.7617740800510676
581619.0 0.6536469973520244
633978.0 0.5737324962460045
558381.0 0.7238288996814378
662223.0 0.459931410022082
640554.0 0.5626329152476318
568686.0 0.6745045712315842
585447.0 0.6146751104536817
562281.0 0.70089232253254
560280.0 0.7102712119229837
566253.0 0.6763839661547275
560862.0 0.7049391849636997
564354.0 0.6945712675154643
560460.0 0.7098284707425163
558264.0 0.728579569602297
564474.0 0.6877842234474205
564474.0 0.6788784373225609
564474.0 0.682229268166955
564474.0 0.680425269996914
564474.0 0.6857239605862996
564474.0 0.6829214056286264
564474.0 0.6887322832898881
564474.0 0.6912313477668168
564474.0 0.6901584093787754
564474.0 0.683987308562379
564474.0 0.684695241583179
564474.0 0.6799147620075567
564474.0 0.689624570142518
564474.0 0.6789389852479076
564474.0 0.6876075017115751
564474.0 0.6867481821049649
564474.0 0.6879172137468363
564474.0 0.6864927716910016
564474.0 0.6935111598880596
564474.0 0.6940179898147978
560370.0 0.709941566088851
564474.0 0.693103975937428
564474.0 0.6918593288932444
564474.0 0.6945390816859174
560298.0 0.7101722581441886
564474.0 0.692794165811284
564474.0 0.6923073833468457
564474.0 0.6923546776538486
564474.0 0.6917094910372856
564474.0 0.6939383224638457
564474.0 0.6841839917641821
564474.0 0.6800734554691061
564474.0 0.6899097560418208
564474.0 0.6803326940875383
564474.0 0.6928714389490446
564474.0 0.6844131287823361
564474.0 0.6897688291526481
564474.0 0.6866366165910319
564474.0 0.6845203480566229
564474.0 0.6917122386178007
564474.0 0.6844757011561086
564474.0 0.6939785922371312
564474.0 0.6939683812651477
556098.0 0.7702752519966962
785133.0 0.3902031552884226
743574.0 0.40250380467071895
731769.0 0.41586158705469034
775488.0 0.40006197662227705
633711.0 0.5815310644424663
614121.0 0.6189733215016306
669261.0 0.46340918708692147
659790.0 0.483346313006442
594339.0 0.6251129829795651
629490.0 0.6116494135740199
713490.0 0.4182603864970277
659583.0 0.5324274130869474
693435.0 0.4356684529029722
682386.0 0.44976855509833863
705543.0 0.4228936539991406
556842.0 0.7641086570730747
640638.0 0.5647422732818431
558264.0 0.732302380003335
663132.0 0.482058203231484
679113.0 0.45169317938062997
649455.0 0.540705574768322
694206.0 0.42533070987542937
621231.0 0.6124733372124452
570084.0 0.668251260227722
594186.0 0.6387073860095266
646797.0 0.5492440267459375
778644.0 0.39507493662404997
643491.0 0.559915066026113
583986.0 0.658053059142919
657495.0 0.5331523515673005
585447.0 0.6420174899472949
564555.0 0.6793117766196045
559458.0 0.7273821396180321
560583.0 0.7113516698644198
581112.0 0.665737118155723
577377.0 0.6682449418908338
585198.0 0.6468163452445775
561138.0 0.7086450154797544
562749.0 0.7046892484849536
564504.0 0.6888169925394134
556584.0 0.7679146703206933
558381.0 0.7294900568475616
562773.0 0.7012001611222053
564474.0 0.6945878249014527
564546.0 0.6819494830676298
564528.0 0.6845981926897355
564510.0 0.686817371896101
659556.0 0.5326866418978773
564474.0 0.6989500475310457
564474.0 0.6974009368945836
564474.0 0.6979751562452451
564474.0 0.6995420735115626
564474.0 0.7001718001949454
564474.0 0.6997417572446419
564474.0 0.6968680107473663
564474.0 0.6990304957281586
564474.0 0.6958421278520469
564474.0 0.7009035483468674
564474.0 0.6951113350829983
564474.0 0.6954656337951748
564474.0 0.6960874513372257
564474.0 0.6987021425681654
564474.0 0.7005278214036991
564474.0 0.6947886886619145
564474.0 0.6982689986128522
564474.0 0.6985261196264719
564474.0 0.6961805485241807
564474.0 0.6988600289131315
564474.0 0.70073699308988
564474.0 0.6963496051789959
564474.0 0.7003790227700633
564474.0 0.6946756674662066
564474.0 0.6956414100313545
564474.0 0.6949790173596666
564474.0 0.6954658242218298
564474.0 0.6956414100313545
564474.0 0.6984228013875741
564474.0 0.7007609053544057
564474.0 0.6968368848814056
564474.0 0.6965395950168188
564474.0 0.7004247002092642
564474.0 0.6967062205505148
564474.0 0.6965699724337299
564474.0 0.6964213135612993
564474.0 0.6967094915307337
564474.0 0.698945226915
564474.0 0.6983267976138674
564474.0 0.6949790173596666
564474.0 0.6950599128025825
564474.0 0.6989962218854591
564474.0 0.6983499907457552
564474.0 0.6983545975090248
564474.0 0.6982689986128522
564474.0 0.6964040317607401
564474.0 0.7003799362989269
564474.0 0.6950599128025825
564474.0 0.6950903548857997
564474.0 0.6965699724337299
564474.0 0.6950903548857997
564474.0 0.6964067867517495
564474.0 0.6989500475310457
564474.0 0.698945226915
564474.0 0.6964067867517495
564474.0 0.6989500475310457
564474.0 0.6989500475310457
564474.0 0.6989500475310457
564474.0 0.6965699724337299
564474.0 0.6989500475310457
564474.0 0.698945226915
556218.0 0.7955195912602716
794430.0 0.39445309906375187
757329.0 0.4034587575867109
741852.0 0.41817997620504976
699159.0 0.43258065980403615
655020.0 0.5519258863333417
671337.0 0.46545799820697403
660405.0 0.5054769575817921
682734.0 0.4534171407098898
661752.0 0.4989180628107979
717405.0 0.4281775782844051
560256.0 0.7395485319461399
560250.0 0.7866937339420672
635868.0 0.5858361188004374
597663.0 0.6337148251200907
630594.0 0.6120671262722329
749169.0 0.40919289862320163
589740.0 0.6469300963183172
609228.0 0.6319498184050586
680103.0 0.4611000070911335
572118.0 0.6732824995300786
709656.0 0.4290367240112807
626712.0 0.6150930827128455
619848.0 0.6199159620258358
640860.0 0.5799178027500368
615720.0 0.6314570861135859
560256.0 0.7310839350773202
566823.0 0.6823671078417113
564798.0 0.6835094316880965
577374.0 0.6696683542537726
586386.0 0.6538369690997954
560598.0 0.7193873201156517
617442.0 0.623712356725295
564474.0 0.7013043963400554
647754.0 0.570150379436477
558006.0 0.7904861573238225
649914.0 0.5686091302596513
652017.0 0.5601148545744038
714711.0 0.4286466738445015
560598.0 0.7129129974694525
642639.0 0.5733101776780531
585447.0 0.6633736812114104
562641.0 0.70912045922833
581619.0 0.666491752665754
651021.0 0.5601522075319794
585606.0 0.6597723523811206
581205.0 0.6687572740054842
642372.0 0.5745219914680685
564330.0 0.7062535407546467
565743.0 0.6831178058668002
564474.0 0.7026147263351683
564474.0 0.7016418897479265
564474.0 0.702989424744957
564474.0 0.7054130307740105
564474.0 0.7013939479813394
564474.0 0.7046244883204699
564474.0 0.7056986555855582
564474.0 0.7041401588652457
564474.0 0.7043673652844346
564474.0 0.7032740590361275
564474.0 0.7019988412357712
564474.0 0.7022214365829463
564474.0 0.7039011934714521
564474.0 0.703538254480077
564474.0 0.7049544941091317
564474.0 0.7031898832556158
564474.0 0.7013939479813394
564474.0 0.7048771925835374
564474.0 0.7018202435952102
564474.0 0.7028114471379966
564474.0 0.7051385775156804
564474.0 0.7036690519434512
564474.0 0.7042081003706766
564474.0 0.7038186261334652
564474.0 0.7058313274184572
564474.0 0.7022755991251494
564474.0 0.7043200180378948
564474.0 0.7061583092442353
564474.0 0.7052422410316995
564474.0 0.7047264836688851
564474.0 0.7023836055903305
564474.0 0.7059813278476732
564474.0 0.7057287240583632
564474.0 0.7060350521377691
564474.0 0.7024981435028661
564474.0 0.703636185890877
564474.0 0.7053593907799353
564474.0 0.7024174705132664
564474.0 0.7019293284258424
564474.0 0.703542542465455
564474.0 0.702544975788884
564474.0 0.7013043963400554
564474.0 0.7058929941132347
564474.0 0.702738115882645
564474.0 0.7026978034991034
564474.0 0.7052074776602681
564474.0 0.7032409764193841
564474.0 0.7026516202705136
564474.0 0.7046918412961753
564474.0 0.7018944365038768
564474.0 0.70184905076395
564474.0 0.702784664196037
564474.0 0.7051562330722887
564474.0 0.7062050607632584
564474.0 0.7038685850569268
564474.0 0.7058929941132347
564474.0 0.7060283249492093
564474.0 0.7053604965867077
564474.0 0.7038389637249853
564474.0 0.7025936641992913
564474.0 0.706251536433391
564474.0 0.7061875556404492
564474.0 0.7047054187514183
564474.0 0.7047264836688851
564474.0 0.7025936641992913
760647.0 0.41206780839274343
558006.0 0.8037522169378728
614988.0 0.6336308339436177
723060.0 0.42970533725813076
749682.0 0.4185854860103801
560442.0 0.7477657887743506
687660.0 0.45473310276113227
598488.0 0.6407036362622787
671448.0 0.4783160619959123
630381.0 0.6240631757221086
675636.0 0.4674743446973828
701055.0 0.4505916379369905
661308.0 0.5374516535505361
705303.0 0.44420824883610643
664479.0 0.5037139268031997
587184.0 0.6610418243583566
642867.0 0.57769957076153
663660.0 0.5047374560567572
714552.0 0.43468149172355613
651858.0 0.5698249429072788
561138.0 0.731003686184253
752199.0 0.4133822213389561
641262.0 0.5896096881041064
580416.0 0.6717659259613277
594132.0 0.6512386220122014
639858.0 0.6100786782027978
593799.0 0.6563961372925071
641193.0 0.60158908387401
655995.0 0.555681180535439
660864.0 0.5515135675026009
576126.0 0.6795030794517902
568782.0 0.6856066690749264
717315.0 0.4301581086032635
633906.0 0.6147936433255851
561138.0 0.7134031314720457
635754.0 0.6147075753749905
661053.0 0.5428357568302977
654075.0 0.5611433514128478
579225.0 0.6722068804618498
565053.0 0.6941831211714451
577038.0 0.6791447930140633
652443.0 0.5633521025626306
564984.0 0.7028121989121621
560532.0 0.7407301352797546
566865.0 0.6904671287024833
560862.0 0.7355078940634087
568782.0 0.6872233303651732
566820.0 0.6927980033363043
564474.0 0.7087372042762772
560532.0 0.7385808417029743
564510.0 0.7056798674605592
564474.0 0.7063970284793748
564474.0 0.7096076825769521
564474.0 0.7103244597357556
564474.0 0.711626839565898
564474.0 0.7122184972156358
564474.0 0.71280501289016
564474.0 0.7108534420269395
564474.0 0.711918738767815
564474.0 0.7092773247168798
564474.0 0.7082775098460593
564474.0 0.7112625482402127
564474.0 0.711214270703117
564474.0 0.7073196352236291
564474.0 0.7131595785541865
564474.0 0.7130377126118673
564474.0 0.7079767095564015
564474.0 0.7066395176167096
564474.0 0.7089598867585465
564474.0 0.7121593622645819
564474.0 0.708564631863154
564474.0 0.7081307161182853
564474.0 0.7069052751799019
564474.0 0.7074674384121156
564474.0 0.7133884931776477
564474.0 0.7128107881785316
564474.0 0.7071038549507914
564474.0 0.7076152994455208
564474.0 0.7094594052508658
564474.0 0.7089376545312517
564474.0 0.7077886719482459
564474.0 0.708744343779549
564474.0 0.7071036640097629
564474.0 0.7106667803084044
564474.0 0.7094040685937001
564474.0 0.7077755533851021
564474.0 0.7085864667976233
564474.0 0.7075700582443518
564474.0 0.7068268255566822
564474.0 0.7067312795462307
564474.0 0.7103972778375088
564474.0 0.7067693931555613
564474.0 0.7105937296284229
564474.0 0.7106658219185429
564474.0 0.7105252234978733
564474.0 0.7104463117508151
564474.0 0.7105867648254232
564474.0 0.7121729676142916
564474.0 0.7105151317073656
564474.0 0.7104687594308865
564474.0 0.7104668663241851
564474.0 0.7089465169376366
564474.0 0.7085864667976233
558030.0 0.831483943710203
783876.0 0.4122999217927222
560532.0 0.7746520795032277
761112.0 0.41487646408936923
723078.0 0.43066999565965325
603021.0 0.6434979057891637
692817.0 0.45484484003403175
681567.0 0.4729120444101571
740406.0 0.43001766240508454
661230.0 0.5446832949634934
713448.0 0.4466081466475471
675714.0 0.48160606887464746
674691.0 0.5079562520941573
664227.0 0.5227687055968169
637752.0 0.6156884351061692
616947.0 0.6364290479284341
585924.0 0.6727513802545109
667986.0 0.5124748761430522
595662.0 0.6575230766255686
658341.0 0.5839379381842045
595176.0 0.6627381109499592
560532.0 0.748061525136702
751992.0 0.4207215449440508
658509.0 0.5655794465293222
750495.0 0.42774463762439285
561924.0 0.7376278870200851
703188.0 0.45348209017095525
632454.0 0.6347162283832927
620493.0 0.6352476362956522
648828.0 0.5874399475908919
562272.0 0.7146499316628144
641547.0 0.6007599116601287
707490.0 0.4514787756889245
581061.0 0.6755288642943287
569406.0 0.6859520440982569
637095.0 0.6336526976951491
576618.0 0.6831417221356224
658428.0 0.5714691250889309
576771.0 0.6801364599895221
646380.0 0.5953918333222494
643020.0 0.5994032893015842
560748.0 0.742469127731125
647544.0 0.5931430130314411
566226.0 0.6997188638262262
568410.0 0.6983026235098498
566226.0 0.704379918824335
636447.0 0.634361558095089
568554.0 0.694093350074688
568554.0 0.6905493313119236
564699.0 0.708539044217402
565266.0 0.7077454531712357
564474.0 0.7134093378721006
564474.0 0.714519765830178
564474.0 0.7139938575652393
564474.0 0.7142132960615555
564474.0 0.7144012954088126
564474.0 0.714218985310055
564474.0 0.7146028982498388
564474.0 0.7146498506269394
789969.0 0.41726881600862187
559992.0 0.8408892972565677
560622.0 0.7771797885370189
752157.0 0.4288313195477494
674763.0 0.5299269429288145
637953.0 0.6196416299513496
619848.0 0.6384161773540004
770454.0 0.4195380196097728
698031.0 0.4563505353917891
734343.0 0.43275654663239455
716718.0 0.4526774019734127
676308.0 0.49323629279577297
659829.0 0.5757295444147458
765093.0 0.4212428678934385
692223.0 0.4765899303646807
595902.0 0.6625163757427065
612618.0 0.6462628191720995
661323.0 0.5459665053099554
561306.0 0.7481907867936077
664770.0 0.5319448739062939
590412.0 0.6734943667334263
681585.0 0.47929572481496113
583986.0 0.6760993209101092
694641.0 0.46065869462816283
606324.0 0.6534265609748204
603504.0 0.658080372587772
647490.0 0.5954855648597918
562632.0 0.7184490979492604
658992.0 0.5849139838729085
562473.0 0.739118111664981
718929.0 0.44944451109712386
645678.0 0.6044766723965987
726582.0 0.445194205968191
643149.0 0.6123589818637404
619059.0 0.6386587133720989
577062.0 0.6814238208171379
663687.0 0.5456130926673969
731871.0 0.4386160754472942
679212.0 0.4867359725475632
641634.0 0.6188576505086475
652650.0 0.5887238894138784
726813.0 0.43912309971582
652113.0 0.5893400496636123
568188.0 0.704023481385864
565110.0 0.7091026578018076
679170.0 0.49292338662970364
568671.0 0.6968375825268197
562434.0 0.7437714928437895
575319.0 0.6860985629168949
573000.0 0.6894880112377622
568188.0 0.7015739927399697
570579.0 0.6946710994305692
571059.0 0.6932284169363729
572271.0 0.6897999184797259
563952.0 0.7149504733795309
564762.0 0.7105544555427405
564474.0 0.7147073777347942
576642.0 0.6857285878162659
577038.0 0.6838309700117823
652248.0 0.5888739020281865
735375.0 0.4328708888560767
561306.0 0.7786693263960949
638130.0 0.6219086692583674
719367.0 0.4550391280834196
623412.0 0.6423683826590233
661398.0 0.5582632828273159
733794.0 0.44129283945916326
653790.0 0.5902574324427421
676767.0 0.5138473237412093
594450.0 0.6757835616331581
646302.0 0.6126930490427103
600777.0 0.6632336331102782
562668.0 0.7225010518305103
562479.0 0.7580133445878676
705921.0 0.4578553445590217
618408.0 0.647859645092002
673293.0 0.5357799552723501
612111.0 0.6555790030334568
649068.0 0.5995636122510343
608769.0 0.661687962838061
665511.0 0.5403274977568916
677694.0 0.49817633979582365
662364.0 0.5489945538976019
693927.0 0.48142255871400286
585090.0 0.678491915076241
577380.0 0.6848519747819344
562254.0 0.7618460280341994
681699.0 0.4938444220953999
697986.0 0.46929052980321917
686985.0 0.48572185296564835
586080.0 0.6782345459365747
672189.0 0.5385902202712127
652578.0 0.5946582570717501
683550.0 0.48709572269811185
573150.0 0.6904822403371313
692457.0 0.48300894393684496
577374.0 0.6861778444284605
566535.0 0.7094050842973572
699288.0 0.4659626751148039
703647.0 0.4655737410822366
704022.0 0.46302597203346185
572118.0 0.6939813029637077
568332.0 0.7026480966099425
570579.0 0.6975821418460334
568344.0 0.7019223594031214
563886.0 0.7188774041606906
566451.0 0.712522859931011
570993.0 0.6973905131904639
564858.0 0.7133454533249811
698271.0 0.46746447284057924
564444.0 0.7169259154899503
564474.0 0.7149848682361032
564474.0 0.7153164120189299
564474.0 0.715655894171195
564474.0 0.7161446924200734
564474.0 0.716802938960811
564474.0 0.7164783653121592
564474.0 0.7149946900634019
564474.0 0.7164458876166231
564474.0 0.7161710057513887
564474.0 0.7154858378892985
564474.0 0.7168808067085263
564474.0 0.7154112261627351
564474.0 0.7154556301705824
564474.0 0.7154729349791102
564474.0 0.716170073939986
562326.0 0.7789203857808442
736434.0 0.4330184561615764
602508.0 0.6699434017013659
619167.0 0.6530794052164977
725331.0 0.4562355351595123
590370.0 0.6783912942878911
562773.0 0.7241436493627388
562668.0 0.7749211322745526
639915.0 0.6272785055837
630516.0 0.6429635705255686
580416.0 0.6856636980543923
699027.0 0.48029532998077584
662622.0 0.5672430849110641
659901.0 0.5909657577222523
713277.0 0.45892891502125216
685809.0 0.4947321413439813
680976.0 0.5016984900243731
625329.0 0.6439996030801071
666108.0 0.5452224562019504
679368.0 0.5156750567400389
719292.0 0.4587428057887719
704172.0 0.4639262342011576
703443.0 0.4660157484694495
692760.0 0.4903194983378459
672990.0 0.5396380901454579
646446.0 0.621648590229334
649143.0 0.6038788955954696
649095.0 0.6214028768595862
572988.0 0.6961885567890912
695325.0 0.48780717202241625
678549.0 0.5238593379771413
677424.0 0.5334651915823322
663747.0 0.5499863460263683
663447.0 0.5604643998894482
568344.0 0.7068700276796577
566226.0 0.7164055706117337
651558.0 0.6026065122935087
577038.0 0.6926444313748679
568932.0 0.7019848246885939
659607.0 0.5966662138323353
675132.0 0.5383306054999809
654690.0 0.5985297123246248
655257.0 0.5967763334511811
576126.0 0.69319380515862
564330.0 0.720942337014032
568434.0 0.7035113290838294
564648.0 0.7166543018684566
568662.0 0.7028042060131139
564474.0 0.719920181824009
564474.0 0.7171844218936171
564474.0 0.7189321105866946
564474.0 0.7173340755366379
564474.0 0.7193563382182914
564474.0 0.7176205770905816
564474.0 0.7183573470194639
564474.0 0.7196291023197474
564474.0 0.7179849410913653
564474.0 0.7177717476604236
564474.0 0.7198672883181942
564474.0 0.7186324025871503
564474.0 0.7187974122056855
564474.0 0.7194327772898442
564474.0 0.7174051009033432
564474.0 0.7175507775239311
564474.0 0.7181877711457434
564474.0 0.718645680762268
564474.0 0.7181208073717781
564474.0 0.7176737032853171
564474.0 0.7181466986319467
562443.0 0.7966340628271271
749340.0 0.43867886814050217
730569.0 0.45665919668347926
562443.0 0.7818252202466391
610596.0 0.6864789017485569
681240.0 0.5161074324706689
563952.0 0.733976251331717
674049.0 0.5398493626632219
743886.0 0.44398159544688
590397.0 0.6874869548300784
702360.0 0.4850882362999506
663804.0 0.5647058464520923
627990.0 0.6470146031463436
717003.0 0.46140485972012035
692940.0 0.494528721115006
661809.0 0.5924274012314208
640743.0 0.628840349241449
618708.0 0.6701347538991506
647985.0 0.6217893605712823
684030.0 0.5036743024238263
613968.0 0.6758933141136809
670881.0 0.5509988577790372
655572.0 0.5982916416990376
705741.0 0.4740352523544257
635682.0 0.6436901350914157
650673.0 0.6047879695624132
640491.0 0.6420568576076138
619848.0 0.6539279702016568
649620.0 0.6135306162582274
576618.0 0.701895949315559
709389.0 0.46964436927418995
565722.0 0.7174968963437308
619848.0 0.6547399120102796
667590.0 0.5577903835539124
661533.0 0.5955937882250978
687405.0 0.4958458857497853
568356.0 0.7076887482991425
570054.0 0.7030392631239946
714798.0 0.463656491144208
667422.0 0.5622980721863668
581061.0 0.6925284065015173
587814.0 0.6881596062205063
584937.0 0.6896863969762287
577770.0 0.6951264911485281
564006.0 0.7295504043108629
688548.0 0.495738019948333
582093.0 0.689795024668404
564432.0 0.7229623013226578
576618.0 0.6962221098202366
712173.0 0.4672401631380039
712143.0 0.4672807073423539
569526.0 0.7042736241157401
568485.0 0.706521158709842
564984.0 0.7197648338646996
564858.0 0.720169230007184
564456.0 0.7211505200111661
564474.0 0.7210073362781794
749550.0 0.4401212946571759
563283.0 0.787082931351034
621903.0 0.6692549617306165
594078.0 0.6883259738752442
641697.0 0.6346075534156707
721935.0 0.4620206784135973
746166.0 0.4532337603182122
702585.0 0.4882455995228653
564123.0 0.7518706846311127
652149.0 0.6166646765226214
683208.0 0.5191270520830527
630840.0 0.6502760240893117
679284.0 0.5435717487143883
633087.0 0.6496943462897491
707508.0 0.4749496562624186
664488.0 0.5803468830614408
667296.0 0.5674367181399874
695484.0 0.4964031553408893
576942.0 0.7006381747531112
688644.0 0.5080128914446519
589218.0 0.6916104737610586
671100.0 0.5527680984520317
582168.0 0.6936267016088894
663591.0 0.5986140574733143
653850.0 0.608246791357904
686310.0 0.5161418974886746
570054.0 0.7062689987590646
714183.0 0.47437045210451106
659232.0 0.6053408423929884
719100.0 0.4668982253586437
748605.0 0.452047180529175
664617.0 0.5694121622432853
691524.0 0.5005320773995623
578754.0 0.6952493568998568
717048.0 0.47236951748810374
568500.0 0.7166822757186374
676560.0 0.5505383597274445
660084.0 0.5997681303499129
671472.0 0.551440935345095
593457.0 0.6902715335067808
566085.0 0.721281438283136
564432.0 0.7398456544076456
677889.0 0.5493033509232552
653589.0 0.6160849660999761
692622.0 0.4977103626382701
564456.0 0.7316962389246664
568554.0 0.7101479702023125
564300.0 0.7480839911500132
564426.0 0.7437187535657315
662868.0 0.5995410107028883
569052.0 0.7067013002102843
568746.0 0.7082334829618981
564474.0 0.7216318251007914
564456.0 0.7290142318404834
564474.0 0.7280836786438019
564474.0 0.726162817177559
564474.0 0.7268038372085867
564474.0 0.728756536156524
564474.0 0.7275777788041601
564474.0 0.7252286474940934
564474.0 0.7232825739998383
564474.0 0.7225781392707
564474.0 0.7242280456987356
564474.0 0.7239117620915452
564474.0 0.7245874184073187
564474.0 0.7222351845935009
564474.0 0.7256866127227791
564474.0 0.7219512576124465
564474.0 0.7272167796711221
564474.0 0.7256360156026644
564474.0 0.7248481272470176
564474.0 0.7236442190296846
564474.0 0.7272868221769891
564474.0 0.72353227744965
564474.0 0.7217403093479672
564474.0 0.722483021808021
564474.0 0.7247847202144755
564474.0 0.728999266171942
564474.0 0.7233100650856268
564474.0 0.7214972159481194
564474.0 0.7215289656864892
564474.0 0.7225386743515093
564474.0 0.7224959744969092
563838.0 0.799758771125989
759408.0 0.44283494719521266
750048.0 0.4455440026733046
729516.0 0.46369615131804653
631668.0 0.6504064560370598
623679.0 0.6852485968227284
623769.0 0.6738287230300913
654315.0 0.6190755543544622
602556.0 0.6908670257334117
669300.0 0.5681250420068291
642966.0 0.6377741114212441
706392.0 0.4885381725142465
564426.0 0.7575233995066021
712356.0 0.4772591585196951
672828.0 0.5533521741984941
665280.0 0.5880248306768708
691497.0 0.511054497264647
697998.0 0.4991160452868901
687309.0 0.534135991964127
681390.0 0.5435879984307823
723033.0 0.4721125499373674
642192.0 0.6453063173002358
588684.0 0.694121193163938
654843.0 0.6102730303064571
664446.0 0.6080741102463666
600177.0 0.6912681016042552
665199.0 0.6005926568551636
569310.0 0.7072270711232002
724374.0 0.464430106865853
577182.0 0.7071100356337969
568698.0 0.7206311692313537
693528.0 0.5030007816958716
684129.0 0.5374041020234264
692490.0 0.503882808053803
564762.0 0.7223706305989069
585084.0 0.6950998149825813
583734.0 0.6964572617897842
577320.0 0.7041391750419015
684210.0 0.5344459163859707
581250.0 0.6982022392463659
568866.0 0.7130364269467891
568803.0 0.7148541622237368
580215.0 0.7033202678505045
564561.0 0.7245664684652597
581076.0 0.7004492974729912
564510.0 0.7289623766416561
580416.0 0.7021365779294367
564444.0 0.7537764087598539
564474.0 0.7396237363460892
564474.0 0.7410029863510069
564474.0 0.7499749228833191
564474.0 0.7528076731408654
564474.0 0.7489962835590571
564474.0 0.7479753599111827
564474.0 0.7366091820253836
564474.0 0.7507353200036038
564474.0 0.7375676931391032
564474.0 0.7482620703510637
564474.0 0.7412981730741965
564474.0 0.747108249118041
564474.0 0.7348813399437593
564474.0 0.7297453098833988
564474.0 0.7420556244010895
564474.0 0.7341105600179985
564474.0 0.7304971430254809
564474.0 0.7392197803377362
564474.0 0.7534742298470417
564474.0 0.7364698827122541
564474.0 0.7358458392062336
564474.0 0.738689866286648
564474.0 0.7518960946607973
564474.0 0.7311605426131319
564474.0 0.7522674144843893
564474.0 0.7330382259916448
564474.0 0.74482522728083
564474.0 0.7470358621446277
564474.0 0.7306183449150814
564474.0 0.7515124388176218
564474.0 0.7464956115206182
564474.0 0.7510667024903522
564474.0 0.7381558926832162
564474.0 0.7494619365656049
564474.0 0.7388240678987393
564474.0 0.7460301980559266
564474.0 0.733542513552319
564474.0 0.7327858658146387
564474.0 0.732432408444566
564474.0 0.745084463018219
564474.0 0.7292780082414055
564474.0 0.7378444266932733
564474.0 0.7444702316322725
564474.0 0.7464609767488405
564474.0 0.7512935241506573
564474.0 0.7432475169059178
564474.0 0.749425630418355
564474.0 0.7320063909922631
564474.0 0.7351389397849043
564474.0 0.7323019043060492
564474.0 0.7439730715140033
564474.0 0.7428519183254517
564474.0 0.7426697974606166
564474.0 0.743090122800694
564474.0 0.7354694206957308
564474.0 0.7435297909129882
564474.0 0.7521792995605003
564474.0 0.7424345681937911
564474.0 0.7316865411758835
564474.0 0.7436872746713838
564474.0 0.7318626246923856
564474.0 0.738144371676588
564474.0 0.7536024711057917
564474.0 0.7410485248222837
564474.0 0.7453050941351643
564474.0 0.7295701427949348
564474.0 0.7423097336486637
564474.0 0.7350420806021658
564474.0 0.7455132365868168
564474.0 0.742175783421978
564474.0 0.7329227278000555
564474.0 0.7337609696357793
564474.0 0.7356846920316235
564474.0 0.7340179949311431
564474.0 0.7441123599866475
564474.0 0.7458385833580656
564474.0 0.7443595122692955
564474.0 0.7436212089903877
564474.0 0.7312847026638617
564474.0 0.7456961264663096
564474.0 0.733561174789751
564474.0 0.7355210659336364
564474.0 0.7313820958981408
564474.0 0.7338675226139771
564474.0 0.7453606521610031
564474.0 0.7442376709778549
564474.0 0.7294339922425891
564474.0 0.7376762376637392
564474.0 0.7315105857369479
564474.0 0.7459329084969616
564474.0 0.7456178944234876
564474.0 0.7357689792360619
564474.0 0.7294811877696552
564474.0 0.7314938484296553
564474.0 0.7442103774949417
564474.0 0.7305501627184796
564474.0 0.7376496014195025
564474.0 0.733809841640185
564474.0 0.7494359200161193
