806745.0 0.12359773909959375
806745.0 0.11763879028080623
471723.0 0.8070561592155744
644574.0 0.43698667261426816
615024.0 0.554947522525753
554949.0 0.6114340036900533
570309.0 0.5896958559699289
674637.0 0.4062129657573739
676557.0 0.37412190990479605
751971.0 0.143017153628406
520743.0 0.6318032996944931
637032.0 0.5127263944927943
711153.0 0.3609608080758267
790317.0 0.14051173720014454
570309.0 0.5639856518680976
485625.0 0.724681106059859
634782.0 0.5522415702331119
517215.0 0.6435381040493435
725736.0 0.26375888721484164
496044.0 0.712191541552136
510573.0 0.6643909055070966
500157.0 0.6873861648350987
508917.0 0.6747827560839423
715599.0 0.28429227417235664
727533.0 0.25596345663272885
732417.0 0.23796385040949306
715599.0 0.3545594375910942
500076.0 0.7044252252326549
801489.0 0.12587531032305616
473838.0 0.7957906688725547
794412.0 0.13298123282207108
734925.0 0.2247585109268022
636078.0 0.5267564448416042
635802.0 0.5393670566053337
738717.0 0.19277504725755917
475449.0 0.782094684500907
734925.0 0.20844281656806396
479625.0 0.7372078150914146
715599.0 0.30516574144841474
479625.0 0.747675399878198
715599.0 0.3062831911992288
715599.0 0.31256730924527193
791673.0 0.13710215505263254
477051.0 0.7776583812626047
715599.0 0.33636152116096785
738717.0 0.1539631030462344
734925.0 0.23300842207283365
479625.0 0.7723336146149763
715599.0 0.3227106174429432
806595.0 0.12537913659557814
715599.0 0.34381352950775135
715599.0 0.3281167599352725
738717.0 0.16420555666623823
479625.0 0.755109680167678
479505.0 0.7745292462732013
738717.0 0.19405640548913855
738717.0 0.16032067246806547
715599.0 0.34290165357768365
479625.0 0.7608296408851635
738717.0 0.1566486866255481
738717.0 0.16962890391179883
806745.0 0.12324145471971447
479625.0 0.756978584532613
806745.0 0.11799923779029692
715599.0 0.32541798880704986
738717.0 0.18394572738867915
738717.0 0.18060089543933988
479625.0 0.7635971363374351
738717.0 0.17670078941038284
738717.0 0.1738149773055147
738717.0 0.1788328151220426
479625.0 0.76814417180556
738717.0 0.17029558469246017
738717.0 0.17211276695781227
738717.0 0.18857541687069063
738717.0 0.17514770066384042
738717.0 0.18673294068315258
738717.0 0.17186534005195414
479625.0 0.7693866960857699
479625.0 0.7663568725640855
806745.0 0.12475074554384943
479625.0 0.7707157108962766
738717.0 0.17568340204545146
479625.0 0.7719624049490088
738717.0 0.18487582232877545
738717.0 0.19089721794567988
479625.0 0.7709718299632442
479625.0 0.7689077163083916
738717.0 0.19007869365787466
479625.0 0.7652071404236312
738717.0 0.20190134070796092
738717.0 0.18621053877818017
479625.0 0.7738103544454933
479625.0 0.7653803226415569
479625.0 0.7641665091723018
738717.0 0.20265006072870934
479625.0 0.7728132925644976
479625.0 0.7663383304851217
738717.0 0.18551976141905122
738717.0 0.19310566933106113
738717.0 0.1979952917458993
738717.0 0.1794853079584972
738717.0 0.20672106615536603
738717.0 0.192162954701659
738717.0 0.1985133227651144
738717.0 0.1992119258056664
738717.0 0.1937502714831538
738717.0 0.2079629189950856
738717.0 0.19133738964766359
738717.0 0.2071896477341271
738717.0 0.17968244683486828
738717.0 0.19159153279225521
738717.0 0.19752998830297347
738717.0 0.19939065280592547
738717.0 0.18524844026291926
738717.0 0.2006563590406373
738717.0 0.20126976423779921
738717.0 0.201436963597919
738717.0 0.19529016561983484
738717.0 0.1920084773182778
479625.0 0.7641000804100585
738717.0 0.19507373015725663
738717.0 0.20763817721689393
738717.0 0.19988395578666443
738717.0 0.1867266402341298
479625.0 0.7741713085460048
738717.0 0.20593737879635454
738717.0 0.19601534667430814
738717.0 0.18015795443891533
479625.0 0.772775614211007
738717.0 0.2083407206145255
738717.0 0.18967327400358927
738717.0 0.2063749712899683
738717.0 0.20452761465375532
738717.0 0.1984177510110025
738717.0 0.18893599209318862
738717.0 0.2074047719495343
738717.0 0.20040527664942734
738717.0 0.19472308185859732
738717.0 0.19733528947458662
738717.0 0.203983933850905
738717.0 0.20360292678340344
738717.0 0.1956757446041827
738717.0 0.20323656214827224
738717.0 0.2029947780090476
738717.0 0.20365811436881995
738717.0 0.18937123972928685
479625.0 0.7740077563430232
738717.0 0.18861619281441463
738717.0 0.19679965456239798
738717.0 0.2052954692731194
738717.0 0.20640287375494165
738717.0 0.19569453013031665
738717.0 0.19280184931845087
738717.0 0.18037666563199156
738717.0 0.19648589393287091
738717.0 0.20011569936957999
738717.0 0.1965518926327347
738717.0 0.18911158855588062
738717.0 0.20425447239704772
738717.0 0.1962252665444997
738717.0 0.20509973251054583
738717.0 0.1971004144536052
738717.0 0.19458492035516292
738717.0 0.20492438593485413
738717.0 0.19690233918310424
738717.0 0.19424425439627688
738717.0 0.20408764612524172
738717.0 0.18947951406919966
738717.0 0.2047122747723064
738717.0 0.2058028164787988
738717.0 0.20475640341114895
738717.0 0.1802735452681446
738717.0 0.196197812642412
738717.0 0.1943773758692702
738717.0 0.20563820788485582
738717.0 0.19705195813420587
738717.0 0.18960903587816796
738717.0 0.20544978116575946
738717.0 0.19923662598467679
738717.0 0.18906846357436102
738717.0 0.205011753503077
738717.0 0.19399487471184526
738717.0 0.20129122349864867
738717.0 0.20312551398567433
738717.0 0.2042273161356466
738717.0 0.20056003699654543
738717.0 0.19464268362108722
738717.0 0.20586256663827227
738717.0 0.194303179550372
738717.0 0.20303249875168095
738717.0 0.1801646496593986
738717.0 0.20319961616957963
738717.0 0.19388722757207263
738717.0 0.20843444576932246
738717.0 0.19992880307368666
738717.0 0.19845281107423993
738717.0 0.200058027259245
738717.0 0.19380839657243532
738717.0 0.20062718409410454
738717.0 0.19999495429142597
738717.0 0.1938340490984706
738717.0 0.20553068862394247
738717.0 0.19437576274017287
738717.0 0.1999796747140841
738717.0 0.20057787086936263
738717.0 0.2055816459784554
738717.0 0.20008605185876616
738717.0 0.2054791752770526
738717.0 0.20559370516244463
738717.0 0.19388578258065028
738717.0 0.20550657230750527
738717.0 0.20056337446529218
474927.0 0.8066571321191295
806949.0 0.12159715570230543
525642.0 0.6391062640817428
571842.0 0.6312653748926101
686313.0 0.39301136488285354
653091.0 0.4495531008491905
606651.0 0.5871283405280994
645369.0 0.4986377719856139
676248.0 0.43254812482437643
583581.0 0.5885178158082927
518973.0 0.675643509508651
617802.0 0.5706146127409196
711303.0 0.387212232171918
572235.0 0.5983677615540806
668694.0 0.4393211665243127
627033.0 0.5556522349873382
764967.0 0.15286550930549267
481638.0 0.7405476362815835
502359.0 0.7100976209090993
508167.0 0.6923341219281047
731913.0 0.2645507442875722
746781.0 0.18465733447574087
719421.0 0.3407439038962362
509595.0 0.6827077930652216
479883.0 0.7566163486494549
500313.0 0.7221003951418437
489465.0 0.7300879546716028
746781.0 0.20807515739105512
639444.0 0.5535029690359297
782559.0 0.14513519879559297
475464.0 0.7835556589313576
728493.0 0.2862797576166354
643953.0 0.5154156519242549
641952.0 0.5352678260921699
719823.0 0.31555707078527956
492048.0 0.7266411028894936
719421.0 0.355296849324669
752955.0 0.15644679967824374
790389.0 0.142699702467021
719883.0 0.28889713505934206
642639.0 0.5236566532395984
802584.0 0.12960872503205204
639681.0 0.548065575238804
775155.0 0.15216944676533187
732579.0 0.2530858339120715
719883.0 0.29919595696723117
715599.0 0.37686871424323176
727791.0 0.28846479618987336
798669.0 0.1366426472362775
794511.0 0.14266787645517037
479625.0 0.7745691282089271
715599.0 0.38225771887390975
775737.0 0.1519850281775311
738717.0 0.21475955795416077
719883.0 0.311231864518811
798033.0 0.14000432684589856
734925.0 0.24766852901096997
734925.0 0.24183440436224093
751971.0 0.18201062316696442
715599.0 0.36284416938483405
715599.0 0.37032357926922504
806745.0 0.12935679484258997
479625.0 0.7788248681963551
738717.0 0.21578654934870442
715599.0 0.36617555180947425
775737.0 0.14957929765672615
751971.0 0.17169471715684517
751971.0 0.16324007149288244
734925.0 0.24730561167616788
806745.0 0.12661086928734758
752955.0 0.15465265164918818
751971.0 0.15884960803537612
751971.0 0.16802550271677458
775737.0 0.14598602011468295
751971.0 0.17425504007552714
734925.0 0.23857919276221348
751971.0 0.16680838865802136
751971.0 0.17641138431273728
751971.0 0.15779561246299073
751971.0 0.16477470588285315
751971.0 0.17556717762187068
751971.0 0.18124324847889264
751971.0 0.16547602646441584
751971.0 0.17945470982612063
751971.0 0.18362971286119023
751971.0 0.17918190486934746
751971.0 0.17772392730861328
479625.0 0.7780351679998542
479625.0 0.7764190003639624
806745.0 0.12902950802820665
479625.0 0.7755562717032936
738717.0 0.2222612122188936
479625.0 0.77748229812987
479625.0 0.7813332003065908
479625.0 0.7820052778711937
751971.0 0.18401804072676306
479625.0 0.7825547184914753
479625.0 0.7810459969364806
806745.0 0.1273221293391352
751971.0 0.17638456328105243
479625.0 0.7749565902088814
806745.0 0.12830968905906096
479625.0 0.7804204323517733
479625.0 0.7786207205048109
738717.0 0.2350260358868335
738717.0 0.22159137228589343
479625.0 0.7770684780424008
479625.0 0.7829594819392699
738717.0 0.2200618949787408
751971.0 0.1770892437941459
479625.0 0.7800446894990184
751971.0 0.17756486593808157
738717.0 0.2262567994303011
738717.0 0.20865124460448614
806745.0 0.12749712686425693
479625.0 0.7754042614903754
479625.0 0.7796145170852431
738717.0 0.22731626712068578
738717.0 0.22568874270883515
738717.0 0.20957600085285993
738717.0 0.2293937893776019
751971.0 0.1815600923813052
738717.0 0.22706834006827306
479625.0 0.7822597375408425
738717.0 0.23464502590740421
806745.0 0.12799916806353928
738717.0 0.22423439210760848
738717.0 0.20906490601074967
738717.0 0.2276534591110065
738717.0 0.22154098882676565
738717.0 0.21196205078090985
738717.0 0.23030183141797428
806745.0 0.1279231488998572
751971.0 0.17689007857159386
738717.0 0.2291599695871219
738717.0 0.23602970224319672
479625.0 0.7833072481613598
738717.0 0.21326856426362037
738717.0 0.2246772289311379
738717.0 0.22514152760601236
738717.0 0.22106978671503535
738717.0 0.2115906042978019
751971.0 0.18180585827804016
738717.0 0.22676020818281234
738717.0 0.23330934266253656
738717.0 0.21027997968588497
738717.0 0.23538755035525566
738717.0 0.2382779405135012
738717.0 0.2136187939574652
738717.0 0.21144461095841627
738717.0 0.22388402775430527
738717.0 0.23401864687854138
751971.0 0.18373797483195578
479625.0 0.7767791328562829
738717.0 0.23728652357117958
738717.0 0.22542165207808315
738717.0 0.22257634374720578
738717.0 0.22889595844999705
738717.0 0.20891918045934155
479625.0 0.7802500422434839
738717.0 0.23366983352114004
738717.0 0.22972457540364277
738717.0 0.23625769710856284
738717.0 0.21609785148107932
738717.0 0.21653215734909984
738717.0 0.22040119977229616
738717.0 0.2168516327068416
738717.0 0.21109232367162725
738717.0 0.21002040278471173
738717.0 0.23048665761616993
738717.0 0.23229317266649313
738717.0 0.21974067644671602
738717.0 0.21044702890780426
738717.0 0.23576206494198984
738717.0 0.23429315025839934
738717.0 0.23704055311618283
738717.0 0.2299822476510933
479625.0 0.7794463204239434
738717.0 0.23389790929900298
738717.0 0.21210606947886831
738717.0 0.23284932319455998
479625.0 0.7826443553827145
738717.0 0.22370771160858235
738717.0 0.23759090292762172
738717.0 0.2278388010309855
738717.0 0.22329757115188087
738717.0 0.21821271855901825
738717.0 0.2128651897027448
479625.0 0.7790647300453435
738717.0 0.21278717401808075
479625.0 0.7792794515844792
738717.0 0.2154757441823968
738717.0 0.23108198025574175
738717.0 0.21832266435246156
738717.0 0.23852466038141346
738717.0 0.2106297591345402
738717.0 0.22827020032342382
806745.0 0.12822879625108868
738717.0 0.23247457993514692
738717.0 0.21914685539226345
738717.0 0.21234966805576624
738717.0 0.22865320110147608
751971.0 0.17939937195295483
738717.0 0.215243408653757
738717.0 0.2281657774181824
738717.0 0.2086767200997781
738717.0 0.23649802700419859
738717.0 0.2158843403154626
738717.0 0.22056899005861205
479625.0 0.7766049870089171
738717.0 0.21801418487230542
738717.0 0.23783096927953198
738717.0 0.2252098939065916
738717.0 0.23265907487548723
738717.0 0.23666473735377158
738717.0 0.23167890557279078
738717.0 0.214672108653346
738717.0 0.23065517493941698
738717.0 0.21951941468752362
738717.0 0.2162520715276481
738717.0 0.23720481029808924
738717.0 0.21229357705611113
738717.0 0.2287833335943679
738717.0 0.21716443031335764
738717.0 0.2363992424943497
738717.0 0.23760184474960044
738717.0 0.2231792739146216
479625.0 0.7788495285470171
738717.0 0.21308670622711265
738717.0 0.22094361188994194
738717.0 0.22661924959389257
738717.0 0.2329795572750496
738717.0 0.2297676785979239
738717.0 0.23810757208336442
738717.0 0.2156672262204626
738717.0 0.22461991470119916
738717.0 0.21450482550732486
806745.0 0.1280313476399268
738717.0 0.23368494413906937
806745.0 0.12939044426089977
738717.0 0.21849575433822704
738717.0 0.2308947971204645
738717.0 0.22647700308043112
738717.0 0.22629793952810384
738717.0 0.21256904901217977
738717.0 0.23175644631149714
738717.0 0.22350288718830374
806745.0 0.12960113935806808
738717.0 0.21256938280508647
738717.0 0.23323076801395398
738717.0 0.2172745848024056
738717.0 0.22996118793622505
738717.0 0.2229931826107957
738717.0 0.23449404737924168
738717.0 0.22442570073030266
738717.0 0.2321216796877819
738717.0 0.21072800957164992
738717.0 0.22348905840683814
738717.0 0.23150088631939902
738717.0 0.21933514918290295
751971.0 0.1769108874058188
738717.0 0.22799933536715408
738717.0 0.21634459515897098
738717.0 0.2285092823084589
479625.0 0.7834514018832287
738717.0 0.23675469366582857
738717.0 0.2136847551960995
738717.0 0.22441227754012052
738717.0 0.2149449643632513
738717.0 0.21412073201859874
738717.0 0.23117904913902992
738717.0 0.21753657144497457
738717.0 0.21932000142404157
738717.0 0.223057674514445
738717.0 0.2313558051465884
738717.0 0.22844587952956244
738717.0 0.2147656846306947
738717.0 0.22266757972264087
738717.0 0.20985707376255897
738717.0 0.21381067748522495
738717.0 0.236860041516849
738717.0 0.22558794460034912
738717.0 0.21879436271771063
738717.0 0.21769224794993397
738717.0 0.21887919731748862
738717.0 0.2312711346882949
738717.0 0.22282312032628485
479625.0 0.7766819085750377
738717.0 0.2190438972006283
738717.0 0.21444059088886464
738717.0 0.22284409138961944
738717.0 0.22042693622241946
738717.0 0.21897288865055622
738717.0 0.21313458663715754
738717.0 0.20992368016962407
738717.0 0.22796789253447353
738717.0 0.2379801903516669
738717.0 0.22082624847574717
738717.0 0.21097670590197543
738717.0 0.2319538881631129
738717.0 0.2318976659503284
738717.0 0.21869845505494698
738717.0 0.23785972647941386
738717.0 0.21398291151082288
738717.0 0.21771680932039048
738717.0 0.21433346120204883
738717.0 0.20905323673100487
738717.0 0.2330929278155908
738717.0 0.2170335139352437
738717.0 0.21644969783065915
738717.0 0.234363793381359
738717.0 0.209739411942066
738717.0 0.2138677928016251
738717.0 0.21555167340558637
738717.0 0.21737936502805383
738717.0 0.21971139038359877
738717.0 0.21417333852777634
479625.0 0.7791570958413827
738717.0 0.23205995633522142
738717.0 0.22078725052829168
738717.0 0.23443356509494215
738717.0 0.23073974582982906
738717.0 0.21960610259622165
738717.0 0.22069023969023316
738717.0 0.21750380799008415
738717.0 0.22106513041633538
738717.0 0.2238184406286171
738717.0 0.2174099563100959
738717.0 0.21784033144551057
738717.0 0.21083684257958737
738717.0 0.21697743632127336
738717.0 0.23145711860929188
738717.0 0.21510744739635573
738717.0 0.2109328694472557
738717.0 0.23257085671753905
738717.0 0.23078332405447308
738717.0 0.2110860162293673
738717.0 0.23555095574763904
738717.0 0.2330871866220624
738717.0 0.2179525237155144
738717.0 0.23544960458312403
738717.0 0.21790107860228414
738717.0 0.2368585943671425
738717.0 0.21425457999952655
479625.0 0.7835018863691146
738717.0 0.21394922832915736
738717.0 0.2354998392192762
738717.0 0.22652211075440443
738717.0 0.22560356878201576
738717.0 0.21583264637960012
738717.0 0.2151472251060154
738717.0 0.2206958093061268
738717.0 0.21520473238822066
738717.0 0.21502919465539505
738717.0 0.2356140918081214
738717.0 0.21854838437379062
479625.0 0.7791461483652253
738717.0 0.22263806939402284
738717.0 0.23804205746803592
479625.0 0.7826437250794023
738717.0 0.21475824125462584
738717.0 0.21958455856469314
738717.0 0.21150620343427692
738717.0 0.22568817634528182
738717.0 0.21858825672368656
738717.0 0.2356844873115648
738717.0 0.21648601406096535
738717.0 0.21689829234043026
738717.0 0.21085883749598044
738717.0 0.20962967320051099
738717.0 0.2155297434648829
738717.0 0.23085663672980986
738717.0 0.2150143234635388
738717.0 0.21495651039580913
738717.0 0.23259198520183794
738717.0 0.22383222108992082
738717.0 0.21864341532778336
738717.0 0.22845586401985946
738717.0 0.20967845002397553
738717.0 0.23801737085697905
738717.0 0.23208571273586684
738717.0 0.21150487141477486
738717.0 0.20971844397708744
738717.0 0.21784081762410065
738717.0 0.23190744333618915
738717.0 0.2170210422767732
738717.0 0.21429443567813514
738717.0 0.21863294931683122
738717.0 0.2251640738422046
738717.0 0.20965538068019848
738717.0 0.2385596062535543
738717.0 0.2131047991282612
738717.0 0.2168953409276712
738717.0 0.22651880566634397
738717.0 0.22465796867080493
738717.0 0.23147815942662872
738717.0 0.21427779697373325
738717.0 0.2308591249062866
738717.0 0.2356791014567936
738717.0 0.2356479748705609
738717.0 0.235643555713236
738717.0 0.2139716933130858
806745.0 0.12937514642787182
738717.0 0.210851283420125
738717.0 0.23259161958030436
738717.0 0.22466416678139467
738717.0 0.23857335967439985
738717.0 0.22515341737740413
738717.0 0.22515893683570445
738717.0 0.23857774643117083
475143.0 0.8293120552696843
808938.0 0.1223847649093687
535221.0 0.6424573135595074
573234.0 0.6292316167313894
688686.0 0.415470818923926
673092.0 0.4431390561289454
642336.0 0.5391145409474852
657723.0 0.45327548333312034
707469.0 0.39673502155385193
579177.0 0.6093329286773346
598614.0 0.6029519722452952
633009.0 0.5623204103838866
603477.0 0.5901825395666621
526383.0 0.6664301799670408
769149.0 0.15650377275015862
496827.0 0.7276834895636458
621825.0 0.5825659720661877
509244.0 0.7109412021892515
653688.0 0.5177587012908841
656202.0 0.49286995165586983
521574.0 0.6828044093568795
752955.0 0.17406643136607197
715599.0 0.3905572648086508
626898.0 0.5760553493468176
491451.0 0.7310603644925983
481593.0 0.7702597357036839
519996.0 0.6969099531368171
487779.0 0.741174865826526
475269.0 0.8082711700973991
725736.0 0.29218405107982093
778911.0 0.15096590480867778
790317.0 0.1489988401359215
719823.0 0.3470221621580749
778977.0 0.14999153938154616
515340.0 0.7004530395730456
719883.0 0.3268152451233664
718581.0 0.38468332258003
719565.0 0.36756233815303085
510387.0 0.7021257205899659
723669.0 0.30917026337886105
487434.0 0.7526264672383952
654360.0 0.5117480461101938
483909.0 0.761863530417069
798771.0 0.13777348867095704
804357.0 0.13328211999496173
719883.0 0.31654963989392654
477282.0 0.8042803511245565
655503.0 0.49936453025184113
746781.0 0.23872377360815375
738717.0 0.24761581098322666
624630.0 0.5786070119877789
732252.0 0.2902703540352989
794013.0 0.14270824420825262
798621.0 0.14194219383013845
477282.0 0.790988060801123
483909.0 0.7555598048914687
723684.0 0.300628196323033
479625.0 0.7838281502118157
719883.0 0.33334703941041344
808935.0 0.12393880655544944
746781.0 0.23494123340945555
719421.0 0.3738525209807057
751971.0 0.20198425573480577
734925.0 0.2695073674355611
806745.0 0.1298995169720367
792468.0 0.14451589796798603
732579.0 0.28607410443273223
734925.0 0.25591772775395083
734925.0 0.27614273493935215
734925.0 0.2738795324368252
477282.0 0.7895060425692343
723669.0 0.30193267363232995
477501.0 0.7861817426610573
732579.0 0.28339382844992234
734925.0 0.26278634599691225
719883.0 0.33974456782369317
655866.0 0.49756875180315346
719823.0 0.3415172529011107
752955.0 0.15909749623234093
719565.0 0.37016856892992783
804876.0 0.13243525229834438
736164.0 0.25299201510549807
738717.0 0.24627680842219482
790593.0 0.1458088436531167
479625.0 0.7850546484080364
736164.0 0.25308877914317324
752955.0 0.16341520801847767
746781.0 0.2152261678988952
719421.0 0.37359083442810437
746781.0 0.2122238912979965
734925.0 0.25770721965318844
479625.0 0.7843562948235516
732279.0 0.28961404776980515
806745.0 0.13049859576957998
746781.0 0.21872868150598646
734925.0 0.26124159757323473
746781.0 0.22142064319069713
746781.0 0.21772809984524386
790389.0 0.14739316780878745
732579.0 0.2843565858696422
752955.0 0.16535366405898552
752955.0 0.1678443468255892
752955.0 0.17143552373015353
751971.0 0.20777294460565246
746781.0 0.20977843786033704
752955.0 0.16848414608807227
752955.0 0.17023160591482053
746781.0 0.22224599405111242
752955.0 0.1844472009329685
752955.0 0.17891796006780092
790593.0 0.1461913739329274
752955.0 0.16463565212217715
752955.0 0.17692304796635322
746781.0 0.23309755949014277
751971.0 0.186554141722026
746781.0 0.23617263289863857
746781.0 0.22427433791900295
752955.0 0.17546301769228198
734925.0 0.2613221662299195
738717.0 0.250463817687629
751971.0 0.1855845277289946
746781.0 0.22671725691657335
746781.0 0.22359985009571193
746781.0 0.22551101606028182
738717.0 0.2491008989386476
746781.0 0.22787853869676053
738717.0 0.2419547734739665
752955.0 0.18127436726345092
752955.0 0.1800319354578729
752955.0 0.17785918318338292
746781.0 0.2252762063806063
746781.0 0.23077546018709644
746781.0 0.22701279461152937
746781.0 0.233997328354564
752955.0 0.17996613933106387
746781.0 0.2321653441615989
751971.0 0.18719631161606648
738717.0 0.25152261627739586
751971.0 0.1911112656901103
746781.0 0.235209167313176
746781.0 0.22979621154740137
752955.0 0.17073126990955612
751971.0 0.1900771489531049
738717.0 0.24105021530222268
751971.0 0.19483823699616226
479625.0 0.785475379897311
751971.0 0.1938866939126425
746781.0 0.23423691578701347
752955.0 0.1815163119509542
751971.0 0.19198647257750986
752955.0 0.17472280696635323
738717.0 0.24816802856901482
738717.0 0.2395808386806326
738717.0 0.2488995838567757
752955.0 0.18289735023932352
752955.0 0.1823616973945101
751971.0 0.18502713521202976
746781.0 0.2316174785930744
751971.0 0.19301956219736538
738717.0 0.25114456938909174
738717.0 0.24718843338395996
751971.0 0.18836298357700185
752955.0 0.18357866239719137
751971.0 0.1889298583673672
751971.0 0.20328627340989638
752955.0 0.17536457310606512
746781.0 0.22894713999724706
738717.0 0.24589923851268014
752955.0 0.1773697317746998
751971.0 0.1893704369345304
746781.0 0.23677810601540833
479625.0 0.7860155399214844
752955.0 0.17124194864972098
751971.0 0.20397672188535845
738717.0 0.25220478802212093
738717.0 0.2401373094693876
738717.0 0.2437277380151876
746781.0 0.22842475281272426
746781.0 0.2237120174851904
738717.0 0.24408033577474084
752955.0 0.17446396632065234
746781.0 0.23831211154723142
738717.0 0.24467014339165202
806745.0 0.1314992457491481
751971.0 0.1999958760374045
751971.0 0.19733423286333307
751971.0 0.18780771396623427
746781.0 0.23113923794642824
738717.0 0.24661550598215112
738717.0 0.24554213261896612
746781.0 0.2373467145411012
751971.0 0.18764113268190846
751971.0 0.18858983789657371
751971.0 0.18475998004040203
738717.0 0.24334841059919265
751971.0 0.2005238846913163
751971.0 0.20812922851104113
752955.0 0.18394197909042573
751971.0 0.2027259750316755
746781.0 0.22855419557883425
752955.0 0.18271637865872747
751971.0 0.1903640157809888
751971.0 0.2044347133876219
751971.0 0.19663166981452357
751971.0 0.20484025166842398
751971.0 0.20138595828021275
806745.0 0.1310609695208352
751971.0 0.1970873251622007
806745.0 0.1303828589849334
738717.0 0.25071978178248405
738717.0 0.24245802735860553
751971.0 0.20313233622841392
751971.0 0.1985208581616632
751971.0 0.19774965548354578
751971.0 0.19805174931093641
752955.0 0.1776519606981385
751971.0 0.20841393913357692
806745.0 0.1306544010145646
751971.0 0.19900323883056206
751971.0 0.19855389148867478
746781.0 0.23797548845750918
751971.0 0.19255777707280897
806745.0 0.13208863953185976
751971.0 0.20074129233196586
751971.0 0.19380754902984126
751971.0 0.2087886241204108
738717.0 0.23926330443973345
738717.0 0.2427160673710222
751971.0 0.19059729937849962
746781.0 0.23703729758753142
751971.0 0.1893561752196346
751971.0 0.199502986156168
751971.0 0.19342263795013845
751971.0 0.2010624180229557
738717.0 0.24741254525411888
751971.0 0.2062124488350256
751971.0 0.2090949008266058
746781.0 0.22962407172845892
751971.0 0.1955912460867948
806745.0 0.13173174353932682
738717.0 0.2526122171331892
751971.0 0.1951876979428999
746781.0 0.23860590697905565
738717.0 0.24062559710862508
751971.0 0.19920942585259763
738717.0 0.25221660382573025
806745.0 0.13098409129694852
751971.0 0.20582996339297735
751971.0 0.19337336149246828
752955.0 0.17408144791253669
738717.0 0.24532268573905272
746781.0 0.22928958681127853
751971.0 0.20174570043454362
751971.0 0.20566428389503147
738717.0 0.24490476376548856
751971.0 0.2062565907042298
738717.0 0.25263037051264287
746781.0 0.23195630046236249
751971.0 0.19579421979750514
751971.0 0.20226586076902967
738717.0 0.24792946159643514
752955.0 0.1842020009161605
746781.0 0.23102121036630652
752955.0 0.18367403089348205
751971.0 0.20764412866371926
738717.0 0.24085931823548662
751971.0 0.20741017580412052
751971.0 0.19639797190844654
752955.0 0.1823757079967851
738717.0 0.2440247095934074
751971.0 0.2065939208386684
751971.0 0.1922862289249537
746781.0 0.23783045099738426
751971.0 0.20250529092302466
751971.0 0.2041758352754133
751971.0 0.19081226837896356
746781.0 0.22933437125200834
751971.0 0.19491038507230968
746781.0 0.2388515623338053
751971.0 0.19964792115081034
738717.0 0.24764268404130116
752955.0 0.18446702104668325
751971.0 0.2088692385684577
738717.0 0.24291326310247466
751971.0 0.20540294129768671
751971.0 0.1920147618993817
751971.0 0.19093324544085707
746781.0 0.237611529391884
751971.0 0.20830306135989762
751971.0 0.19517815821450538
746781.0 0.2351493540299751
751971.0 0.1923624925396539
751971.0 0.20432133296463403
738717.0 0.24246275266639375
738717.0 0.2506344630957975
751971.0 0.20929347995163025
752955.0 0.1814182776045962
738717.0 0.24800854170949904
751971.0 0.20176973296558087
738717.0 0.2404508536712223
738717.0 0.24470574670763695
751971.0 0.2095645217624668
751971.0 0.19657071976367888
806745.0 0.13167212989148178
751971.0 0.20728464965956947
738717.0 0.24633689896075014
738717.0 0.23905326189911658
738717.0 0.2430196595508883
751971.0 0.2067492101328969
751971.0 0.20260769839562176
738717.0 0.24508726910173337
751971.0 0.19621418367871848
746781.0 0.23763227476630683
751971.0 0.20691793014192686
738717.0 0.2465108287391445
751971.0 0.19617892501300835
806745.0 0.1322771946296685
738717.0 0.2431869772144532
751971.0 0.20060073692514543
746781.0 0.2319891492822343
751971.0 0.20975893962101388
751971.0 0.19599746475064175
751971.0 0.20710692380637266
751971.0 0.19597489496203743
751971.0 0.19560422510875966
751971.0 0.19982859674896897
738717.0 0.24903480291798774
751971.0 0.19785906917075038
751971.0 0.2039806329822149
738717.0 0.24514563368565592
751971.0 0.19254568029089725
751971.0 0.19802770639797854
751971.0 0.20526949647232154
479625.0 0.7841776620658112
738717.0 0.24098621078103238
751971.0 0.19715004537010297
738717.0 0.23912582600936344
806745.0 0.13220410024678872
479625.0 0.7842442964200713
746781.0 0.22975517728748227
751971.0 0.19909501369703012
752955.0 0.1843072042241686
751971.0 0.20123036930243385
738717.0 0.24313516791768836
751971.0 0.18776643186344938
806745.0 0.13241906909857637
738717.0 0.2403888533872546
738717.0 0.24027245035054423
751971.0 0.20660904178060657
751971.0 0.20117270383469646
751971.0 0.20323294297798367
751971.0 0.20212019163000747
751971.0 0.20506329520359068
746781.0 0.23689864507541544
751971.0 0.19991616625610642
751971.0 0.20578530825078575
752955.0 0.18437267429185394
751971.0 0.2068307707273239
751971.0 0.20213548996239772
751971.0 0.2053619404861466
751971.0 0.20495120795665558
751971.0 0.20516956125901126
479625.0 0.7840523385252671
751971.0 0.2095250265033868
479625.0 0.7839415404465913
751971.0 0.20935047286516742
746781.0 0.23689121528034696
738717.0 0.2402933250312265
751971.0 0.20943763174201083
751971.0 0.19782853687559754
751971.0 0.20718134387196407
479625.0 0.7839500413203727
479625.0 0.7840481721013248
738717.0 0.24655485276498362
751971.0 0.1990377512663046
751971.0 0.20499261338615166
751971.0 0.19985020614529414
751971.0 0.2068880640122629
751971.0 0.20941447918547795
806745.0 0.13044581385124687
751971.0 0.19387947162894623
751971.0 0.20053031910713784
751971.0 0.20513872969797675
738717.0 0.23907455945978823
751971.0 0.1948485236720686
751971.0 0.20712185868407504
806745.0 0.13041281981293676
751971.0 0.1971454023882297
738717.0 0.24660779900371962
751971.0 0.2071761560403916
738717.0 0.245124116542022
751971.0 0.20121650932989849
738717.0 0.24628745756239254
751971.0 0.20580915838661568
751971.0 0.20497207789001703
751971.0 0.20513933727329225
751971.0 0.2097724853536288
751971.0 0.20213093403636642
738717.0 0.24628314669677778
