757545.0 0.24918528440231077
534996.0 0.8134211893088872
644574.0 0.43698667261426816
674637.0 0.4062129657573739
676557.0 0.37412190990479605
711153.0 0.3609608080758267
637032.0 0.5127263944927943
615024.0 0.554947522525753
579177.0 0.6093329286773346
537855.0 0.7545044386379681
598614.0 0.6029519722452952
725736.0 0.26375888721484164
539763.0 0.7174216224920636
634782.0 0.5522415702331119
606651.0 0.5871283405280994
537288.0 0.8016253396184223
573234.0 0.6292316167313894
741393.0 0.2558108147505172
715599.0 0.28429227417235664
552432.0 0.7145185755254427
736497.0 0.26002120927919575
757545.0 0.254647422457148
568668.0 0.6432686097493109
603477.0 0.5901825395666621
554958.0 0.7036927501569766
715599.0 0.3062831911992288
566703.0 0.6525534142029266
636078.0 0.5267564448416042
635802.0 0.5393670566053337
558795.0 0.6702027358433962
563574.0 0.6613389850738158
555897.0 0.6874794970963445
715599.0 0.30516574144841474
557160.0 0.677496004401446
715599.0 0.3545594375910942
563574.0 0.6666211298004889
715599.0 0.31256730924527193
715599.0 0.33636152116096785
537288.0 0.8115267979825289
556584.0 0.6842709730681613
715599.0 0.3227106174429432
715599.0 0.34381352950775135
715599.0 0.3281167599352725
715599.0 0.34290165357768365
757545.0 0.25436012498083066
715599.0 0.32541798880704986
757545.0 0.2629273883514945
757545.0 0.2584581899766527
537855.0 0.846275766113103
617802.0 0.5706146127409196
581016.0 0.6113682375194223
686313.0 0.39301136488285354
731913.0 0.2645507442875722
653091.0 0.4495531008491905
539676.0 0.7959709942681059
676248.0 0.43254812482437643
645369.0 0.4986377719856139
711303.0 0.387212232171918
668694.0 0.4393211665243127
719883.0 0.28889713505934206
627033.0 0.5556522349873382
757383.0 0.2640053860782243
539676.0 0.7551303928074762
556068.0 0.6915621061411722
573234.0 0.6527487695225216
578562.0 0.6352766760961526
551580.0 0.7179969761661397
639444.0 0.5535029690359297
543438.0 0.735246710562359
551190.0 0.7220583349981327
564474.0 0.6635230158798164
719421.0 0.355296849324669
641952.0 0.5352678260921699
643953.0 0.5154156519242549
574593.0 0.6377703809342116
542604.0 0.7388618015897794
719883.0 0.311231864518811
642639.0 0.5236566532395984
639681.0 0.548065575238804
560334.0 0.6764024622401339
560334.0 0.6874263885816779
719883.0 0.31654963989392654
719883.0 0.33334703941041344
715599.0 0.37032357926922504
715599.0 0.37686871424323176
719421.0 0.3407439038962362
563718.0 0.674533764161303
715599.0 0.36284416938483405
715599.0 0.38225771887390975
715599.0 0.36617555180947425
719883.0 0.33974456782369317
564474.0 0.668720842344881
564474.0 0.6742791729001149
564474.0 0.6674565173089472
757545.0 0.26259706537265926
757545.0 0.25975766947261386
564474.0 0.6743749988951833
757545.0 0.262954898113124
757545.0 0.2592230161010496
757545.0 0.2593339435703987
757545.0 0.25972794141171535
757545.0 0.2593299904366871
761298.0 0.2592407304347101
540615.0 0.7724391668017706
688686.0 0.415470818923926
673092.0 0.4431390561289454
611520.0 0.611995579594962
642336.0 0.5391145409474852
657723.0 0.45327548333312034
707469.0 0.39673502155385193
584040.0 0.6133822919035389
633009.0 0.5623204103838866
653688.0 0.5177587012908841
621492.0 0.5998135538521244
656202.0 0.49286995165586983
741009.0 0.2689630543197358
750855.0 0.2681221199359141
715599.0 0.3905572648086508
626898.0 0.5760553493468176
736497.0 0.2751031456377668
581412.0 0.6354819827381746
575319.0 0.6581637501305921
621825.0 0.5825659720661877
584040.0 0.6223581364247337
579372.0 0.6422862218182739
718581.0 0.38468332258003
579003.0 0.6577370561646678
568746.0 0.6637088855752624
562281.0 0.6909198982314507
654360.0 0.5117480461101938
720015.0 0.3494935426839267
723669.0 0.30917026337886105
564330.0 0.6778084780473975
720519.0 0.3276142871820501
719421.0 0.3738525209807057
543606.0 0.7571907498813293
552432.0 0.720924319484339
624630.0 0.5786070119877789
541257.0 0.7615449146131033
757545.0 0.26729689300229736
655503.0 0.49936453025184113
556584.0 0.7161812638331915
723669.0 0.3185880386764475
720519.0 0.3360418719268215
566865.0 0.6693188569709748
551580.0 0.7423207966739658
547356.0 0.7507524723796538
732579.0 0.2917924273054171
727791.0 0.29491506344961926
551580.0 0.7288309982916241
720015.0 0.36491298263407534
725706.0 0.30087131960574537
557523.0 0.7057180063998078
556086.0 0.7200167138768925
758043.0 0.25930863953573713
560241.0 0.7009217946274005
720015.0 0.3435822648288504
547470.0 0.7495152094858601
564474.0 0.6752174889254597
732579.0 0.2843565858696422
727791.0 0.29626269424910756
568044.0 0.6665286261320212
719565.0 0.36756233815303085
543072.0 0.760183605753396
551580.0 0.7345344117240732
560862.0 0.6935556253070219
732579.0 0.28339382844992234
560430.0 0.6962139337094773
723669.0 0.30193267363232995
655866.0 0.49756875180315346
551580.0 0.7385199815311535
757749.0 0.26499731312108865
723669.0 0.32346055575755994
557910.0 0.704317933148105
732579.0 0.2897636272627
732579.0 0.28607410443273223
723669.0 0.3204389088159636
557910.0 0.7041797663476087
551580.0 0.7457977288751352
719883.0 0.36500508887180133
564468.0 0.6756267594854418
551580.0 0.7479700958340244
723669.0 0.3190908470387421
757545.0 0.2659576225827679
757545.0 0.26556774756821416
551580.0 0.7471209602077413
551580.0 0.7466042405117814
768240.0 0.2627954063541801
541257.0 0.792073824134968
620739.0 0.6122333181782575
585447.0 0.6146751104536817
676674.0 0.4484980909176496
688809.0 0.4239660156576365
656772.0 0.5186498879358535
658734.0 0.49589963198015524
622032.0 0.5828586864401074
705231.0 0.41641601186736116
647994.0 0.539745716246541
696576.0 0.41670852269612435
667560.0 0.4556366090888579
658980.0 0.4601156587707283
569406.0 0.6641379567603071
728994.0 0.3008177173095337
740553.0 0.27651623535286424
581205.0 0.6605928150012302
717690.0 0.4088782287387436
582549.0 0.6394160607862508
630987.0 0.5789070925150693
644499.0 0.5438603090054335
584997.0 0.6240781289049556
736497.0 0.2855120821684136
642393.0 0.5596485992297061
725736.0 0.31939733926146274
541320.0 0.7747999558728829
749385.0 0.27616589820436466
634926.0 0.5640887512262035
543018.0 0.7647811466319709
662223.0 0.459931410022082
760587.0 0.265468237661072
581619.0 0.6536469973520244
633978.0 0.5737324962460045
640554.0 0.5626329152476318
556686.0 0.7165784647016616
720537.0 0.3627647654647064
765942.0 0.2636702370198538
568686.0 0.6745045712315842
734493.0 0.29918050332939594
719883.0 0.3798235875025994
555081.0 0.7322892924922536
547086.0 0.7635595560163332
541320.0 0.7885855096574239
562218.0 0.7007990489312625
723669.0 0.34677664665109975
723669.0 0.3564584916359436
551580.0 0.7500703522569319
717690.0 0.4020391749619327
551652.0 0.7389083266734869
560280.0 0.7102712119229837
551820.0 0.7357384038334902
566253.0 0.6763839661547275
718725.0 0.39570223295750273
724521.0 0.3359207564980922
719565.0 0.38908047473097657
560718.0 0.7029707840885527
555762.0 0.7265032537022424
752991.0 0.2725950636429029
556038.0 0.7214780955755629
751023.0 0.274003345018718
547968.0 0.7584768882068186
725706.0 0.32102066139976365
564354.0 0.6945712675154643
734493.0 0.2946148646855335
549633.0 0.7529633593434747
755577.0 0.2723295172775769
720015.0 0.37147746886639194
549390.0 0.7572839952313051
734493.0 0.2924444055865063
723669.0 0.33855730402355605
720081.0 0.36888496396447995
718725.0 0.3902900627621066
560460.0 0.7098284707425163
725706.0 0.32844266196061633
717690.0 0.4119044898845817
725706.0 0.3282747958220044
723669.0 0.34001099873133683
757545.0 0.2720698092669041
757545.0 0.26933748531437146
564474.0 0.6939683812651477
723669.0 0.3370405657940657
757545.0 0.26844878631862185
720015.0 0.3702117875068901
564474.0 0.6788784373225609
564474.0 0.682229268166955
551580.0 0.7512534882244674
564474.0 0.680425269996914
564474.0 0.6857239605862996
564474.0 0.6829214056286264
757545.0 0.2710641518358958
757545.0 0.26987613768796725
564474.0 0.6887322832898881
564474.0 0.6912313477668168
723669.0 0.33771483705797734
723669.0 0.3394703178202625
564474.0 0.6901584093787754
564474.0 0.683987308562379
564474.0 0.684695241583179
564474.0 0.6799147620075567
564474.0 0.689624570142518
564474.0 0.6789389852479076
564474.0 0.6876075017115751
564474.0 0.6867481821049649
564474.0 0.6879172137468363
564474.0 0.693103975937428
564474.0 0.6864927716910016
757545.0 0.2716146316131875
757545.0 0.26868069798986344
551580.0 0.7506384088250124
564474.0 0.6935111598880596
560370.0 0.709941566088851
564474.0 0.6918593288932444
551580.0 0.7501026430827785
564474.0 0.6940179898147978
564474.0 0.6945390816859174
560298.0 0.7101722581441886
757545.0 0.2693491884479156
564474.0 0.692794165811284
564474.0 0.6923073833468457
564474.0 0.6923546776538486
564474.0 0.6917094910372856
564474.0 0.6939383224638457
551580.0 0.7510178402469657
757545.0 0.2719619629930357
564474.0 0.6841839917641821
564474.0 0.6800734554691061
564474.0 0.6899097560418208
551580.0 0.7509797987970511
564474.0 0.6803326940875383
564474.0 0.6928714389490446
564474.0 0.6877842234474205
564474.0 0.6844131287823361
564474.0 0.6897688291526481
757545.0 0.27213631827917245
564474.0 0.6866366165910319
564474.0 0.6845203480566229
564474.0 0.6917122386178007
757545.0 0.27204850794868607
564474.0 0.6844757011561086
564474.0 0.6939785922371312
542412.0 0.8010295402367126
771963.0 0.26709786209802605
542412.0 0.8167728810242293
614121.0 0.6189733215016306
585447.0 0.6245394023658439
669261.0 0.46340918708692147
621231.0 0.6124733372124452
628380.0 0.5911628994328981
659790.0 0.483346313006442
633711.0 0.5815310644424663
705543.0 0.4228936539991406
693435.0 0.4356684529029722
682386.0 0.44976855509833863
659583.0 0.5324274130869474
713490.0 0.4182603864970277
679113.0 0.45169317938062997
640638.0 0.5647422732818431
663132.0 0.482058203231484
694206.0 0.42533070987542937
649455.0 0.540705574768322
740553.0 0.28817707923367075
646797.0 0.5492440267459375
657495.0 0.5331523515673005
570084.0 0.668251260227722
643491.0 0.559915066026113
727791.0 0.32171071826103786
577377.0 0.6682449418908338
583986.0 0.658053059142919
717825.0 0.405668787960156
765942.0 0.2680866464203401
581112.0 0.665737118155723
735627.0 0.29754093556236894
560583.0 0.7113516698644198
761583.0 0.27007071982996045
568332.0 0.6776998870016645
749469.0 0.27617685521564256
558381.0 0.7238288996814378
585447.0 0.6420174899472949
744189.0 0.27917474982440293
555462.0 0.7372847485907694
721023.0 0.37204966720867
556332.0 0.7240598564673404
720015.0 0.3855932307496719
755091.0 0.27595144380327324
585198.0 0.6468163452445775
725736.0 0.3332505448817062
543729.0 0.7776649693722318
547182.0 0.7674670841747718
549387.0 0.7624112025713091
745431.0 0.27707046016554926
729846.0 0.3135292166948824
725706.0 0.34663287109073715
560862.0 0.7049391849636997
542412.0 0.7909260865118457
545016.0 0.7692957638641161
551670.0 0.7474127170966968
564555.0 0.6793117766196045
553359.0 0.739396169913623
562281.0 0.70089232253254
724101.0 0.35570103743521214
543204.0 0.7839943631924803
722658.0 0.3713968001694095
551706.0 0.7411443227446189
722658.0 0.3638657265810089
729846.0 0.3028902933774728
725706.0 0.3380737482774086
757545.0 0.27342193392755737
735627.0 0.3017643574647535
720015.0 0.39241781011320215
733215.0 0.3019594190560969
732252.0 0.30283064332171017
543072.0 0.7885704064273903
729846.0 0.30848443290439737
724101.0 0.3631953858396242
564504.0 0.6888169925394134
718725.0 0.40256834031374883
724101.0 0.359209869700267
551580.0 0.7542642494005116
551580.0 0.7603198207667797
725706.0 0.3505630763076875
757545.0 0.2728001608510328
564474.0 0.6945878249014527
659556.0 0.5326866418978773
719565.0 0.39641120752539516
564546.0 0.6819494830676298
564474.0 0.6983545975090248
729846.0 0.31162130461254123
719565.0 0.39936953168540423
564528.0 0.6845981926897355
545016.0 0.7688970149248775
725706.0 0.33612057020452285
564510.0 0.686817371896101
719421.0 0.4010416439025414
725706.0 0.3491886468343984
719565.0 0.3949104583311956
720015.0 0.3926410313444685
757545.0 0.272756904318498
551580.0 0.7593209630904291
719421.0 0.40172434190630135
551580.0 0.7558762966707484
551580.0 0.7549506793033771
551580.0 0.7583013276560898
551580.0 0.7580019928575249
564474.0 0.6974009368945836
551580.0 0.7614206619136772
757545.0 0.27551770206207615
551580.0 0.7571684521168656
564474.0 0.6979751562452451
551580.0 0.7566232303192255
757545.0 0.2746334416351642
564474.0 0.6995420735115626
551580.0 0.7610159476084051
757545.0 0.27413410809006605
564474.0 0.7001718001949454
564474.0 0.6997417572446419
757545.0 0.27490620695849133
757545.0 0.2729623327631264
564474.0 0.6968680107473663
757545.0 0.27396101698154113
551580.0 0.7544444422525152
564474.0 0.6990304957281586
757545.0 0.27357116929951053
551580.0 0.756732813828891
564474.0 0.6958421278520469
551580.0 0.7570962481184257
551580.0 0.7613346857266291
564474.0 0.6951113350829983
564474.0 0.6954656337951748
564474.0 0.6960874513372257
564474.0 0.6987021425681654
551580.0 0.7610232258036035
564474.0 0.7005278214036991
564474.0 0.6947886886619145
564474.0 0.6982689986128522
564474.0 0.6985261196264719
564474.0 0.6961805485241807
757545.0 0.27486990482377116
564474.0 0.6988600289131315
564474.0 0.70073699308988
564474.0 0.6963496051789959
564474.0 0.7003790227700633
564474.0 0.6946756674662066
564474.0 0.6956414100313545
564474.0 0.6949790173596666
551580.0 0.7543911853364917
564474.0 0.6954658242218298
564474.0 0.6956414100313545
564474.0 0.6984228013875741
564474.0 0.6968368848814056
564474.0 0.7007609053544057
564474.0 0.6965395950168188
564474.0 0.7004247002092642
564474.0 0.6967062205505148
564474.0 0.6965699724337299
564474.0 0.6964213135612993
564474.0 0.6967094915307337
564474.0 0.698945226915
564474.0 0.6983267976138674
564474.0 0.6950599128025825
564474.0 0.6949790173596666
564474.0 0.6989962218854591
564474.0 0.6982689986128522
564474.0 0.6964040317607401
564474.0 0.6989500475310457
564474.0 0.7003799362989269
757545.0 0.27488921514375714
564474.0 0.6950599128025825
564474.0 0.6950903548857997
564474.0 0.6965699724337299
564474.0 0.6983499907457552
564474.0 0.6950903548857997
564474.0 0.6964067867517495
564474.0 0.6989500475310457
564474.0 0.698945226915
564474.0 0.6964067867517495
564474.0 0.698945226915
564474.0 0.6989500475310457
564474.0 0.6989500475310457
564474.0 0.6965699724337299
564474.0 0.6989500475310457
564474.0 0.6989500475310457
543018.0 0.802947384503661
766266.0 0.2710002831870234
699159.0 0.43258065980403615
671337.0 0.46545799820697403
655020.0 0.5519258863333417
682734.0 0.4534171407098898
594339.0 0.6251129829795651
660405.0 0.5054769575817921
661752.0 0.4989180628107979
617442.0 0.623712356725295
635868.0 0.5858361188004374
629490.0 0.6116494135740199
730260.0 0.3044400170874265
709656.0 0.4290367240112807
680103.0 0.4611000070911335
572118.0 0.6732824995300786
556344.0 0.7243834448219869
589740.0 0.6469300963183172
740541.0 0.30037855921472895
594186.0 0.6387073860095266
626712.0 0.6150930827128455
619848.0 0.6199159620258358
553926.0 0.7395922929184796
729846.0 0.32347100673291695
640860.0 0.5799178027500368
577374.0 0.6696683542537726
762978.0 0.2742400087440597
719883.0 0.39495404820883123
566823.0 0.6823671078417113
551820.0 0.7418141993254884
547434.0 0.7679937486484977
586386.0 0.6538369690997954
564474.0 0.7009035483468674
647754.0 0.570150379436477
560598.0 0.7129129974694525
564798.0 0.6835094316880965
545715.0 0.7799196980846145
719421.0 0.41681212100653137
720519.0 0.387203735365489
714711.0 0.4286466738445015
551736.0 0.7591069901182778
757545.0 0.2761119086516929
719565.0 0.4105198712170731
649914.0 0.5686091302596513
652017.0 0.5601148545744038
543396.0 0.7888638916472814
642639.0 0.5733101776780531
724101.0 0.36540754875407494
750855.0 0.2779686130588537
585447.0 0.6633736812114104
727599.0 0.3351018755977318
717690.0 0.42724860897524913
547248.0 0.7778108888154958
722658.0 0.37498682171296255
581619.0 0.666491752665754
747501.0 0.28496226057501417
543174.0 0.7915787460259247
742653.0 0.292289942494847
551262.0 0.7640463368647866
651021.0 0.5601522075319794
561138.0 0.7086450154797544
581205.0 0.6687572740054842
740991.0 0.29654779373879725
757545.0 0.2778723359115037
560598.0 0.7193873201156517
744822.0 0.29125256400540145
725736.0 0.3478889668136963
585606.0 0.6597723523811206
744822.0 0.28630196948128794
562749.0 0.7046892484849536
722658.0 0.38202625746640095
642372.0 0.5745219914680685
729846.0 0.33034732559282176
722658.0 0.38119108549604674
725736.0 0.3423094611162987
725736.0 0.35955987769250614
749385.0 0.2817604869482984
724521.0 0.3624490280750151
725736.0 0.35618359391678656
717405.0 0.4281775782844051
562773.0 0.7012001611222053
749385.0 0.2795783926192176
719421.0 0.4116896730105684
728994.0 0.33387819811632136
565743.0 0.6831178058668002
728994.0 0.3319816438958798
750855.0 0.27852529391841924
725736.0 0.3453189125192082
551670.0 0.7607061984382407
725736.0 0.35679467428170497
551580.0 0.7636234372163138
725736.0 0.3472049280774176
551580.0 0.7637956176646216
757545.0 0.27673942965939025
757545.0 0.2773078745847899
757545.0 0.2777279616427588
757545.0 0.2770339745846094
757545.0 0.27708755351070496
757545.0 0.2778406431297093
543144.0 0.8114395190270116
775443.0 0.27603166883955044
687660.0 0.45473310276113227
671448.0 0.4783160619959123
675636.0 0.4674743446973828
615720.0 0.6314570861135859
597663.0 0.6337148251200907
630381.0 0.6240631757221086
701055.0 0.4505916379369905
587184.0 0.6610418243583566
664479.0 0.5037139268031997
642867.0 0.57769957076153
661308.0 0.5374516535505361
609228.0 0.6319498184050586
759642.0 0.277199619336503
663660.0 0.5047374560567572
705303.0 0.44420824883610643
651858.0 0.5698249429072788
630594.0 0.6120671262722329
639858.0 0.6100786782027978
543930.0 0.7988253487560332
594132.0 0.6512386220122014
711231.0 0.4365311585401172
580416.0 0.6717659259613277
717315.0 0.4301581086032635
554016.0 0.7398541572803794
641262.0 0.5896096881041064
736497.0 0.30525314027542777
593799.0 0.6563961372925071
561138.0 0.7134031314720457
576126.0 0.6795030794517902
655995.0 0.555681180535439
724893.0 0.3655013680106139
568782.0 0.6856066690749264
660864.0 0.5515135675026009
641193.0 0.60158908387401
545901.0 0.7838651262536898
720015.0 0.400482175556219
732174.0 0.31460832856967513
559458.0 0.7273821396180321
558030.0 0.7288585443818459
714552.0 0.43468149172355613
750219.0 0.2843426793305461
729189.0 0.34865065156402947
729846.0 0.334668983449973
732579.0 0.3065586145255397
547566.0 0.7701715174910189
720537.0 0.39006274456690276
730260.0 0.32372240191007673
741117.0 0.3002306737113054
723669.0 0.37589843964486763
727599.0 0.35301464865811866
757464.0 0.28392521406780463
722499.0 0.3880825191303295
654075.0 0.5611433514128478
730260.0 0.3317191318934634
579225.0 0.6722068804618498
661053.0 0.5428357568302977
723597.0 0.38010299096671213
552321.0 0.7435745917125156
562641.0 0.70912045922833
577038.0 0.6791447930140633
565053.0 0.6941831211714451
652443.0 0.5633521025626306
547548.0 0.7789679128613008
719565.0 0.4182366840788431
719883.0 0.4112277856021404
727599.0 0.3601948538532734
552108.0 0.7500739745636449
743070.0 0.2959044256296107
748914.0 0.28767998810076534
719565.0 0.4177695922243112
745734.0 0.2900137310170301
566865.0 0.6904671287024833
551580.0 0.7668758284799235
551886.0 0.7573300824713326
568782.0 0.6872233303651732
744189.0 0.29319975898319706
741717.0 0.2995759661748818
547254.0 0.7830739115740634
564474.0 0.7013043963400554
727599.0 0.34904515759965976
566820.0 0.6927980033363043
551964.0 0.7551374344640486
551667.0 0.7637604755678061
564330.0 0.7062535407546467
719565.0 0.41251675040798313
745146.0 0.2916154787416602
757545.0 0.28262929325264263
558264.0 0.728579569602297
749385.0 0.2865362432433697
745713.0 0.29118780769145786
749385.0 0.28533122127615546
749271.0 0.2868306826401186
551580.0 0.7685235396407114
757545.0 0.281191098154036
757545.0 0.2782783231704594
757545.0 0.2805430366447293
757545.0 0.2799872336750092
551580.0 0.769442081351079
551580.0 0.7643100127275682
551580.0 0.7658541054550313
551580.0 0.7663584021073976
757545.0 0.281758718448943
757545.0 0.2793959859562146
757545.0 0.2788737535850939
757545.0 0.28233097916184957
551580.0 0.7646912953242399
564474.0 0.7043673652844346
551580.0 0.7674204353467866
757545.0 0.281923361097446
757545.0 0.27927111090137013
551580.0 0.7652937964526783
757545.0 0.283354102187753
551580.0 0.7677970823188945
551580.0 0.7681305379013657
757545.0 0.2829132383816358
757545.0 0.27857112484437646
564474.0 0.7016418897479265
564474.0 0.702989424744957
564474.0 0.7054130307740105
551580.0 0.765546680701568
551580.0 0.7697831666898942
564474.0 0.7046244883204699
551580.0 0.7649778656433349
564474.0 0.7056986555855582
551580.0 0.7666453335595876
564474.0 0.7041401588652457
757545.0 0.28370025237981555
757545.0 0.28259953395102333
564474.0 0.7032740590361275
564474.0 0.7019988412357712
551580.0 0.7650091436933528
551580.0 0.7695725941534117
757545.0 0.28278713421050505
564474.0 0.7022214365829463
551580.0 0.7666663463645363
564474.0 0.7039011934714521
564474.0 0.703538254480077
564474.0 0.7049544941091317
551580.0 0.7655172308379601
564474.0 0.7031898832556158
564474.0 0.7013939479813394
551580.0 0.7672126199708493
757545.0 0.2835698019221347
551580.0 0.7699000770802223
564474.0 0.7048771925835374
757545.0 0.28341927306247644
551580.0 0.7667188536222508
564474.0 0.7018202435952102
564474.0 0.7028114471379966
564474.0 0.7051385775156804
551580.0 0.7680538830751344
757545.0 0.2837994401279674
551580.0 0.7670462003283091
564474.0 0.7036690519434512
564474.0 0.7042081003706766
564474.0 0.7038186261334652
551580.0 0.7671837451571442
564474.0 0.7058313274184572
551580.0 0.7700161284018261
564474.0 0.7022755991251494
564474.0 0.7043200180378948
757545.0 0.27843361893849944
551580.0 0.770064279001429
757545.0 0.27841481363474735
564474.0 0.7061583092442353
564474.0 0.7052422410316995
564474.0 0.7047264836688851
551580.0 0.7679335392256578
564474.0 0.7023836055903305
551580.0 0.7679118004318957
564474.0 0.7059813278476732
564474.0 0.7057287240583632
564474.0 0.7060350521377691
564474.0 0.7024981435028661
564474.0 0.703636185890877
757545.0 0.28290990672988064
757545.0 0.283895236321861
551580.0 0.7669888605731859
564474.0 0.7053593907799353
564474.0 0.7024174705132664
757545.0 0.2836556895626944
564474.0 0.7019293284258424
564474.0 0.703542542465455
564474.0 0.702544975788884
551580.0 0.7669207693106437
564474.0 0.7013939479813394
564474.0 0.7013043963400554
564474.0 0.7058929941132347
564474.0 0.702738115882645
564474.0 0.7026978034991034
564474.0 0.7052074776602681
564474.0 0.7032409764193841
564474.0 0.7026516202705136
564474.0 0.7046918412961753
564474.0 0.7018944365038768
564474.0 0.70184905076395
551580.0 0.7694991928270916
564474.0 0.702784664196037
564474.0 0.7051562330722887
564474.0 0.7062050607632584
564474.0 0.7038685850569268
564474.0 0.7058929941132347
564474.0 0.7026147263351683
551580.0 0.7694987240770994
564474.0 0.7060283249492093
564474.0 0.7053604965867077
564474.0 0.7038389637249853
564474.0 0.7025936641992913
564474.0 0.706251536433391
564474.0 0.7061875556404492
551580.0 0.7668983559694278
757545.0 0.28368122079773733
564474.0 0.7047054187514183
551580.0 0.7650091436933528
564474.0 0.7047264836688851
564474.0 0.7025936641992913
773655.0 0.27813308521402175
543204.0 0.8275709966726359
614988.0 0.6336308339436177
692817.0 0.45484484003403175
633906.0 0.6147936433255851
681567.0 0.4729120444101571
661230.0 0.5446832949634934
675714.0 0.48160606887464746
674691.0 0.5079562520941573
664227.0 0.5227687055968169
602826.0 0.6382553890994292
667986.0 0.5124748761430522
658341.0 0.5839379381842045
761277.0 0.2782692734278173
703188.0 0.45348209017095525
598488.0 0.6407036362622787
648828.0 0.5874399475908919
545715.0 0.8132551598022589
718725.0 0.4370926947393968
658509.0 0.5655794465293222
641547.0 0.6007599116601287
635754.0 0.6147075753749905
588180.0 0.6656494007053168
595662.0 0.6575230766255686
581061.0 0.6755288642943287
585924.0 0.6727513802545109
569406.0 0.6859520440982569
595176.0 0.6627381109499592
711231.0 0.4505835745152319
546432.0 0.8003347379547867
576618.0 0.6831417221356224
711231.0 0.4449750226407522
707490.0 0.4514787756889245
731733.0 0.32655843193563794
731733.0 0.3352305450032003
720081.0 0.402553308089734
746031.0 0.290209103004361
733440.0 0.31775692717422027
658428.0 0.5714691250889309
749469.0 0.2859547925076464
576771.0 0.6801364599895221
727599.0 0.3753358129818794
728763.0 0.3499915644067751
721764.0 0.39154563923460495
757545.0 0.28400892988349674
724101.0 0.38730967740531114
646380.0 0.5953918333222494
643020.0 0.5994032893015842
558264.0 0.732302380003335
547656.0 0.7936334128087306
556626.0 0.7417524432091501
562272.0 0.7146499316628144
743340.0 0.29652088219982164
727791.0 0.3676956266930164
757737.0 0.27891296389390674
752469.0 0.2850207985501323
562092.0 0.7242506805695619
647544.0 0.5931430130314411
730260.0 0.3431634427448492
568554.0 0.6905493313119236
727791.0 0.3616462255895017
744945.0 0.29442821131030256
558381.0 0.7294900568475616
739596.0 0.3114196332345787
548028.0 0.7882821855070987
720015.0 0.42183012962947813
555591.0 0.7465500591394562
566550.0 0.6964447238298824
549540.0 0.7737964198165588
720081.0 0.4069377008900569
724101.0 0.37672475357584967
548286.0 0.783076239490642
741579.0 0.3015080016163419
736503.0 0.3120182028720318
566226.0 0.6997188638262262
564984.0 0.7028121989121621
553773.0 0.7595175235176796
553809.0 0.7557095014695864
561447.0 0.7273371755004888
724101.0 0.3764810869843595
719421.0 0.43079650738251857
720015.0 0.4141598177264716
554214.0 0.7495768522969944
553593.0 0.765169991942138
729846.0 0.3489853924098302
751662.0 0.28538547520511315
720015.0 0.42588887923351065
568554.0 0.694093350074688
740658.0 0.30985928687759845
735627.0 0.31536170071732506
555912.0 0.742025647000905
720015.0 0.4132507666895252
740769.0 0.30634998153887577
729978.0 0.34469436289158223
553260.0 0.7665559419891252
722658.0 0.39139379688295206
727791.0 0.36288113731207644
549492.0 0.779448123376216
553809.0 0.7506320088850763
741189.0 0.30416284743492616
736497.0 0.3143622907197501
564474.0 0.7075700582443518
551928.0 0.7678973372950979
551580.0 0.7705486517591607
564510.0 0.7056798674605592
561447.0 0.7269507812192845
720015.0 0.4288054184704503
735627.0 0.3168991690007997
724101.0 0.3904634751298599
549387.0 0.7797873820889873
741393.0 0.3022937054672376
549387.0 0.7808051456843772
551667.0 0.7679863952402993
719565.0 0.4302810992764783
551580.0 0.7705257558793955
551580.0 0.7715095825704449
551580.0 0.7707372263543344
564474.0 0.7063970284793748
564474.0 0.7096076825769521
564474.0 0.7139938575652393
564474.0 0.7103244597357556
757545.0 0.284650969638262
757545.0 0.2848111918390407
564474.0 0.711626839565898
757545.0 0.2840910919452527
564474.0 0.7122184972156358
564474.0 0.7134093378721006
564474.0 0.71280501289016
564474.0 0.7108534420269395
564474.0 0.711918738767815
551580.0 0.7723284519581188
551580.0 0.7729332095584862
564474.0 0.7092773247168798
551580.0 0.772625776047064
564474.0 0.7082775098460593
551580.0 0.773257783952238
564474.0 0.7112625482402127
564474.0 0.711214270703117
551580.0 0.77183415344905
564474.0 0.7073196352236291
564474.0 0.7131595785541865
564474.0 0.7130377126118673
564474.0 0.7079767095564015
551580.0 0.7720214180123228
564474.0 0.7066395176167096
564474.0 0.7089598867585465
564474.0 0.708564631863154
551580.0 0.7728109609269919
564474.0 0.7081307161182853
564474.0 0.7144012954088126
564474.0 0.7069052751799019
551580.0 0.7735681931674255
564474.0 0.7121593622645819
551580.0 0.7724991939433479
564474.0 0.7074674384121156
564474.0 0.7133884931776477
564474.0 0.7128107881785316
564474.0 0.7142132960615555
564474.0 0.7071038549507914
564474.0 0.7067312795462307
564474.0 0.7076152994455208
564474.0 0.7094594052508658
564474.0 0.7089376545312517
564474.0 0.714519765830178
564474.0 0.7077886719482459
564474.0 0.708744343779549
564474.0 0.7071036640097629
564474.0 0.714218985310055
564474.0 0.7106667803084044
551580.0 0.7734386388231419
564474.0 0.7094040685937001
551580.0 0.7733508846438513
564474.0 0.7077755533851021
757545.0 0.28479491156184955
564474.0 0.7087372042762772
564474.0 0.7085864667976233
564474.0 0.7068268255566822
564474.0 0.7146028982498388
551580.0 0.773536271759189
551580.0 0.7725810219009466
564474.0 0.7103972778375088
551580.0 0.7719935168974497
564474.0 0.7067693931555613
551580.0 0.7719180198348682
564474.0 0.7105937296284229
551580.0 0.7719220847039815
564474.0 0.7106658219185429
564474.0 0.7105252234978733
564474.0 0.7104463117508151
564474.0 0.7105867648254232
564474.0 0.7121729676142916
564474.0 0.7105151317073656
564474.0 0.7104687594308865
564474.0 0.7146498506269394
564474.0 0.7104668663241851
564474.0 0.7089465169376366
564474.0 0.7085864667976233
