800559.0 0.18231726779485816
487434.0 0.8383418305769523
644574.0 0.43698667261426816
491865.0 0.7643535670910596
535221.0 0.6424573135595074
674637.0 0.4062129657573739
573234.0 0.6292316167313894
676557.0 0.37412190990479605
637032.0 0.5127263944927943
711153.0 0.3609608080758267
496044.0 0.712191541552136
615024.0 0.554947522525753
753669.0 0.1880919958376147
510387.0 0.7021257205899659
579177.0 0.6093329286773346
524730.0 0.6907637276705708
535221.0 0.6824655648022372
598614.0 0.6029519722452952
732417.0 0.23796385040949306
606651.0 0.5871283405280994
634782.0 0.5522415702331119
776646.0 0.18502891309620792
749163.0 0.23750494502183564
725736.0 0.26375888721484164
778695.0 0.18392704008095845
753669.0 0.2196974470011135
715599.0 0.28429227417235664
727533.0 0.25596345663272885
603477.0 0.5901825395666621
636078.0 0.5267564448416042
715599.0 0.3062831911992288
635802.0 0.5393670566053337
715599.0 0.30516574144841474
715599.0 0.34381352950775135
753669.0 0.2267107844230675
715599.0 0.3545594375910942
715599.0 0.31256730924527193
715599.0 0.33636152116096785
715599.0 0.3227106174429432
715599.0 0.3281167599352725
715599.0 0.34290165357768365
715599.0 0.32541798880704986
495288.0 0.7927085206198131
778695.0 0.18785056823803237
778695.0 0.18698913960891417
617802.0 0.5706146127409196
581016.0 0.6113682375194223
686313.0 0.39301136488285354
653091.0 0.4495531008491905
645369.0 0.4986377719856139
676248.0 0.43254812482437643
541200.0 0.6563546014568474
711303.0 0.387212232171918
741165.0 0.24152458379022193
566703.0 0.6525534142029266
516192.0 0.7060761933473051
668694.0 0.4393211665243127
755742.0 0.2300039139790212
627033.0 0.5556522349873382
499422.0 0.7508044816594459
532626.0 0.6931476492613899
514320.0 0.7218874061987686
763683.0 0.20200474349565256
719421.0 0.3407439038962362
769857.0 0.1885127590932912
541200.0 0.681431545581846
756963.0 0.20981408486732508
732579.0 0.2530858339120715
731913.0 0.2645507442875722
578562.0 0.6352766760961526
509943.0 0.7437964108304503
639444.0 0.5535029690359297
719883.0 0.311231864518811
728493.0 0.2862797576166354
568668.0 0.6432686097493109
643953.0 0.5154156519242549
641952.0 0.5352678260921699
719823.0 0.31555707078527956
536991.0 0.6929807139403862
574593.0 0.6377703809342116
642639.0 0.5236566532395984
639681.0 0.548065575238804
719421.0 0.355296849324669
719883.0 0.29919595696723117
727791.0 0.28846479618987336
715599.0 0.37686871424323176
715599.0 0.37032357926922504
503748.0 0.7484511321229539
503682.0 0.749356773697892
715599.0 0.36284416938483405
719883.0 0.28889713505934206
507771.0 0.745554417619284
715599.0 0.38225771887390975
507771.0 0.7458879623911587
715599.0 0.36617555180947425
495831.0 0.8346866501821538
778695.0 0.18905089346435086
778695.0 0.19214754591539696
688686.0 0.415470818923926
542142.0 0.665699587558195
673092.0 0.4431390561289454
537390.0 0.7122278627326549
611520.0 0.611995579594962
642336.0 0.5391145409474852
657723.0 0.45327548333312034
707469.0 0.39673502155385193
584040.0 0.6223581364247337
563574.0 0.6613389850738158
633009.0 0.5623204103838866
521070.0 0.7178034937583754
499521.0 0.7536920013289686
499422.0 0.7940173399984574
573234.0 0.6527487695225216
653688.0 0.5177587012908841
621492.0 0.5998135538521244
507771.0 0.7535504274310693
656202.0 0.49286995165586983
770505.0 0.19235095769783458
516192.0 0.7416234972414376
715599.0 0.3905572648086508
579372.0 0.6422862218182739
626898.0 0.5760553493468176
516498.0 0.7350053735906349
757662.0 0.23490481345823291
766191.0 0.20338506449238347
736497.0 0.2751031456377668
753324.0 0.24883004971559083
739596.0 0.25539125680656405
495831.0 0.8087439588595486
581412.0 0.6354819827381746
725736.0 0.29218405107982093
747564.0 0.2535148411009777
621825.0 0.5825659720661877
758514.0 0.2122701071625435
736497.0 0.26002120927919575
763683.0 0.21050220785718185
719823.0 0.3470221621580749
719883.0 0.3268152451233664
718581.0 0.38468332258003
757869.0 0.22516272624051897
719565.0 0.36756233815303085
495882.0 0.8032364683945449
654360.0 0.5117480461101938
624630.0 0.5786070119877789
751767.0 0.2534962656592857
719883.0 0.31654963989392654
655503.0 0.49936453025184113
732252.0 0.2902703540352989
723669.0 0.30193267363232995
584040.0 0.6133822919035389
723669.0 0.30917026337886105
723684.0 0.300628196323033
719421.0 0.3738525209807057
719883.0 0.33334703941041344
732579.0 0.2843565858696422
732579.0 0.28339382844992234
719883.0 0.33974456782369317
655866.0 0.49756875180315346
719823.0 0.3415172529011107
719565.0 0.37016856892992783
732579.0 0.28607410443273223
732279.0 0.28961404776980515
719421.0 0.37359083442810437
778695.0 0.1899594089030684
778695.0 0.1916630595361321
778839.0 0.1895928071240814
495882.0 0.8502852632920916
620739.0 0.6122333181782575
585447.0 0.6146751104536817
676674.0 0.4484980909176496
688809.0 0.4239660156576365
497118.0 0.8049468500225732
656772.0 0.5186498879358535
658734.0 0.49589963198015524
622032.0 0.5828586864401074
647994.0 0.539745716246541
499539.0 0.7697940288867544
545538.0 0.6947568392553725
705231.0 0.41641601186736116
495882.0 0.8370187931637726
741393.0 0.2558108147505172
696576.0 0.41670852269612435
667560.0 0.4556366090888579
516270.0 0.7458070495948452
548232.0 0.6784576705905685
658980.0 0.4601156587707283
507060.0 0.7553994847987867
575319.0 0.6581637501305921
532974.0 0.7186469002306618
755505.0 0.2555843792329903
524730.0 0.7217119903316923
582549.0 0.6394160607862508
630987.0 0.5789070925150693
541455.0 0.7131736399371044
564474.0 0.6635230158798164
716103.0 0.4140025174004198
644499.0 0.5438603090054335
557160.0 0.677496004401446
584997.0 0.6240781289049556
521979.0 0.7309440501294412
642393.0 0.5596485992297061
770052.0 0.2118869478544493
581619.0 0.6536469973520244
634926.0 0.5640887512262035
558795.0 0.6702027358433962
539763.0 0.7174216224920636
719883.0 0.3798235875025994
758271.0 0.22724664329165029
662223.0 0.459931410022082
633978.0 0.5737324962460045
738456.0 0.27908796061758495
720519.0 0.3360418719268215
720015.0 0.3494935426839267
640554.0 0.5626329152476318
772905.0 0.20079119566952333
723669.0 0.3185880386764475
766191.0 0.21307535143867126
563574.0 0.6666211298004889
734154.0 0.2853748029225699
579003.0 0.6577370561646678
760980.0 0.22075331067978662
741009.0 0.2689630543197358
723789.0 0.3053499758206671
717690.0 0.4020391749619327
732579.0 0.2917924273054171
720015.0 0.36491298263407534
727791.0 0.29491506344961926
719883.0 0.36500508887180133
521142.0 0.7434708171488458
757545.0 0.24918528440231077
720519.0 0.3276142871820501
521070.0 0.7436995556091094
718725.0 0.39570223295750273
757845.0 0.2380570298486608
762267.0 0.21368199478179684
720015.0 0.3435822648288504
719565.0 0.38908047473097657
740553.0 0.27651623535286424
717690.0 0.4088782287387436
757773.0 0.23964286450466896
503682.0 0.7609669736239943
778479.0 0.19961673864473675
774366.0 0.20024637087053898
725706.0 0.30087131960574537
757545.0 0.25436012498083066
761769.0 0.2162582166417978
727791.0 0.29626269424910756
718725.0 0.3902900627621066
724209.0 0.30204854758579247
740553.0 0.2716736309995098
733440.0 0.28669094424662395
503682.0 0.7609927960278086
723669.0 0.32346055575755994
732579.0 0.2897636272627
503682.0 0.7592503941176353
717690.0 0.4119044898845817
727791.0 0.30011533452868566
503682.0 0.7658148035215708
723669.0 0.3204389088159636
774339.0 0.2006299014946224
778695.0 0.1926451717204464
503682.0 0.7676913757348766
503682.0 0.7630950687666076
723669.0 0.3190908470387421
503682.0 0.7691390272905575
503682.0 0.7625354536260253
778695.0 0.19642413443625084
757545.0 0.254647422457148
778695.0 0.19361458987107213
778695.0 0.19479020814410578
503682.0 0.7610508403345424
778695.0 0.19762986292914275
778695.0 0.19354447237833883
778695.0 0.19518160734737255
778695.0 0.19635390353025822
778695.0 0.19574828178633316
778695.0 0.1989287777503206
503682.0 0.7630184316314121
778695.0 0.19549543059079855
778695.0 0.19807027293177615
778695.0 0.19836950482181367
778695.0 0.1978780452221075
778695.0 0.1993022956714012
778695.0 0.19851998234765522
778695.0 0.1991069497342436
778695.0 0.19568361626232023
778695.0 0.19763235208126345
778695.0 0.1995229648381611
778695.0 0.19851619507904864
778695.0 0.19957715695154896
778695.0 0.19954477938347917
778695.0 0.19961207422477206
780792.0 0.19592170630514757
499188.0 0.831332214090484
614121.0 0.6189733215016306
585447.0 0.6245394023658439
669261.0 0.46340918708692147
621231.0 0.6124733372124452
628380.0 0.5911628994328981
532626.0 0.7223715930582281
659790.0 0.483346313006442
633711.0 0.5815310644424663
546672.0 0.7197505444663573
693435.0 0.4356684529029722
705543.0 0.4228936539991406
659583.0 0.5324274130869474
682386.0 0.44976855509833863
554928.0 0.6789995010156923
713490.0 0.4182603864970277
640638.0 0.5647422732818431
679113.0 0.45169317938062997
663132.0 0.482058203231484
649455.0 0.540705574768322
694206.0 0.42533070987542937
581205.0 0.6605928150012302
518652.0 0.7462237190325851
546978.0 0.7010998709504256
568746.0 0.6637088855752624
752931.0 0.256112742471392
724101.0 0.3134910881751509
646797.0 0.5492440267459375
525462.0 0.737143654970767
657495.0 0.5331523515673005
525462.0 0.7306369567229162
643491.0 0.559915066026113
717825.0 0.405668787960156
728994.0 0.3008177173095337
499296.0 0.8197632286072294
720537.0 0.3627647654647064
723669.0 0.3370405657940657
509943.0 0.7668582553515121
725658.0 0.308575428474385
740955.0 0.27394010906579813
749055.0 0.2618343089763964
499422.0 0.806223451262872
723597.0 0.35208184179458973
757836.0 0.24194056222506716
585447.0 0.6420174899472949
546978.0 0.70052039516691
583986.0 0.658053059142919
770682.0 0.2124276702229193
757836.0 0.24792099757347208
740316.0 0.2791257784433725
720015.0 0.3855932307496719
736497.0 0.2855120821684136
585198.0 0.6468163452445775
745017.0 0.2664595773137927
731751.0 0.29560333189022275
772953.0 0.20259690005306827
516576.0 0.7552361757167662
720015.0 0.37147746886639194
560334.0 0.6764024622401339
503682.0 0.7938380226935527
558330.0 0.677836152246881
761337.0 0.23614260419757868
568044.0 0.6665286261320212
767787.0 0.21361251464846348
762729.0 0.21982177184251495
516270.0 0.7582889097111943
723669.0 0.34677664665109975
512406.0 0.7658039417113041
761631.0 0.23572884125440677
765963.0 0.21836558461960043
746001.0 0.26370318366032997
736107.0 0.2898973559541662
563718.0 0.674533764161303
761727.0 0.22510131973952544
513522.0 0.7630019506529829
499599.0 0.7972306658436696
778695.0 0.20177076972566463
774339.0 0.20213961031035999
501633.0 0.7947644035046268
734493.0 0.2946148646855335
765972.0 0.2149184306516653
720081.0 0.36888496396447995
564474.0 0.668720842344881
734493.0 0.2924444055865063
564474.0 0.6743749988951833
723669.0 0.34001099873133683
718725.0 0.40256834031374883
761727.0 0.22476940672723786
513522.0 0.7609141200905165
720015.0 0.39241781011320215
503682.0 0.7821623718296886
564474.0 0.6742791729001149
778695.0 0.2011252353357912
719565.0 0.39641120752539516
499668.0 0.7949500434747659
659556.0 0.5326866418978773
745251.0 0.2650182000478795
719565.0 0.39936953168540423
778695.0 0.1998819656112032
719421.0 0.4010416439025414
719565.0 0.3949104583311956
762729.0 0.21948663577757543
774339.0 0.20193860388091503
503682.0 0.7699933441125427
503682.0 0.7730991383414381
503682.0 0.7756709695266374
503682.0 0.7843868058834143
720015.0 0.3702117875068901
720015.0 0.3926410313444685
499650.0 0.7957549243624154
503682.0 0.779028199556348
503682.0 0.7830606374238082
564474.0 0.6674565173089472
503682.0 0.7806979443615071
503682.0 0.78744042220929
503682.0 0.7721157115158067
719421.0 0.40172434190630135
723669.0 0.33855730402355605
503682.0 0.7706231632291936
503682.0 0.7784296220643198
723669.0 0.33771483705797734
503682.0 0.7903246930789269
503682.0 0.7857039536158174
503682.0 0.7915614316301173
723669.0 0.3394703178202625
503682.0 0.7886757677354898
503682.0 0.7774867402555077
503682.0 0.7758780720492102
503682.0 0.7891124033101068
503682.0 0.7725350119177813
503682.0 0.7767943329059244
503682.0 0.7924546528144562
503682.0 0.794632883428678
503682.0 0.7858617823749798
503682.0 0.7866991782296064
503682.0 0.7865911792872885
503682.0 0.7897876438995635
778695.0 0.20042808274683366
503682.0 0.7810658003287531
503682.0 0.7935211021811902
778695.0 0.20100750593143776
503682.0 0.7931033537847589
503682.0 0.7921471118997737
778695.0 0.20027016457005942
503682.0 0.7900842724732674
503682.0 0.7887938554533107
503682.0 0.7819177600728352
503682.0 0.770415118384824
503682.0 0.7931209781963366
503682.0 0.7814034160052694
778695.0 0.1998901691826472
503682.0 0.7771592121911994
503682.0 0.7919137222843134
503682.0 0.7768523339307745
503682.0 0.7917821028129616
503682.0 0.7701989471563478
503682.0 0.7938182881842216
503682.0 0.7898659758356169
503682.0 0.7814542204603866
503682.0 0.7816972587560695
503682.0 0.7772588987073006
503682.0 0.7817339335618675
503682.0 0.7700798047263052
503682.0 0.7772284438163105
499506.0 0.8354665709383494
782733.0 0.19704714036301407
699159.0 0.43258065980403615
671337.0 0.46545799820697403
655020.0 0.5519258863333417
682734.0 0.4534171407098898
660405.0 0.5054769575817921
594339.0 0.6251129829795651
661752.0 0.4989180628107979
617442.0 0.623712356725295
635868.0 0.5858361188004374
535809.0 0.7238453408900086
629490.0 0.6116494135740199
569406.0 0.6641379567603071
546978.0 0.7208410357409455
585447.0 0.6633736812114104
709656.0 0.4290367240112807
680103.0 0.4611000070911335
499506.0 0.8136520869270176
553788.0 0.7030820839231651
589740.0 0.6469300963183172
528102.0 0.7375322918494733
594186.0 0.6387073860095266
521979.0 0.7468737477402124
529542.0 0.7315074424388969
626712.0 0.6150930827128455
619848.0 0.6199159620258358
512610.0 0.7660866083857607
519990.0 0.7504140732793315
503808.0 0.7798789484648044
640860.0 0.5799178027500368
720519.0 0.387203735365489
719883.0 0.39495404820883123
724239.0 0.3350163724774654
555897.0 0.6874794970963445
753201.0 0.2660540387797428
557724.0 0.6836241328016838
564330.0 0.6778084780473975
723789.0 0.34940337199837923
566865.0 0.6693188569709748
586386.0 0.6538369690997954
499506.0 0.8352601144449181
758514.0 0.24932845834895373
763683.0 0.22332064031554696
516576.0 0.7614270413932095
647754.0 0.570150379436477
721023.0 0.37204966720867
745617.0 0.2668091786953392
507900.0 0.7725024080274144
736290.0 0.2925865988688708
552432.0 0.7145185755254427
719421.0 0.41681212100653137
727533.0 0.31014949969149597
717690.0 0.42724860897524913
551580.0 0.7179969761661397
761631.0 0.2387683467090269
767445.0 0.21727417905023147
719565.0 0.4105198712170731
739539.0 0.2859426236511971
649914.0 0.5686091302596513
740610.0 0.28489681541216316
652017.0 0.5601148545744038
499650.0 0.7991839904140623
507864.0 0.7758741519797336
642639.0 0.5733101776780531
744189.0 0.27533731336790596
503772.0 0.7931074824926128
714711.0 0.4286466738445015
725706.0 0.31796340223384606
770919.0 0.21305576914546184
762339.0 0.2271961300478494
778803.0 0.2007725683861885
723669.0 0.3564584916359436
774249.0 0.20743808778855635
651021.0 0.5601522075319794
729846.0 0.30848443290439737
722658.0 0.3638657265810089
744189.0 0.27917474982440293
564474.0 0.6752174889254597
585606.0 0.6597723523811206
755421.0 0.26493855325375953
516270.0 0.7637039147540287
503682.0 0.7952611999673752
729846.0 0.3028902933774728
499740.0 0.7972392054771062
725706.0 0.3282747958220044
735627.0 0.29754093556236894
642372.0 0.5745219914680685
725706.0 0.32102066139976365
761769.0 0.23319694827299486
722658.0 0.3713968001694095
723597.0 0.3627967485288597
745233.0 0.27137112168832306
776502.0 0.20498456860995554
758271.0 0.2531312050546246
732252.0 0.30283064332171017
716103.0 0.4281130310415486
556584.0 0.6842709730681613
774315.0 0.20711171570771345
733215.0 0.3019594190560969
768774.0 0.2147860353103325
757662.0 0.2562736077147495
725706.0 0.32844266196061633
761769.0 0.2371949138464207
719421.0 0.4116896730105684
770589.0 0.21373382299560958
757383.0 0.2640053860782243
776826.0 0.20375212317843
734016.0 0.2995310410379361
734493.0 0.29918050332939594
768756.0 0.21684838470885764
745431.0 0.2690776333899919
778695.0 0.20347973441555947
757545.0 0.26259706537265926
516270.0 0.7631298905640683
757545.0 0.2584581899766527
564468.0 0.6756267594854418
757545.0 0.25975766947261386
778695.0 0.2020538080669712
761769.0 0.23862044809864963
757545.0 0.2634490763537059
503682.0 0.7953348061762165
503682.0 0.7962793330185981
778695.0 0.20241894726047308
757545.0 0.262954898113124
757545.0 0.2592230161010496
757545.0 0.2593339435703987
778695.0 0.2029315626407922
503682.0 0.7963078073745032
503682.0 0.7968914988937992
778695.0 0.2032943349712584
757545.0 0.25972794141171535
503682.0 0.7965884572034688
757545.0 0.2629273883514945
503682.0 0.7972105174753961
778695.0 0.20270337685862874
778695.0 0.20370679305236053
778695.0 0.2027651697570688
503682.0 0.7967306119791786
778695.0 0.20351589311242513
778695.0 0.2033810577527844
503682.0 0.7966857099497378
757545.0 0.2593299904366871
778695.0 0.20346115910537466
778695.0 0.20350510957126242
499539.0 0.8419139378309609
793113.0 0.19732360662910592
687660.0 0.45473310276113227
671448.0 0.4783160619959123
675636.0 0.4674743446973828
630381.0 0.6240631757221086
542010.0 0.7284736247088388
611136.0 0.6270563557903585
597663.0 0.6337148251200907
701055.0 0.4505916379369905
661308.0 0.5374516535505361
664479.0 0.5037139268031997
642867.0 0.57769957076153
663660.0 0.5047374560567572
532386.0 0.7351332502513394
782970.0 0.199889953524265
587184.0 0.6610418243583566
705303.0 0.44420824883610643
609228.0 0.6319498184050586
651858.0 0.5698249429072788
528912.0 0.7392844519220614
630594.0 0.6120671262722329
639858.0 0.6100786782027978
594132.0 0.6512386220122014
551190.0 0.7220583349981327
711231.0 0.4365311585401172
523194.0 0.7497965207390812
581112.0 0.665737118155723
499599.0 0.8212398405221715
556068.0 0.6915621061411722
641262.0 0.5896096881041064
577377.0 0.6682449418908338
754971.0 0.2674191053965538
746001.0 0.267675484492134
570084.0 0.668251260227722
593799.0 0.6563961372925071
764223.0 0.22421862735484738
655995.0 0.555681180535439
724521.0 0.3359207564980922
660864.0 0.5515135675026009
641193.0 0.60158908387401
560334.0 0.6874263885816779
554529.0 0.709752929223832
767727.0 0.21832681678307106
554958.0 0.7036927501569766
724239.0 0.3540556978107588
725736.0 0.3332505448817062
552432.0 0.720924319484339
725736.0 0.31939733926146274
717405.0 0.4281775782844051
735627.0 0.3017643574647535
568686.0 0.6745045712315842
505314.0 0.7810254017742008
508227.0 0.7756101839087153
759849.0 0.251745532406876
516528.0 0.7646137993084317
503922.0 0.7909960554442381
654075.0 0.5611433514128478
513786.0 0.7692371498518323
719565.0 0.4182366840788431
661053.0 0.5428357568302977
727533.0 0.3180857653828307
501447.0 0.8026983450820011
737385.0 0.2983221554399716
732066.0 0.3034509038840615
720537.0 0.39006274456690276
729846.0 0.31162130461254123
522948.0 0.7554666400278519
510054.0 0.7734457650414026
714552.0 0.43468149172355613
566253.0 0.6763839661547275
652443.0 0.5633521025626306
720015.0 0.400482175556219
520269.0 0.7644958266044061
501321.0 0.8090904909872616
730260.0 0.3044400170874265
503922.0 0.7824855849896988
719883.0 0.4112277856021404
722949.0 0.3711742537301448
499692.0 0.8136389547503401
722499.0 0.3880825191303295
758514.0 0.25710533388217033
744822.0 0.28630196948128794
722658.0 0.37498682171296255
514143.0 0.7669945200348439
716103.0 0.43319761550625074
745041.0 0.27951049364752184
739851.0 0.29640740083344624
772431.0 0.2134630810222721
724101.0 0.36540754875407494
770343.0 0.21503869297721095
745431.0 0.27196785958170255
564474.0 0.6799147620075567
762543.0 0.23199564623246505
522180.0 0.7617289260392582
762543.0 0.23432157197640485
740553.0 0.294713323768293
778695.0 0.2075641850920974
720489.0 0.398056946807096
740553.0 0.28817707923367075
743070.0 0.2866395340784071
745431.0 0.27707046016554926
776334.0 0.20774223860709784
503550.0 0.7992533066038999
717315.0 0.4301581086032635
774963.0 0.20826966970642002
724101.0 0.359209869700267
729846.0 0.3135292166948824
722658.0 0.38202625746640095
741117.0 0.28708642723555056
722658.0 0.38119108549604674
521814.0 0.7629554789131173
762540.0 0.23785659644700863
757581.0 0.2603628878476322
503682.0 0.7974335619054849
719565.0 0.41251675040798313
774366.0 0.21192833722114177
724101.0 0.3631953858396242
719565.0 0.4177695922243112
761727.0 0.24604689074600497
510051.0 0.7751708487314479
770721.0 0.21443738649441915
757545.0 0.26532155928119316
778695.0 0.20654761543771777
761727.0 0.2480489283406557
564474.0 0.6857239605862996
758043.0 0.25930863953573713
724101.0 0.35570103743521214
761769.0 0.2413031034080649
774699.0 0.21192320891781397
757545.0 0.26498128854828584
499692.0 0.8120714245276766
761769.0 0.24440439388475294
778695.0 0.20391949116128838
720375.0 0.3989189158956441
761769.0 0.23944653252548465
564474.0 0.6788784373225609
564474.0 0.682229268166955
564474.0 0.680425269996914
761769.0 0.24097606252498344
564474.0 0.6829214056286264
761769.0 0.24585515469298383
757545.0 0.2667484616454916
564474.0 0.683987308562379
564474.0 0.684695241583179
564474.0 0.6789389852479076
757545.0 0.2659576225827679
503682.0 0.7987013840910181
564474.0 0.6864927716910016
564474.0 0.6867481821049649
778695.0 0.20724333612700566
503682.0 0.7984345668007193
757545.0 0.26729689300229736
503682.0 0.7980168561701662
778695.0 0.2050490056602852
757545.0 0.26556774756821416
503682.0 0.7978211707856278
503658.0 0.7992278186451462
778695.0 0.20431091263395634
564474.0 0.6841839917641821
778695.0 0.20537754876041614
564474.0 0.6800734554691061
503682.0 0.7990872046630246
757545.0 0.2657937625153617
503682.0 0.797541309416507
503682.0 0.7988248848791896
778695.0 0.20475232538320112
564474.0 0.6803326940875383
778695.0 0.20448943065244332
757545.0 0.2652287364765694
778695.0 0.20615244306254513
778695.0 0.20404380157037103
564474.0 0.6844131287823361
778695.0 0.20731613510595465
564474.0 0.6866366165910319
778695.0 0.20751911998314576
778695.0 0.2057347080918839
778695.0 0.20632961742258962
564474.0 0.6845203480566229
778695.0 0.20465272447756883
778695.0 0.20585196300078767
778695.0 0.20599282717146958
778695.0 0.20546927318374797
778695.0 0.20560441002106516
778695.0 0.2059323355169734
778695.0 0.20768646870890964
778695.0 0.20552004642312896
778695.0 0.2064598331846598
564474.0 0.6844757011561086
778695.0 0.20468935702035634
778695.0 0.2076235093907018
778695.0 0.20651955022780316
778695.0 0.203996696286096
778695.0 0.20639055359746566
778695.0 0.2055858588842537
778695.0 0.2064036865242499
778695.0 0.20598559618170473
778695.0 0.20759712843565156
778695.0 0.20395928364736934
778695.0 0.20393976259489352
778695.0 0.2055924718405419
499752.0 0.8249481072068692
795801.0 0.19751720957491997
692817.0 0.45484484003403175
681567.0 0.4729120444101571
633906.0 0.6147936433255851
615720.0 0.6314570861135859
661230.0 0.5446832949634934
675714.0 0.48160606887464746
674691.0 0.5079562520941573
664227.0 0.5227687055968169
781314.0 0.20458582654255922
602826.0 0.6382553890994292
667986.0 0.5124748761430522
658341.0 0.5839379381842045
551580.0 0.7288309982916241
703188.0 0.45348209017095525
598488.0 0.6407036362622787
614988.0 0.6336308339436177
658509.0 0.5655794465293222
588180.0 0.6656494007053168
648828.0 0.5874399475908919
718725.0 0.4370926947393968
724305.0 0.35944648876062035
641547.0 0.6007599116601287
635754.0 0.6147075753749905
711231.0 0.4449750226407522
595662.0 0.6575230766255686
507879.0 0.7831406661528264
572118.0 0.6732824995300786
524424.0 0.7653068663873418
732066.0 0.31168859035328716
504066.0 0.7968146863760416
727791.0 0.32171071826103786
764418.0 0.22432198917553034
595176.0 0.6627381109499592
554826.0 0.7166129406843245
736497.0 0.30525314027542777
527547.0 0.7527438629651072
723669.0 0.37589843964486763
568332.0 0.6776998870016645
768150.0 0.2192181801294508
535209.0 0.7522265405422941
725628.0 0.34912267141801645
740571.0 0.29181846053044763
707490.0 0.4514787756889245
508416.0 0.7773987243184882
762729.0 0.23261622991626002
720081.0 0.402553308089734
727533.0 0.3269913986952836
658428.0 0.5714691250889309
501480.0 0.8188658343210166
770487.0 0.2153833001272454
581619.0 0.666491752665754
753111.0 0.2678918854599124
542604.0 0.7388618015897794
545034.0 0.7332750159953793
537399.0 0.7399614029116504
528864.0 0.7524987333582399
721764.0 0.39154563923460495
556584.0 0.7161812638331915
514401.0 0.7771994691362618
646380.0 0.5953918333222494
732579.0 0.3065586145255397
643020.0 0.5994032893015842
762543.0 0.23961008093672798
761223.0 0.25736805561763204
520884.0 0.7695537298678745
757833.0 0.2633877502658361
725706.0 0.33612057020452285
577185.0 0.6701006721439374
757749.0 0.26499731312108865
746001.0 0.2770626981450174
711231.0 0.4505835745152319
744813.0 0.2894314745560282
746001.0 0.2830235715653305
516810.0 0.7709295463433311
557523.0 0.7057180063998078
740319.0 0.3006086541982526
559272.0 0.7006890028007496
722949.0 0.3856719612697386
647544.0 0.5931430130314411
564555.0 0.6793117766196045
535782.0 0.7453696071387009
581205.0 0.6687572740054842
720015.0 0.42183012962947813
521376.0 0.7653082340232565
747564.0 0.27184879891550534
501480.0 0.8112821071156704
725628.0 0.3419840556243897
723597.0 0.38010299096671213
503538.0 0.8047819233157513
562281.0 0.6909198982314507
720081.0 0.4069377008900569
543438.0 0.735246710562359
560430.0 0.6962139337094773
774255.0 0.2141617890584307
577374.0 0.6696683542537726
761769.0 0.24617484961771274
740541.0 0.30037855921472895
560862.0 0.6935556253070219
535809.0 0.7413123266957959
719421.0 0.43079650738251857
720015.0 0.4141598177264716
722658.0 0.39139379688295206
516582.0 0.774581227232784
750855.0 0.2681221199359141
545034.0 0.7318387136552318
514818.0 0.7747957462481475
720015.0 0.4132507666895252
720015.0 0.42588887923351065
776379.0 0.20904447340933358
557910.0 0.7041797663476087
501480.0 0.8111833022826611
775899.0 0.2100132439718324
746001.0 0.28892547653369166
774699.0 0.21193603104200387
564474.0 0.6887322832898881
725628.0 0.33780727936617955
778695.0 0.2084973215612487
720015.0 0.4288054184704503
564546.0 0.6819494830676298
761631.0 0.256023724599286
778695.0 0.20826205314970314
564528.0 0.6845981926897355
748707.0 0.2713857511469308
749832.0 0.2687885894822039
761769.0 0.2501678969034554
761769.0 0.2474965222691104
503682.0 0.7992769786010592
749055.0 0.270319943423068
719565.0 0.4302810992764783
778695.0 0.20775403555104072
749385.0 0.26943539510761005
774627.0 0.21367707211079115
761688.0 0.25325828338875506
564510.0 0.686817371896101
557724.0 0.7044947435165189
761769.0 0.25165045553053145
761769.0 0.2531843193805108
503682.0 0.8002902476790378
761769.0 0.2520124921881644
503682.0 0.8039898592627037
564474.0 0.689624570142518
564474.0 0.6901584093787754
564474.0 0.6876075017115751
564474.0 0.6879172137468363
557910.0 0.704317933148105
503682.0 0.8029359396010819
503682.0 0.8024905780249695
503682.0 0.8020702879979252
564474.0 0.6899097560418208
503682.0 0.8030827449763213
503682.0 0.8036667928989601
503682.0 0.8006398103962407
761769.0 0.2519047272316473
564474.0 0.6897688291526481
503682.0 0.800861889167108
503682.0 0.8038949424491423
503682.0 0.8044788761269199
564474.0 0.6877842234474205
503682.0 0.801165965764161
778695.0 0.20814816514657564
503682.0 0.8013227243435054
503682.0 0.801595439689997
778695.0 0.20791720188986623
503682.0 0.8018509366583648
503682.0 0.8043531482218828
503682.0 0.802610214288524
778695.0 0.20890871137270445
503682.0 0.8033215094296264
503682.0 0.8035105601912573
503682.0 0.8014965699663535
778695.0 0.20831329809004814
503682.0 0.8046638407537893
778695.0 0.2087182244552169
778695.0 0.20868590645108134
503682.0 0.8041482161345072
503682.0 0.8042072321181651
503682.0 0.8018694997545368
503682.0 0.8020427605786971
503682.0 0.8034199673258081
503682.0 0.8027801849191145
503682.0 0.800755365089744
503682.0 0.8027603257868442
503682.0 0.8011931940515106
778695.0 0.2089874018240858
503682.0 0.8047118878089213
503682.0 0.8006695084359043
778695.0 0.20822076579015514
503682.0 0.8008397864537955
778695.0 0.20782642598343945
503682.0 0.8015589043972546
503682.0 0.8033313938755087
778695.0 0.20785787729499952
778695.0 0.2082581820983647
503682.0 0.8020527783438722
503682.0 0.801165965764161
499758.0 0.8325234200662354
608166.0 0.668495695069114
580416.0 0.6717659259613277
546042.0 0.733289938781665
532626.0 0.7560656101735557
508704.0 0.7800805158623033
524406.0 0.7657827363101829
555081.0 0.7322892924922536
501492.0 0.8178776645678177
518757.0 0.7713932573807731
566823.0 0.6823671078417113
576126.0 0.6795030794517902
507900.0 0.7890485714269574
524406.0 0.7692126854290436
501492.0 0.8316470503920282
542277.0 0.7406174826888673
504030.0 0.7999898167923765
516318.0 0.7773697425658452
537696.0 0.7487230409711625
556686.0 0.7165784647016616
557724.0 0.7094057473779596
562218.0 0.7007990489312625
558339.0 0.7060936761364119
555762.0 0.7265032537022424
560241.0 0.7009217946274005
536718.0 0.7533619699296547
539766.0 0.7433163174181077
578475.0 0.6758383280319741
508314.0 0.7883215153295293
564354.0 0.6945712675154643
516639.0 0.7770857234189399
534870.0 0.7551217706293378
564504.0 0.6888169925394134
501492.0 0.8136456744012843
564798.0 0.6835094316880965
577038.0 0.6791447930140633
579225.0 0.6722068804618498
556038.0 0.7214780955755629
503634.0 0.8102958184231647
540378.0 0.7423119723872519
556086.0 0.7200167138768925
503721.0 0.8001180135731732
503682.0 0.8051104740109714
565743.0 0.6831178058668002
564474.0 0.6912313477668168
564474.0 0.6935111598880596
503682.0 0.8076255024477382
503682.0 0.8083321406003715
503682.0 0.8055985502498042
503682.0 0.8075023124847305
503682.0 0.8069049860355217
564474.0 0.693103975937428
564474.0 0.6918593288932444
564474.0 0.6940179898147978
564474.0 0.6945390816859174
503682.0 0.8088084632157939
564474.0 0.6923073833468457
564474.0 0.692794165811284
503682.0 0.8060016652133926
503682.0 0.805207592162988
564474.0 0.6923546776538486
564474.0 0.6917094910372856
503682.0 0.8084378026104224
564474.0 0.6939383224638457
503682.0 0.8098964323462451
503682.0 0.8089793775103324
503682.0 0.8064831882792837
503682.0 0.8063548298642282
503682.0 0.8093890968106041
503682.0 0.8061126675909506
503682.0 0.8067304437193208
503682.0 0.8095975165925304
564474.0 0.6928714389490446
503682.0 0.8102249007374812
503682.0 0.8092062347666453
564474.0 0.6939785922371312
503682.0 0.8091458302120883
503682.0 0.8095718953038692
503682.0 0.8100318349569795
503682.0 0.8100438648246832
503682.0 0.8068087405793273
564474.0 0.6917122386178007
564474.0 0.6939683812651477
