503682.0 0.7814542204603866
800559.0 0.18231726779485816
644574.0 0.43698667261426816
674637.0 0.4062129657573739
676557.0 0.37412190990479605
637032.0 0.5127263944927943
711153.0 0.3609608080758267
615024.0 0.554947522525753
579177.0 0.6093329286773346
539763.0 0.7174216224920636
598614.0 0.6029519722452952
753669.0 0.2267107844230675
545538.0 0.6947568392553725
732417.0 0.23796385040949306
606651.0 0.5871283405280994
634782.0 0.5522415702331119
573234.0 0.6292316167313894
776646.0 0.18502891309620792
749163.0 0.23750494502183564
725736.0 0.26375888721484164
778695.0 0.18392704008095845
753669.0 0.2196974470011135
535782.0 0.7453696071387009
715599.0 0.28429227417235664
516318.0 0.7773697425658452
727533.0 0.25596345663272885
715599.0 0.31256730924527193
568668.0 0.6432686097493109
527547.0 0.7527438629651072
753669.0 0.1880919958376147
522180.0 0.7617289260392582
555897.0 0.6874794970963445
603477.0 0.5901825395666621
636078.0 0.5267564448416042
566703.0 0.6525534142029266
635802.0 0.5393670566053337
535209.0 0.7522265405422941
558795.0 0.6702027358433962
715599.0 0.33636152116096785
563574.0 0.6613389850738158
715599.0 0.30516574144841474
557160.0 0.677496004401446
715599.0 0.3545594375910942
521610.0 0.7741324039246353
563574.0 0.6666211298004889
520812.0 0.775540227467884
715599.0 0.3227106174429432
556584.0 0.6842709730681613
715599.0 0.34381352950775135
715599.0 0.3281167599352725
715599.0 0.34290165357768365
715599.0 0.3062831911992288
715599.0 0.32541798880704986
778695.0 0.18785056823803237
778695.0 0.18698913960891417
508908.0 0.8194011005336742
617802.0 0.5706146127409196
581016.0 0.6113682375194223
686313.0 0.39301136488285354
653091.0 0.4495531008491905
676248.0 0.43254812482437643
645369.0 0.4986377719856139
711303.0 0.387212232171918
741165.0 0.24152458379022193
668694.0 0.4393211665243127
755742.0 0.2300039139790212
627033.0 0.5556522349873382
763683.0 0.20200474349565256
573234.0 0.6527487695225216
769857.0 0.1885127590932912
756963.0 0.20981408486732508
732579.0 0.2530858339120715
731913.0 0.2645507442875722
578562.0 0.6352766760961526
719421.0 0.3407439038962362
542010.0 0.7284736247088388
639444.0 0.5535029690359297
540378.0 0.7423119723872519
564474.0 0.6635230158798164
511644.0 0.8020842306669056
556068.0 0.6915621061411722
728493.0 0.2862797576166354
524424.0 0.7727982761556307
546672.0 0.7197505444663573
533706.0 0.7613400082382924
643953.0 0.5154156519242549
641952.0 0.5352678260921699
719421.0 0.355296849324669
719823.0 0.31555707078527956
574593.0 0.6377703809342116
719883.0 0.28889713505934206
517086.0 0.7933508676152115
537855.0 0.7545044386379681
520422.0 0.7863549485088311
558330.0 0.677836152246881
642639.0 0.5236566532395984
639681.0 0.548065575238804
520878.0 0.7770492893104497
727791.0 0.28846479618987336
719883.0 0.29919595696723117
554958.0 0.7036927501569766
513192.0 0.7954577947288326
715599.0 0.36284416938483405
524424.0 0.7653068663873418
715599.0 0.37032357926922504
551580.0 0.7179969761661397
554529.0 0.709752929223832
719883.0 0.311231864518811
560334.0 0.6764024622401339
552432.0 0.7145185755254427
715599.0 0.37686871424323176
563718.0 0.674533764161303
715599.0 0.38225771887390975
534870.0 0.7551217706293378
534870.0 0.7572391635292337
715599.0 0.36617555180947425
564474.0 0.6742791729001149
564474.0 0.668720842344881
564474.0 0.6674565173089472
564474.0 0.6743749988951833
778695.0 0.18905089346435086
511644.0 0.8197384571037382
688686.0 0.415470818923926
673092.0 0.4431390561289454
611520.0 0.611995579594962
642336.0 0.5391145409474852
657723.0 0.45327548333312034
707469.0 0.39673502155385193
584040.0 0.6133822919035389
633009.0 0.5623204103838866
653688.0 0.5177587012908841
621492.0 0.5998135538521244
656202.0 0.49286995165586983
770505.0 0.19235095769783458
525192.0 0.7754841759123048
715599.0 0.3905572648086508
626898.0 0.5760553493468176
533706.0 0.7686543653341823
560334.0 0.6874263885816779
757662.0 0.23490481345823291
766191.0 0.20338506449238347
739596.0 0.25539125680656405
736497.0 0.2751031456377668
753324.0 0.24883004971559083
546042.0 0.733289938781665
581412.0 0.6354819827381746
747564.0 0.2535148411009777
725736.0 0.29218405107982093
575319.0 0.6581637501305921
621825.0 0.5825659720661877
758514.0 0.2122701071625435
584040.0 0.6223581364247337
579372.0 0.6422862218182739
551190.0 0.7220583349981327
736497.0 0.26002120927919575
763683.0 0.21050220785718185
512961.0 0.8093112758913791
719823.0 0.3470221621580749
718581.0 0.38468332258003
568746.0 0.6637088855752624
579003.0 0.6577370561646678
757869.0 0.22516272624051897
723669.0 0.30917026337886105
719565.0 0.36756233815303085
654360.0 0.5117480461101938
559272.0 0.7006890028007496
524424.0 0.7862928409358456
719883.0 0.33334703941041344
564330.0 0.6778084780473975
778695.0 0.1916630595361321
516552.0 0.8047147872110121
539676.0 0.7551303928074762
732579.0 0.28339382844992234
624630.0 0.5786070119877789
751767.0 0.2534962656592857
732252.0 0.2902703540352989
655503.0 0.49936453025184113
719883.0 0.31654963989392654
534678.0 0.763048914340974
556584.0 0.7161812638331915
566865.0 0.6693188569709748
719883.0 0.3268152451233664
540576.0 0.7464056127192542
557523.0 0.7057180063998078
723684.0 0.300628196323033
554826.0 0.7166129406843245
552432.0 0.720924319484339
543438.0 0.735246710562359
542604.0 0.7388618015897794
518619.0 0.8019909441673397
542010.0 0.7455382095205104
564474.0 0.6752174889254597
719421.0 0.3738525209807057
538182.0 0.7618755351566978
521391.0 0.7886942570797079
538200.0 0.7601544877376443
519087.0 0.7979856609861407
568044.0 0.6665286261320212
723669.0 0.30193267363232995
719883.0 0.33974456782369317
655866.0 0.49756875180315346
719823.0 0.3415172529011107
557910.0 0.7041797663476087
719565.0 0.37016856892992783
520812.0 0.7921991161233856
719421.0 0.37359083442810437
732579.0 0.28607410443273223
732279.0 0.28961404776980515
732579.0 0.2843565858696422
520812.0 0.797018487513589
520812.0 0.7947020459519286
564468.0 0.6756267594854418
778695.0 0.1899594089030684
520812.0 0.7903018266458313
557910.0 0.704317933148105
521040.0 0.7888254295297255
520812.0 0.7928614716756657
520812.0 0.794058004580626
520812.0 0.789671588560688
778695.0 0.19214754591539696
520812.0 0.7926880234636768
778839.0 0.1895928071240814
512304.0 0.8441404099786125
620739.0 0.6122333181782575
585447.0 0.6146751104536817
676674.0 0.4484980909176496
688809.0 0.4239660156576365
656772.0 0.5186498879358535
658734.0 0.49589963198015524
622032.0 0.5828586864401074
647994.0 0.539745716246541
705231.0 0.41641601186736116
741393.0 0.2558108147505172
696576.0 0.41670852269612435
667560.0 0.4556366090888579
569406.0 0.6641379567603071
658980.0 0.4601156587707283
755505.0 0.2555843792329903
581205.0 0.6605928150012302
630987.0 0.5789070925150693
582549.0 0.6394160607862508
716103.0 0.4140025174004198
644499.0 0.5438603090054335
584997.0 0.6240781289049556
513192.0 0.8215422910226511
550584.0 0.7343455576102251
770052.0 0.2118869478544493
642393.0 0.5596485992297061
634926.0 0.5640887512262035
525252.0 0.7814387540614213
541524.0 0.7535498044666994
662223.0 0.459931410022082
758271.0 0.22724664329165029
719883.0 0.3798235875025994
512376.0 0.8345848057410823
738456.0 0.27908796061758495
633978.0 0.5737324962460045
581619.0 0.6536469973520244
558339.0 0.7060936761364119
547470.0 0.7495152094858601
720519.0 0.3360418719268215
640554.0 0.5626329152476318
522552.0 0.7905633666410871
772905.0 0.20079119566952333
720015.0 0.3494935426839267
529254.0 0.7810059393725549
766191.0 0.21307535143867126
551580.0 0.7288309982916241
568686.0 0.6745045712315842
734154.0 0.2853748029225699
760980.0 0.22075331067978662
556686.0 0.7165784647016616
547356.0 0.7507524723796538
555762.0 0.7265032537022424
518865.0 0.8035084032722282
741009.0 0.2689630543197358
723789.0 0.3053499758206671
732579.0 0.2897636272627
720015.0 0.36491298263407534
539007.0 0.7667716593485472
727791.0 0.29491506344961926
535605.0 0.7696941749501267
717690.0 0.4020391749619327
719883.0 0.36500508887180133
560241.0 0.7009217946274005
723669.0 0.32346055575755994
566253.0 0.6763839661547275
757545.0 0.24918528440231077
516858.0 0.80944728185274
541257.0 0.7615449146131033
718725.0 0.39570223295750273
762267.0 0.21368199478179684
720519.0 0.3276142871820501
723669.0 0.3185880386764475
757845.0 0.2380570298486608
532932.0 0.7787417895867713
720015.0 0.3435822648288504
535209.0 0.7734154660323047
719565.0 0.38908047473097657
520899.0 0.7930268011106293
740553.0 0.27651623535286424
562281.0 0.6909198982314507
757773.0 0.23964286450466896
778479.0 0.19961673864473675
774366.0 0.20024637087053898
516318.0 0.8127759328020994
516318.0 0.8117107154302629
533706.0 0.7783588972243694
540576.0 0.7655554045922189
725706.0 0.30087131960574537
761769.0 0.2162582166417978
717690.0 0.4088782287387436
560862.0 0.6935556253070219
727791.0 0.30011533452868566
724209.0 0.30204854758579247
717690.0 0.4119044898845817
560430.0 0.6962139337094773
520368.0 0.7998278030449635
718725.0 0.3902900627621066
740553.0 0.2716736309995098
733440.0 0.28669094424662395
556038.0 0.7214780955755629
732579.0 0.2917924273054171
564474.0 0.6829214056286264
556086.0 0.7200167138768925
520812.0 0.7991452543950527
757545.0 0.254647422457148
757545.0 0.25436012498083066
727791.0 0.29626269424910756
564474.0 0.6803326940875383
723669.0 0.3204389088159636
774339.0 0.2006299014946224
778695.0 0.1926451717204464
564474.0 0.6788784373225609
564474.0 0.682229268166955
723669.0 0.3190908470387421
778695.0 0.19479020814410578
564474.0 0.680425269996914
564474.0 0.6857239605862996
564474.0 0.6887322832898881
778695.0 0.19642413443625084
520812.0 0.799317779008692
564474.0 0.683987308562379
778695.0 0.19361458987107213
778695.0 0.19762986292914275
564474.0 0.684695241583179
564474.0 0.6799147620075567
564474.0 0.689624570142518
564474.0 0.6789389852479076
564474.0 0.6876075017115751
564474.0 0.6901584093787754
564474.0 0.6867481821049649
778695.0 0.19354447237833883
564474.0 0.6879172137468363
564474.0 0.6864927716910016
778695.0 0.19518160734737255
778695.0 0.19635390353025822
778695.0 0.19574828178633316
778695.0 0.1989287777503206
778695.0 0.19549543059079855
778695.0 0.19807027293177615
520812.0 0.7994888127366395
778695.0 0.19836950482181367
778695.0 0.1978780452221075
564474.0 0.6841839917641821
564474.0 0.6800734554691061
778695.0 0.1993022956714012
778695.0 0.19851998234765522
564474.0 0.6899097560418208
778695.0 0.1991069497342436
520812.0 0.7995663041285097
564474.0 0.6877842234474205
564474.0 0.6844131287823361
564474.0 0.6897688291526481
564474.0 0.6866366165910319
778695.0 0.19568361626232023
778695.0 0.19763235208126345
778695.0 0.1995229648381611
564474.0 0.6845203480566229
778695.0 0.19851619507904864
564474.0 0.6844757011561086
778695.0 0.19957715695154896
778695.0 0.19954477938347917
778695.0 0.19961207422477206
780792.0 0.19592170630514757
512436.0 0.8448433754465966
512436.0 0.847082314133095
614121.0 0.6189733215016306
585447.0 0.6420174899472949
669261.0 0.46340918708692147
621231.0 0.6124733372124452
628380.0 0.5911628994328981
659790.0 0.483346313006442
633711.0 0.5815310644424663
705543.0 0.4228936539991406
693435.0 0.4356684529029722
682386.0 0.44976855509833863
659583.0 0.5324274130869474
713490.0 0.4182603864970277
679113.0 0.45169317938062997
640638.0 0.5647422732818431
663132.0 0.482058203231484
520554.0 0.8011619543363052
694206.0 0.42533070987542937
649455.0 0.540705574768322
525402.0 0.7833425940608018
534996.0 0.780265922920885
516462.0 0.8159739836999658
752931.0 0.256112742471392
646797.0 0.5492440267459375
724101.0 0.3134910881751509
657495.0 0.5331523515673005
570084.0 0.668251260227722
643491.0 0.559915066026113
524457.0 0.7929422260952246
577377.0 0.6682449418908338
583986.0 0.658053059142919
717825.0 0.405668787960156
728994.0 0.3008177173095337
581112.0 0.665737118155723
537120.0 0.770529140384046
720537.0 0.3627647654647064
542118.0 0.7612667368684716
725658.0 0.308575428474385
568332.0 0.6776998870016645
749055.0 0.2618343089763964
723669.0 0.3370405657940657
740955.0 0.27394010906579813
757836.0 0.24194056222506716
585447.0 0.6245394023658439
723597.0 0.35208184179458973
770682.0 0.2124276702229193
543606.0 0.7571907498813293
757836.0 0.24792099757347208
740316.0 0.2791257784433725
514938.0 0.8232300295125489
549633.0 0.7529633593434747
559272.0 0.710886595298349
736497.0 0.2855120821684136
720015.0 0.3855932307496719
558381.0 0.7238288996814378
585198.0 0.6468163452445775
731751.0 0.29560333189022275
745017.0 0.2664595773137927
772953.0 0.20259690005306827
514506.0 0.8328517506227884
562218.0 0.7007990489312625
512961.0 0.8365061358683291
555081.0 0.7322892924922536
761337.0 0.23614260419757868
720015.0 0.37147746886639194
535782.0 0.7720809640227784
767787.0 0.21361251464846348
564555.0 0.6793117766196045
761727.0 0.22510131973952544
560718.0 0.7029707840885527
765963.0 0.21836558461960043
746001.0 0.26370318366032997
723669.0 0.34677664665109975
761631.0 0.23572884125440677
736107.0 0.2898973559541662
564354.0 0.6945712675154643
778695.0 0.20100750593143776
555894.0 0.7286394477577276
774339.0 0.20193860388091503
556332.0 0.7240598564673404
559272.0 0.7062034104526346
734493.0 0.2946148646855335
762729.0 0.21948663577757543
765972.0 0.2149184306516653
551580.0 0.7510178402469657
720081.0 0.36888496396447995
734493.0 0.2924444055865063
723669.0 0.34001099873133683
718725.0 0.40256834031374883
551580.0 0.7385199815311535
762729.0 0.21982177184251495
542232.0 0.7582555954551309
551580.0 0.7423207966739658
720015.0 0.39241781011320215
551580.0 0.7345344117240732
659556.0 0.5326866418978773
550602.0 0.7529292578876879
719565.0 0.39936953168540423
778695.0 0.20027016457005942
761727.0 0.22476940672723786
564546.0 0.6819494830676298
745251.0 0.2650182000478795
564528.0 0.6845981926897355
564504.0 0.6888169925394134
719565.0 0.39641120752539516
551580.0 0.7457977288751352
564510.0 0.686817371896101
719565.0 0.3949104583311956
551355.0 0.7513731537787761
774339.0 0.20213961031035999
778695.0 0.1998819656112032
720015.0 0.3926410313444685
719421.0 0.40172434190630135
551580.0 0.7479700958340244
564474.0 0.6912313477668168
720015.0 0.3702117875068901
719421.0 0.4010416439025414
551580.0 0.7500703522569319
723669.0 0.33855730402355605
723669.0 0.3394703178202625
723669.0 0.33771483705797734
551580.0 0.7471209602077413
551580.0 0.7466042405117814
551580.0 0.7506384088250124
564474.0 0.6935111598880596
778695.0 0.20177076972566463
778695.0 0.2011252353357912
778695.0 0.20042808274683366
564474.0 0.693103975937428
564474.0 0.6918593288932444
551580.0 0.7501026430827785
564474.0 0.6940179898147978
564474.0 0.6945390816859174
564474.0 0.692794165811284
564474.0 0.6923073833468457
564474.0 0.6923546776538486
564474.0 0.6917094910372856
564474.0 0.6939383224638457
778695.0 0.1998901691826472
551580.0 0.7509797987970511
551580.0 0.7512534882244674
564474.0 0.6939683812651477
564474.0 0.6928714389490446
564474.0 0.6917122386178007
564474.0 0.6939785922371312
782733.0 0.19704714036301407
514248.0 0.8539592861735643
699159.0 0.43258065980403615
671337.0 0.46545799820697403
655020.0 0.5519258863333417
682734.0 0.4534171407098898
594339.0 0.6251129829795651
660405.0 0.5054769575817921
617442.0 0.623712356725295
661752.0 0.4989180628107979
635868.0 0.5858361188004374
629490.0 0.6116494135740199
556344.0 0.7243834448219869
709656.0 0.4290367240112807
680103.0 0.4611000070911335
572118.0 0.6732824995300786
589740.0 0.6469300963183172
594186.0 0.6387073860095266
515025.0 0.8333425882600854
626712.0 0.6150930827128455
619848.0 0.6199159620258358
640860.0 0.5799178027500368
551820.0 0.7357384038334902
753201.0 0.2660540387797428
720519.0 0.387203735365489
724239.0 0.3350163724774654
719883.0 0.39495404820883123
566823.0 0.6823671078417113
525501.0 0.7928248857831838
535887.0 0.7831830648225729
560280.0 0.7102712119229837
516729.0 0.8201069354426506
586386.0 0.6538369690997954
723789.0 0.34940337199837923
758514.0 0.24932845834895373
647754.0 0.570150379436477
763683.0 0.22332064031554696
745617.0 0.2668091786953392
736290.0 0.2925865988688708
721023.0 0.37204966720867
520590.0 0.8096307625358214
540615.0 0.7724391668017706
531324.0 0.7876691354393718
727533.0 0.31014949969149597
717690.0 0.42724860897524913
529638.0 0.7877615054096004
551652.0 0.7389083266734869
767445.0 0.21727417905023147
761631.0 0.2387683467090269
739539.0 0.2859426236511971
740610.0 0.28489681541216316
652017.0 0.5601148545744038
649914.0 0.5686091302596513
719565.0 0.4105198712170731
642639.0 0.5733101776780531
714711.0 0.4286466738445015
744189.0 0.27533731336790596
585447.0 0.6633736812114104
577185.0 0.6701006721439374
719421.0 0.41681212100653137
581619.0 0.666491752665754
551580.0 0.7542642494005116
770919.0 0.21305576914546184
778803.0 0.2007725683861885
725706.0 0.32102066139976365
564798.0 0.6835094316880965
762339.0 0.2271961300478494
774249.0 0.20743808778855635
537747.0 0.776815284507859
723669.0 0.3564584916359436
546042.0 0.7593928160662724
516492.0 0.8269720707578802
651021.0 0.5601522075319794
581205.0 0.6687572740054842
542349.0 0.7673102603027425
560862.0 0.7049391849636997
729846.0 0.30848443290439737
562281.0 0.70089232253254
543072.0 0.760183605753396
524592.0 0.8008171399343836
755421.0 0.26493855325375953
722658.0 0.3713968001694095
744189.0 0.27917474982440293
585606.0 0.6597723523811206
729846.0 0.3028902933774728
524190.0 0.802274767565135
577374.0 0.6696683542537726
564474.0 0.6945878249014527
725706.0 0.3282747958220044
735627.0 0.29754093556236894
642372.0 0.5745219914680685
537348.0 0.7784059661182975
722658.0 0.3638657265810089
725706.0 0.31796340223384606
719421.0 0.4116896730105684
761769.0 0.23319694827299486
547968.0 0.7584768882068186
549390.0 0.7572839952313051
723597.0 0.3627967485288597
776502.0 0.20498456860995554
520812.0 0.8054516131612717
745233.0 0.27137112168832306
732252.0 0.30283064332171017
758271.0 0.2531312050546246
543018.0 0.7647811466319709
716103.0 0.4281130310415486
774315.0 0.20711171570771345
733215.0 0.3019594190560969
768774.0 0.2147860353103325
516513.0 0.8233302326999705
757662.0 0.2562736077147495
770589.0 0.21373382299560958
761769.0 0.2371949138464207
725706.0 0.32844266196061633
757383.0 0.2640053860782243
776826.0 0.20375212317843
560460.0 0.7098284707425163
565743.0 0.6831178058668002
734493.0 0.29918050332939594
734016.0 0.2995310410379361
768756.0 0.21684838470885764
551580.0 0.7543911853364917
745431.0 0.2690776333899919
564474.0 0.6989962218854591
778695.0 0.2027651697570688
757545.0 0.2584581899766527
757545.0 0.26259706537265926
520812.0 0.8061380363894747
757545.0 0.25975766947261386
520812.0 0.8084763664126889
551580.0 0.7558762966707484
778695.0 0.2020538080669712
761769.0 0.23862044809864963
551580.0 0.7549506793033771
564474.0 0.6974009368945836
520812.0 0.8049717964687692
757545.0 0.2634490763537059
520812.0 0.8092610700797909
520812.0 0.8033971182825036
520812.0 0.8028295572079871
520812.0 0.8042826565548135
757545.0 0.2592230161010496
564474.0 0.6979751562452451
551580.0 0.7566232303192255
564474.0 0.6989500475310457
560370.0 0.709941566088851
564474.0 0.6995420735115626
520812.0 0.8043930248832055
757545.0 0.2593339435703987
778695.0 0.20241894726047308
564474.0 0.7001718001949454
564474.0 0.6997417572446419
520812.0 0.8088301525756996
520812.0 0.8032719217931636
564474.0 0.6968680107473663
551580.0 0.7544444422525152
560298.0 0.7101722581441886
564474.0 0.6990304957281586
778695.0 0.2029315626407922
757545.0 0.262954898113124
551580.0 0.756732813828891
778695.0 0.2032943349712584
564474.0 0.6958421278520469
551580.0 0.7570962481184257
520812.0 0.8091616513584179
757545.0 0.25972794141171535
564474.0 0.6951113350829983
551580.0 0.7571684521168656
757545.0 0.2629273883514945
564474.0 0.6954656337951748
520812.0 0.8085333280206167
778695.0 0.20270337685862874
564474.0 0.6960874513372257
564474.0 0.6987021425681654
564474.0 0.7005278214036991
564474.0 0.6947886886619145
778695.0 0.20350510957126242
564474.0 0.6982689986128522
564474.0 0.6985261196264719
564474.0 0.6961805485241807
564474.0 0.6988600289131315
778695.0 0.20370679305236053
564474.0 0.70073699308988
564474.0 0.6963496051789959
564474.0 0.7003790227700633
778695.0 0.20351589311242513
564474.0 0.6946756674662066
564474.0 0.6956414100313545
564474.0 0.6949790173596666
564474.0 0.6954658242218298
564474.0 0.6956414100313545
564474.0 0.6984228013875741
778695.0 0.2033810577527844
564474.0 0.6968368848814056
564474.0 0.7007609053544057
564474.0 0.6965395950168188
564474.0 0.7004247002092642
564474.0 0.6967062205505148
564474.0 0.6965699724337299
564474.0 0.6964213135612993
564474.0 0.6967094915307337
757545.0 0.2593299904366871
778695.0 0.20346115910537466
564474.0 0.698945226915
564474.0 0.6983267976138674
564474.0 0.6950599128025825
564474.0 0.6949790173596666
564474.0 0.6983545975090248
564474.0 0.6982689986128522
564474.0 0.6964040317607401
564474.0 0.6989500475310457
564474.0 0.7003799362989269
778695.0 0.20347973441555947
564474.0 0.6950903548857997
564474.0 0.6950599128025825
564474.0 0.6965699724337299
564474.0 0.6983499907457552
564474.0 0.6950903548857997
564474.0 0.6964067867517495
564474.0 0.698945226915
564474.0 0.6989500475310457
564474.0 0.6964067867517495
564474.0 0.6989500475310457
564474.0 0.698945226915
564474.0 0.6989500475310457
564474.0 0.6989500475310457
564474.0 0.6965699724337299
516318.0 0.8742184227854847
793113.0 0.19732360662910592
687660.0 0.45473310276113227
671448.0 0.4783160619959123
675636.0 0.4674743446973828
630381.0 0.6240631757221086
611136.0 0.6270563557903585
597663.0 0.6337148251200907
701055.0 0.4505916379369905
587184.0 0.6610418243583566
642867.0 0.57769957076153
664479.0 0.5037139268031997
661308.0 0.5374516535505361
782970.0 0.199889953524265
663660.0 0.5047374560567572
609228.0 0.6319498184050586
705303.0 0.44420824883610643
651858.0 0.5698249429072788
630594.0 0.6120671262722329
516426.0 0.8584846188776819
639858.0 0.6100786782027978
711231.0 0.4365311585401172
594132.0 0.6512386220122014
541320.0 0.7747999558728829
580416.0 0.6717659259613277
754971.0 0.2674191053965538
641262.0 0.5896096881041064
746001.0 0.267675484492134
593799.0 0.6563961372925071
537540.0 0.7880063536408938
576126.0 0.6795030794517902
764223.0 0.22421862735484738
655995.0 0.555681180535439
660864.0 0.5515135675026009
724521.0 0.3359207564980922
767727.0 0.21832681678307106
641193.0 0.60158908387401
529740.0 0.7901919049883211
516456.0 0.83639020749051
559458.0 0.7273821396180321
560583.0 0.7113516698644198
568782.0 0.6872233303651732
537717.0 0.7830129734202248
516879.0 0.8209156208164275
555462.0 0.7372847485907694
724239.0 0.3540556978107588
725736.0 0.31939733926146274
725736.0 0.3332505448817062
735627.0 0.3017643574647535
523092.0 0.8047163785394694
717405.0 0.4281775782844051
551670.0 0.7474127170966968
759849.0 0.251745532406876
654075.0 0.5611433514128478
520680.0 0.8142482316502423
526908.0 0.8016671098714132
516330.0 0.8728731564277944
727533.0 0.3180857653828307
732066.0 0.3034509038840615
737385.0 0.2983221554399716
558030.0 0.7288585443818459
714552.0 0.43468149172355613
661053.0 0.5428357568302977
720537.0 0.39006274456690276
545016.0 0.7688970149248775
547086.0 0.7635595560163332
762543.0 0.23199564623246505
652443.0 0.5633521025626306
565053.0 0.6941831211714451
730260.0 0.3044400170874265
720015.0 0.400482175556219
722499.0 0.3880825191303295
719883.0 0.4112277856021404
548136.0 0.7618081500315279
722949.0 0.3711742537301448
553359.0 0.739396169913623
564474.0 0.7009035483468674
568782.0 0.6856066690749264
525357.0 0.8032058838894156
578475.0 0.6758383280319741
551706.0 0.7411443227446189
729846.0 0.3135292166948824
758514.0 0.25710533388217033
561138.0 0.7086450154797544
744822.0 0.28630196948128794
528564.0 0.7949999377434407
562749.0 0.7046892484849536
772431.0 0.2134630810222721
739851.0 0.29640740083344624
716103.0 0.43319761550625074
770343.0 0.21503869297721095
719565.0 0.4182366840788431
719565.0 0.4177695922243112
545016.0 0.7692957638641161
551580.0 0.7580019928575249
745431.0 0.27196785958170255
745041.0 0.27951049364752184
778695.0 0.20632961742258962
516552.0 0.8264433378324042
722658.0 0.37498682171296255
566865.0 0.6904671287024833
761727.0 0.2480489283406557
729846.0 0.31162130461254123
516552.0 0.8311212162680137
743070.0 0.2866395340784071
551580.0 0.7583013276560898
776334.0 0.20774223860709784
740553.0 0.294713323768293
577038.0 0.6791447930140633
740553.0 0.28817707923367075
720489.0 0.398056946807096
579225.0 0.6722068804618498
745431.0 0.27707046016554926
717315.0 0.4301581086032635
774963.0 0.20826966970642002
566820.0 0.6927980033363043
562773.0 0.7012001611222053
724101.0 0.36540754875407494
724101.0 0.35570103743521214
722658.0 0.38119108549604674
741117.0 0.28708642723555056
724101.0 0.359209869700267
774366.0 0.21192833722114177
762540.0 0.23785659644700863
722658.0 0.38202625746640095
757581.0 0.2603628878476322
529644.0 0.7920408916275584
770721.0 0.21443738649441915
757545.0 0.2652287364765694
719565.0 0.41251675040798313
724101.0 0.3631953858396242
761769.0 0.24440439388475294
520812.0 0.8134633317574173
778695.0 0.2064598331846598
762543.0 0.23432157197640485
528888.0 0.7948846906933658
758043.0 0.25930863953573713
520812.0 0.810124886056004
516456.0 0.8356498972414029
774699.0 0.21192320891781397
558264.0 0.728579569602297
757545.0 0.26498128854828584
778695.0 0.20391949116128838
720375.0 0.3989189158956441
761769.0 0.2413031034080649
761769.0 0.23944653252548465
761727.0 0.24604689074600497
551580.0 0.7593209630904291
761769.0 0.24097606252498344
761769.0 0.24585515469298383
551580.0 0.7603198207667797
520812.0 0.8113290454806459
757545.0 0.2667484616454916
520812.0 0.8102928083590999
520812.0 0.8120502856263445
757545.0 0.2659576225827679
778695.0 0.20724333612700566
757545.0 0.26729689300229736
778695.0 0.20654761543771777
520812.0 0.8114723668263283
551580.0 0.7610159476084051
778695.0 0.2050490056602852
520812.0 0.8137051332137654
520812.0 0.8125087041506922
520812.0 0.814190222323075
520812.0 0.8129755174930607
551580.0 0.7614206619136772
757545.0 0.26556774756821416
520812.0 0.8126379393604
778695.0 0.20431091263395634
778695.0 0.20537754876041614
551580.0 0.7613346857266291
757545.0 0.2657937625153617
778695.0 0.20475232538320112
778695.0 0.20448943065244332
757545.0 0.26532155928119316
778695.0 0.20615244306254513
520812.0 0.8131746641283282
551580.0 0.7610232258036035
778695.0 0.20404380157037103
778695.0 0.20731613510595465
778695.0 0.20751911998314576
778695.0 0.2057347080918839
778695.0 0.20465272447756883
520812.0 0.8131412502544584
778695.0 0.20585196300078767
520812.0 0.8135714647467379
778695.0 0.20599282717146958
778695.0 0.20546927318374797
778695.0 0.20560441002106516
778695.0 0.2059323355169734
778695.0 0.20768646870890964
520812.0 0.8102414299135728
778695.0 0.20552004642312896
520812.0 0.8135220061969102
778695.0 0.20468935702035634
778695.0 0.2076235093907018
778695.0 0.20651955022780316
778695.0 0.203996696286096
778695.0 0.2075641850920974
778695.0 0.20639055359746566
778695.0 0.2055858588842537
778695.0 0.2064036865242499
778695.0 0.20598559618170473
778695.0 0.20759712843565156
778695.0 0.20395928364736934
520812.0 0.8102430303495851
778695.0 0.20393976259489352
778695.0 0.2055924718405419
795801.0 0.19751720957491997
516513.0 0.8838455826206036
692817.0 0.45484484003403175
681567.0 0.4729120444101571
633906.0 0.6147936433255851
615720.0 0.6314570861135859
516669.0 0.8397890928152599
661230.0 0.5446832949634934
781314.0 0.20458582654255922
675714.0 0.48160606887464746
674691.0 0.5079562520941573
664227.0 0.5227687055968169
602826.0 0.6382553890994292
667986.0 0.5124748761430522
658341.0 0.5839379381842045
703188.0 0.45348209017095525
614988.0 0.6336308339436177
598488.0 0.6407036362622787
648828.0 0.5874399475908919
718725.0 0.4370926947393968
658509.0 0.5655794465293222
641547.0 0.6007599116601287
635754.0 0.6147075753749905
588180.0 0.6656494007053168
711231.0 0.4449750226407522
724305.0 0.35944648876062035
595662.0 0.6575230766255686
581061.0 0.6755288642943287
585924.0 0.6727513802545109
569406.0 0.6859520440982569
732066.0 0.31168859035328716
764418.0 0.22432198917553034
595176.0 0.6627381109499592
727791.0 0.32171071826103786
553926.0 0.7395922929184796
736497.0 0.30525314027542777
551820.0 0.7418141993254884
576618.0 0.6831417221356224
768150.0 0.2192181801294508
538014.0 0.7866389224906315
707490.0 0.4514787756889245
723669.0 0.37589843964486763
545994.0 0.7709139644470435
560598.0 0.7193873201156517
740571.0 0.29181846053044763
558264.0 0.732302380003335
753111.0 0.2678918854599124
770487.0 0.2153833001272454
762729.0 0.23261622991626002
727533.0 0.3269913986952836
720081.0 0.402553308089734
541578.0 0.7781219839050748
551736.0 0.7591069901182778
658428.0 0.5714691250889309
558381.0 0.7294900568475616
576771.0 0.6801364599895221
542118.0 0.7773406517037226
725628.0 0.34912267141801645
721764.0 0.39154563923460495
646380.0 0.5953918333222494
732579.0 0.3065586145255397
643020.0 0.5994032893015842
547182.0 0.7674670841747718
761223.0 0.25736805561763204
533718.0 0.7964250773194091
529392.0 0.7999886490484139
744813.0 0.2894314745560282
757833.0 0.2633877502658361
757749.0 0.26499731312108865
762543.0 0.23961008093672798
562641.0 0.70912045922833
711231.0 0.4505835745152319
725706.0 0.33612057020452285
560598.0 0.7129129974694525
746001.0 0.2770626981450174
740319.0 0.3006086541982526
524748.0 0.8093238957892243
725628.0 0.3419840556243897
647544.0 0.5931430130314411
520362.0 0.8238243905028205
722949.0 0.3856719612697386
549387.0 0.7624112025713091
568554.0 0.6905493313119236
516702.0 0.8272457688424946
537426.0 0.7907172765192919
720015.0 0.42183012962947813
516729.0 0.8269226709007235
747564.0 0.27184879891550534
774255.0 0.2141617890584307
746001.0 0.2830235715653305
723597.0 0.38010299096671213
527073.0 0.803828859150873
566550.0 0.6964447238298824
521040.0 0.8110130985263373
720081.0 0.4069377008900569
566226.0 0.6997188638262262
778695.0 0.20775403555104072
528987.0 0.8011292683584926
740541.0 0.30037855921472895
746001.0 0.28892547653369166
534996.0 0.7921854769847935
750855.0 0.2681221199359141
719421.0 0.43079650738251857
722658.0 0.39139379688295206
720015.0 0.4141598177264716
568554.0 0.694093350074688
776379.0 0.20904447340933358
761769.0 0.24617484961771274
520524.0 0.8224484660211674
720015.0 0.4132507666895252
564330.0 0.7062535407546467
526803.0 0.8072178262065792
550470.0 0.7623583029839669
525576.0 0.8074787380114749
775899.0 0.2100132439718324
720015.0 0.42588887923351065
774699.0 0.21193603104200387
551670.0 0.7607061984382407
520764.0 0.8170813227139156
778695.0 0.20831329809004814
725628.0 0.33780727936617955
533940.0 0.7945508457025278
761631.0 0.256023724599286
748707.0 0.2713857511469308
534996.0 0.7937071724848677
749832.0 0.2687885894822039
564474.0 0.7022214365829463
720015.0 0.4288054184704503
761769.0 0.2501678969034554
520902.0 0.8110939056437035
761769.0 0.2474965222691104
761769.0 0.25165045553053145
749055.0 0.270319943423068
520812.0 0.814447783691402
719565.0 0.4302810992764783
749385.0 0.26943539510761005
774627.0 0.21367707211079115
761688.0 0.25325828338875506
564474.0 0.7013043963400554
761769.0 0.2531843193805108
761769.0 0.2520124921881644
520812.0 0.816479245442608
520812.0 0.8146878970103222
564474.0 0.7056986555855582
520812.0 0.8152044028801297
520812.0 0.8169783378738504
520812.0 0.8160770031803244
564474.0 0.7016418897479265
520812.0 0.8155522761811882
564474.0 0.702989424744957
778695.0 0.2084973215612487
761769.0 0.2519047272316473
520812.0 0.815323718214953
564474.0 0.7054130307740105
564474.0 0.7046244883204699
564474.0 0.7041401588652457
564474.0 0.7043673652844346
778695.0 0.20814816514657564
564474.0 0.7032740590361275
564474.0 0.7019988412357712
778695.0 0.20791720188986623
564474.0 0.7039011934714521
520812.0 0.8157356719878253
520812.0 0.815823534662233
778695.0 0.20890871137270445
564474.0 0.703538254480077
564474.0 0.7049544941091317
520812.0 0.8160063943529323
564474.0 0.7031898832556158
564474.0 0.7013939479813394
520812.0 0.8144952561978305
564474.0 0.7048771925835374
778695.0 0.2087182244552169
778695.0 0.20868590645108134
564474.0 0.7018202435952102
564474.0 0.7028114471379966
564474.0 0.7051385775156804
564474.0 0.7036690519434512
564474.0 0.7042081003706766
564474.0 0.7038186261334652
564474.0 0.7058313274184572
564474.0 0.7022755991251494
564474.0 0.7043200180378948
564474.0 0.7061583092442353
564474.0 0.7052422410316995
564474.0 0.7047264836688851
564474.0 0.7023836055903305
778695.0 0.2089874018240858
564474.0 0.7059813278476732
564474.0 0.7057287240583632
564474.0 0.7060350521377691
564474.0 0.7024981435028661
564474.0 0.703636185890877
564474.0 0.7053593907799353
564474.0 0.7024174705132664
778695.0 0.20822076579015514
564474.0 0.7019293284258424
778695.0 0.20782642598343945
520812.0 0.8170522211124122
564474.0 0.703542542465455
564474.0 0.702544975788884
778695.0 0.20785787729499952
564474.0 0.7013939479813394
564474.0 0.7013043963400554
564474.0 0.7058929941132347
564474.0 0.702738115882645
564474.0 0.7026978034991034
564474.0 0.7052074776602681
564474.0 0.7032409764193841
564474.0 0.7026516202705136
564474.0 0.7046918412961753
564474.0 0.7018944365038768
564474.0 0.70184905076395
564474.0 0.702784664196037
564474.0 0.7051562330722887
564474.0 0.7062050607632584
564474.0 0.7038685850569268
564474.0 0.7058929941132347
564474.0 0.7026147263351683
778695.0 0.20826205314970314
564474.0 0.7060283249492093
564474.0 0.7053604965867077
564474.0 0.7038389637249853
564474.0 0.7025936641992913
564474.0 0.706251536433391
564474.0 0.7061875556404492
778695.0 0.2082581820983647
564474.0 0.7047054187514183
564474.0 0.7047264836688851
564474.0 0.7025936641992913
