551580.0 0.7881727723866487
757545.0 0.24918528440231077
757545.0 0.27213631827917245
644574.0 0.43698667261426816
711153.0 0.3609608080758267
674637.0 0.4062129657573739
676557.0 0.37412190990479605
715599.0 0.3281167599352725
637032.0 0.5127263944927943
615024.0 0.554947522525753
749385.0 0.27616589820436466
579177.0 0.6093329286773346
598614.0 0.6029519722452952
573234.0 0.6292316167313894
634782.0 0.5522415702331119
606651.0 0.5871283405280994
566703.0 0.6525534142029266
551580.0 0.7695725941534117
552432.0 0.7145185755254427
555897.0 0.6874794970963445
603477.0 0.5901825395666621
558795.0 0.6702027358433962
551820.0 0.7418141993254884
715599.0 0.30516574144841474
636078.0 0.5267564448416042
635802.0 0.5393670566053337
556584.0 0.6842709730681613
715599.0 0.28429227417235664
552432.0 0.720924319484339
563574.0 0.6613389850738158
715599.0 0.3227106174429432
551820.0 0.7357384038334902
563574.0 0.6666211298004889
752991.0 0.2725950636429029
749385.0 0.2817604869482984
715599.0 0.3062831911992288
757545.0 0.25436012498083066
755577.0 0.2723295172775769
757545.0 0.262954898113124
757545.0 0.2584581899766527
757545.0 0.2659576225827679
757545.0 0.2593339435703987
757545.0 0.26729689300229736
757545.0 0.2693491884479156
757545.0 0.2710641518358958
757545.0 0.26987613768796725
757545.0 0.27204850794868607
757545.0 0.2593299904366871
757545.0 0.2720698092669041
552108.0 0.7500739745636449
761583.0 0.27007071982996045
719883.0 0.28889713505934206
617802.0 0.5706146127409196
581016.0 0.6113682375194223
686313.0 0.39301136488285354
718581.0 0.38468332258003
653091.0 0.4495531008491905
645369.0 0.4986377719856139
676248.0 0.43254812482437643
711303.0 0.387212232171918
749385.0 0.2865362432433697
668694.0 0.4393211665243127
627033.0 0.5556522349873382
573234.0 0.6527487695225216
556068.0 0.6915621061411722
556038.0 0.7214780955755629
578562.0 0.6352766760961526
639444.0 0.5535029690359297
643953.0 0.5154156519242549
641952.0 0.5352678260921699
555081.0 0.7322892924922536
574593.0 0.6377703809342116
564474.0 0.668720842344881
552321.0 0.7435745917125156
642639.0 0.5236566532395984
639681.0 0.548065575238804
560334.0 0.6874263885816779
560334.0 0.6764024622401339
749385.0 0.28533122127615546
757545.0 0.2778406431297093
564474.0 0.6635230158798164
563718.0 0.674533764161303
757545.0 0.2848111918390407
564474.0 0.6742791729001149
564474.0 0.6674565173089472
757545.0 0.2729623327631264
757545.0 0.2788737535850939
757545.0 0.28262929325264263
757545.0 0.27708755351070496
757545.0 0.27490620695849133
757545.0 0.27413410809006605
757545.0 0.2840910919452527
757545.0 0.27486990482377116
757545.0 0.2773078745847899
757545.0 0.28290990672988064
757545.0 0.27841481363474735
757545.0 0.2778723359115037
757545.0 0.2852768973717805
757545.0 0.283354102187753
757545.0 0.27857112484437646
757545.0 0.28370025237981555
757545.0 0.28341927306247644
757545.0 0.28368122079773733
564474.0 0.6743749988951833
554214.0 0.7495768522969944
762978.0 0.2742400087440597
688686.0 0.415470818923926
673092.0 0.4431390561289454
611520.0 0.611995579594962
642336.0 0.5391145409474852
707469.0 0.39673502155385193
657723.0 0.45327548333312034
584040.0 0.6223581364247337
719565.0 0.39641120752539516
633009.0 0.5623204103838866
720015.0 0.3494935426839267
720519.0 0.3276142871820501
732579.0 0.2917924273054171
727791.0 0.29626269424910756
753927.0 0.28638548917408585
653688.0 0.5177587012908841
621492.0 0.5998135538521244
656202.0 0.49286995165586983
626898.0 0.5760553493468176
581412.0 0.6354819827381746
555912.0 0.742025647000905
575319.0 0.6581637501305921
621825.0 0.5825659720661877
579372.0 0.6422862218182739
556332.0 0.7240598564673404
579003.0 0.6577370561646678
568746.0 0.6637088855752624
562281.0 0.6909198982314507
654360.0 0.5117480461101938
556584.0 0.7161812638331915
564330.0 0.6778084780473975
624630.0 0.5786070119877789
655503.0 0.49936453025184113
566865.0 0.6693188569709748
759642.0 0.277199619336503
584040.0 0.6133822919035389
757545.0 0.28567374143383456
557523.0 0.7057180063998078
560241.0 0.7009217946274005
757737.0 0.27891296389390674
564474.0 0.6752174889254597
568044.0 0.6665286261320212
560862.0 0.6935556253070219
560430.0 0.6962139337094773
557910.0 0.7041797663476087
655866.0 0.49756875180315346
564468.0 0.6756267594854418
557910.0 0.704317933148105
555081.0 0.7981634356200146
757545.0 0.2864483675097186
757545.0 0.28863164869707725
620739.0 0.6122333181782575
585447.0 0.6146751104536817
676674.0 0.4484980909176496
688809.0 0.4239660156576365
656772.0 0.5186498879358535
658734.0 0.49589963198015524
628380.0 0.5911628994328981
705231.0 0.41641601186736116
647994.0 0.539745716246541
720081.0 0.36888496396447995
696576.0 0.41670852269612435
667560.0 0.4556366090888579
717825.0 0.405668787960156
569406.0 0.6641379567603071
658980.0 0.4601156587707283
581205.0 0.6605928150012302
724521.0 0.3359207564980922
717690.0 0.4119044898845817
555306.0 0.7786503015237302
582549.0 0.6394160607862508
556290.0 0.7559850284050282
723669.0 0.34677664665109975
744189.0 0.29319975898319706
755091.0 0.2897171639589926
644499.0 0.5438603090054335
558030.0 0.7288585443818459
585447.0 0.6245394023658439
630987.0 0.5789070925150693
720537.0 0.3627647654647064
732066.0 0.3285817098660263
642393.0 0.5596485992297061
634926.0 0.5640887512262035
740925.0 0.31058594305885995
662223.0 0.459931410022082
556068.0 0.7617740800510676
633978.0 0.5737324962460045
581619.0 0.6536469973520244
736257.0 0.3177993434261527
558381.0 0.7238288996814378
640554.0 0.5626329152476318
733215.0 0.3278884933851709
568686.0 0.6745045712315842
740991.0 0.29654779373879725
562281.0 0.70089232253254
736503.0 0.3120182028720318
560280.0 0.7102712119229837
566253.0 0.6763839661547275
560862.0 0.7049391849636997
564354.0 0.6945712675154643
743340.0 0.29652088219982164
756927.0 0.2892767701699718
717690.0 0.4088782287387436
560460.0 0.7098284707425163
558264.0 0.728579569602297
564474.0 0.6877842234474205
564474.0 0.6788784373225609
564474.0 0.682229268166955
564474.0 0.680425269996914
564474.0 0.6857239605862996
564474.0 0.6829214056286264
564474.0 0.6887322832898881
564474.0 0.6912313477668168
564474.0 0.6901584093787754
564474.0 0.683987308562379
564474.0 0.684695241583179
564474.0 0.6799147620075567
757545.0 0.28737794481532714
564474.0 0.689624570142518
564474.0 0.6789389852479076
564474.0 0.6876075017115751
564474.0 0.6867481821049649
564474.0 0.6879172137468363
564474.0 0.6864927716910016
564474.0 0.6940179898147978
757545.0 0.2881829281519485
564474.0 0.6935111598880596
757545.0 0.28779003177001444
757545.0 0.28665572871598766
560370.0 0.709941566088851
564474.0 0.693103975937428
564474.0 0.6918593288932444
757545.0 0.28886159747477563
560298.0 0.7101722581441886
564474.0 0.6945390816859174
564474.0 0.692794165811284
564474.0 0.6923073833468457
564474.0 0.6923546776538486
564474.0 0.6917094910372856
564474.0 0.6939383224638457
564474.0 0.6841839917641821
564474.0 0.6800734554691061
757545.0 0.2892107318109913
564474.0 0.6899097560418208
564474.0 0.6803326940875383
564474.0 0.6928714389490446
564474.0 0.6844131287823361
564474.0 0.6897688291526481
564474.0 0.6866366165910319
564474.0 0.6845203480566229
757545.0 0.28658819766922466
564474.0 0.6917122386178007
564474.0 0.6844757011561086
564474.0 0.6939785922371312
564474.0 0.6939683812651477
763866.0 0.28723380863192155
556098.0 0.7702752519966962
614121.0 0.6189733215016306
633711.0 0.5815310644424663
669261.0 0.46340918708692147
594339.0 0.6251129829795651
629490.0 0.6116494135740199
659790.0 0.483346313006442
693435.0 0.4356684529029722
705543.0 0.4228936539991406
659583.0 0.5324274130869474
713490.0 0.4182603864970277
682386.0 0.44976855509833863
720081.0 0.4069377008900569
640638.0 0.5647422732818431
679113.0 0.45169317938062997
621231.0 0.6124733372124452
663132.0 0.482058203231484
649455.0 0.540705574768322
694206.0 0.42533070987542937
570084.0 0.668251260227722
556842.0 0.7641086570730747
558264.0 0.732302380003335
594186.0 0.6387073860095266
730260.0 0.3431634427448492
720537.0 0.39006274456690276
721023.0 0.37204966720867
646797.0 0.5492440267459375
727599.0 0.3601948538532734
747453.0 0.2978424515659715
657495.0 0.5331523515673005
643491.0 0.559915066026113
585447.0 0.6420174899472949
583986.0 0.658053059142919
577377.0 0.6682449418908338
724521.0 0.3624490280750151
741579.0 0.3015080016163419
564555.0 0.6793117766196045
581112.0 0.665737118155723
741393.0 0.3105887919761167
559458.0 0.7273821396180321
560583.0 0.7113516698644198
736767.0 0.3218470519855539
734463.0 0.3313838394363388
737928.0 0.31704273677211153
733440.0 0.3363038468446836
585198.0 0.6468163452445775
753162.0 0.29590136587292487
757545.0 0.28991423123408533
561138.0 0.7086450154797544
562749.0 0.7046892484849536
755232.0 0.2931769821673435
556584.0 0.7679146703206933
564504.0 0.6888169925394134
562773.0 0.7012001611222053
558381.0 0.7294900568475616
753957.0 0.2953830764227869
564474.0 0.6945878249014527
757545.0 0.2908288277955966
659556.0 0.5326866418978773
564546.0 0.6819494830676298
564528.0 0.6845981926897355
564510.0 0.686817371896101
564474.0 0.6965699724337299
757545.0 0.28927681970759783
564474.0 0.6974009368945836
564474.0 0.6979751562452451
564474.0 0.6995420735115626
564474.0 0.6997417572446419
757545.0 0.29049830566256424
757545.0 0.28965619875446064
564474.0 0.7001718001949454
757545.0 0.29223195885974723
564474.0 0.6968680107473663
757545.0 0.29137011438353616
564474.0 0.6990304957281586
757545.0 0.29091301881004883
757545.0 0.29271644753052894
757545.0 0.2919570086833484
564474.0 0.6958421278520469
564474.0 0.7009035483468674
757545.0 0.2925833171471694
564474.0 0.6951113350829983
564474.0 0.6954656337951748
564474.0 0.6960874513372257
564474.0 0.6987021425681654
564474.0 0.7005278214036991
564474.0 0.6947886886619145
564474.0 0.6982689986128522
564474.0 0.6985261196264719
757545.0 0.29174189620923163
564474.0 0.6961805485241807
564474.0 0.6988600289131315
564474.0 0.70073699308988
757545.0 0.2914732962879467
564474.0 0.6963496051789959
757545.0 0.2906839378317838
564474.0 0.7003790227700633
564474.0 0.6946756674662066
564474.0 0.6956414100313545
564474.0 0.6949790173596666
757545.0 0.29060988345375405
757545.0 0.2916025593850881
564474.0 0.6954658242218298
564474.0 0.6956414100313545
564474.0 0.6984228013875741
564474.0 0.7007609053544057
564474.0 0.6968368848814056
564474.0 0.6965395950168188
564474.0 0.7004247002092642
564474.0 0.6967062205505148
757545.0 0.29263950124265414
564474.0 0.6964213135612993
564474.0 0.6967094915307337
564474.0 0.698945226915
757545.0 0.2916854658541047
757545.0 0.2916577670058428
564474.0 0.6983267976138674
564474.0 0.6950599128025825
564474.0 0.6949790173596666
564474.0 0.6989962218854591
564474.0 0.6983545975090248
564474.0 0.6982689986128522
564474.0 0.6964040317607401
564474.0 0.6989500475310457
564474.0 0.7003799362989269
564474.0 0.6950599128025825
564474.0 0.6950903548857997
564474.0 0.6965699724337299
564474.0 0.6983499907457552
564474.0 0.6950903548857997
564474.0 0.6964067867517495
564474.0 0.698945226915
564474.0 0.6989500475310457
564474.0 0.6964067867517495
564474.0 0.6989500475310457
564474.0 0.6989500475310457
564474.0 0.6989500475310457
564474.0 0.6965699724337299
564474.0 0.698945226915
564474.0 0.6989500475310457
556218.0 0.7955195912602716
767325.0 0.28806580819203403
699159.0 0.43258065980403615
671337.0 0.46545799820697403
655020.0 0.5519258863333417
682734.0 0.4534171407098898
660405.0 0.5054769575817921
661752.0 0.4989180628107979
597663.0 0.6337148251200907
635868.0 0.5858361188004374
560250.0 0.7866937339420672
560256.0 0.7395485319461399
630594.0 0.6120671262722329
721764.0 0.39154563923460495
589740.0 0.6469300963183172
717690.0 0.42724860897524913
609228.0 0.6319498184050586
709656.0 0.4290367240112807
680103.0 0.4611000070911335
572118.0 0.6732824995300786
626712.0 0.6150930827128455
619848.0 0.6199159620258358
745239.0 0.3106565598790581
736503.0 0.34963875451128795
757839.0 0.2910644358179532
724101.0 0.3764810869843595
615720.0 0.6314570861135859
640860.0 0.5799178027500368
577374.0 0.6696683542537726
753456.0 0.2964592157748345
566823.0 0.6823671078417113
728154.0 0.3645615780199333
748998.0 0.3015485807913675
741009.0 0.3207651150962558
733503.0 0.36245014898821165
586386.0 0.6538369690997954
647754.0 0.570150379436477
724893.0 0.3655013680106139
617442.0 0.623712356725295
736683.0 0.331881062999805
564798.0 0.6835094316880965
560256.0 0.7310839350773202
722499.0 0.3880825191303295
736257.0 0.3609618107151795
714711.0 0.4286466738445015
560598.0 0.7193873201156517
558006.0 0.7904861573238225
740535.0 0.3228194267404678
737928.0 0.3317749769825303
745821.0 0.301634248185662
649914.0 0.5686091302596513
652017.0 0.5601148545744038
564474.0 0.7013043963400554
642639.0 0.5733101776780531
585447.0 0.6633736812114104
562641.0 0.70912045922833
581619.0 0.666491752665754
560598.0 0.7129129974694525
651021.0 0.5601522075319794
581205.0 0.6687572740054842
756741.0 0.2945113734489896
585606.0 0.6597723523811206
642372.0 0.5745219914680685
717405.0 0.4281775782844051
564330.0 0.7062535407546467
565743.0 0.6831178058668002
757569.0 0.2931398697990787
757545.0 0.29441566888408377
564474.0 0.7046244883204699
757545.0 0.2940008945730298
757545.0 0.2934691950595983
564474.0 0.7047264836688851
564474.0 0.7016418897479265
564474.0 0.702989424744957
757545.0 0.29328389196749144
564474.0 0.7054130307740105
564474.0 0.7056986555855582
564474.0 0.7041401588652457
564474.0 0.7043673652844346
564474.0 0.7032740590361275
564474.0 0.7019988412357712
564474.0 0.7022214365829463
564474.0 0.7039011934714521
564474.0 0.703538254480077
564474.0 0.7049544941091317
564474.0 0.7031898832556158
564474.0 0.7013939479813394
564474.0 0.7048771925835374
757545.0 0.2941336608131965
564474.0 0.7018202435952102
564474.0 0.7028114471379966
564474.0 0.7051385775156804
564474.0 0.7036690519434512
564474.0 0.7042081003706766
564474.0 0.7038186261334652
564474.0 0.7058313274184572
564474.0 0.7022755991251494
564474.0 0.7043200180378948
564474.0 0.7061583092442353
564474.0 0.7052422410316995
757545.0 0.2942967408600492
564474.0 0.7023836055903305
757545.0 0.2934209768692275
564474.0 0.7059813278476732
564474.0 0.7057287240583632
757545.0 0.29421196702586694
564474.0 0.7060350521377691
564474.0 0.7024981435028661
564474.0 0.703636185890877
564474.0 0.7053593907799353
564474.0 0.7024174705132664
564474.0 0.7019293284258424
564474.0 0.703542542465455
564474.0 0.702544975788884
564474.0 0.7013939479813394
564474.0 0.7013043963400554
564474.0 0.7058929941132347
564474.0 0.702738115882645
564474.0 0.7026978034991034
564474.0 0.7052074776602681
757545.0 0.2942646218498463
564474.0 0.7032409764193841
564474.0 0.7026516202705136
564474.0 0.7046918412961753
564474.0 0.7018944365038768
564474.0 0.70184905076395
564474.0 0.702784664196037
564474.0 0.7051562330722887
564474.0 0.7062050607632584
564474.0 0.7038685850569268
564474.0 0.7058929941132347
564474.0 0.7026147263351683
564474.0 0.7060283249492093
564474.0 0.7053604965867077
564474.0 0.7038389637249853
564474.0 0.7025936641992913
564474.0 0.706251536433391
757545.0 0.29342161288806173
564474.0 0.7061875556404492
564474.0 0.7047054187514183
564474.0 0.7047264836688851
564474.0 0.7025936641992913
558006.0 0.8037522169378728
783525.0 0.28862950107356167
614988.0 0.6336308339436177
687660.0 0.45473310276113227
560442.0 0.7477657887743506
598488.0 0.6407036362622787
760431.0 0.2913759264891272
630381.0 0.6240631757221086
671448.0 0.4783160619959123
675636.0 0.4674743446973828
724893.0 0.38721259493653687
783525.0 0.2908520534238779
723060.0 0.42970533725813076
701055.0 0.4505916379369905
705303.0 0.44420824883610643
587184.0 0.6610418243583566
664479.0 0.5037139268031997
661308.0 0.5374516535505361
642867.0 0.57769957076153
714552.0 0.43468149172355613
663660.0 0.5047374560567572
651858.0 0.5698249429072788
740553.0 0.32685228912809977
736935.0 0.36432425788753864
561138.0 0.731003686184253
725475.0 0.3772028076404326
580416.0 0.6717659259613277
641262.0 0.5896096881041064
594132.0 0.6512386220122014
736959.0 0.34261200302851796
593799.0 0.6563961372925071
639858.0 0.6100786782027978
731526.0 0.3728885763622054
576126.0 0.6795030794517902
655995.0 0.555681180535439
568782.0 0.6856066690749264
660864.0 0.5515135675026009
738699.0 0.33644377703155026
745413.0 0.31614718963816124
641193.0 0.60158908387401
633906.0 0.6147936433255851
731709.0 0.3659124938472351
717315.0 0.4301581086032635
635754.0 0.6147075753749905
561138.0 0.7134031314720457
746031.0 0.309306176680532
654075.0 0.5611433514128478
748833.0 0.30525045460293543
579225.0 0.6722068804618498
661053.0 0.5428357568302977
750888.0 0.3046736647741757
577038.0 0.6791447930140633
565053.0 0.6941831211714451
753531.0 0.3013541727095409
652443.0 0.5633521025626306
721275.0 0.4298637816849215
564984.0 0.7028121989121621
566865.0 0.6904671287024833
560532.0 0.7407301352797546
568782.0 0.6872233303651732
753861.0 0.297040049543244
560862.0 0.7355078940634087
757545.0 0.2950469746632527
745431.0 0.3141709245180877
566820.0 0.6927980033363043
564474.0 0.7071038549507914
757545.0 0.29557090274120096
736959.0 0.3425451089350979
560532.0 0.7385808417029743
753717.0 0.2970999591148326
564510.0 0.7056798674605592
757545.0 0.2945740043991295
564474.0 0.7063970284793748
564474.0 0.7096076825769521
564474.0 0.7103244597357556
564474.0 0.711626839565898
564474.0 0.7122184972156358
564474.0 0.71280501289016
757545.0 0.2961860158930203
564474.0 0.7108534420269395
564474.0 0.711918738767815
757545.0 0.2949838142885158
757545.0 0.2966310755385651
757545.0 0.2965671718631169
564474.0 0.7092773247168798
757545.0 0.29574948593429495
757545.0 0.2960145301854225
564474.0 0.7082775098460593
564474.0 0.7112625482402127
564474.0 0.711214270703117
564474.0 0.7073196352236291
564474.0 0.7131595785541865
564474.0 0.7130377126118673
564474.0 0.7079767095564015
564474.0 0.7066395176167096
564474.0 0.7089598867585465
757545.0 0.2953257093377697
564474.0 0.708564631863154
564474.0 0.7081307161182853
564474.0 0.7069052751799019
564474.0 0.7121593622645819
564474.0 0.7074674384121156
564474.0 0.7133884931776477
564474.0 0.7128107881785316
757545.0 0.2952251769088874
564474.0 0.7076152994455208
564474.0 0.7094594052508658
564474.0 0.7089376545312517
564474.0 0.7077886719482459
564474.0 0.708744343779549
564474.0 0.7071036640097629
564474.0 0.7106667803084044
564474.0 0.7094040685937001
564474.0 0.7077755533851021
564474.0 0.7087372042762772
564474.0 0.7085864667976233
564474.0 0.7075700582443518
564474.0 0.7068268255566822
564474.0 0.7067312795462307
564474.0 0.7103972778375088
757545.0 0.29525835779353643
564474.0 0.7067693931555613
564474.0 0.7105937296284229
564474.0 0.7106658219185429
564474.0 0.7105252234978733
564474.0 0.7104463117508151
564474.0 0.7105867648254232
564474.0 0.7121729676142916
564474.0 0.7105151317073656
564474.0 0.7104687594308865
564474.0 0.7104668663241851
564474.0 0.7089465169376366
564474.0 0.7085864667976233
558030.0 0.831483943710203
768969.0 0.29313143043743717
560532.0 0.7746520795032277
603021.0 0.6434979057891637
692817.0 0.45484484003403175
681567.0 0.4729120444101571
661230.0 0.5446832949634934
711231.0 0.4449750226407522
616947.0 0.6364290479284341
675714.0 0.48160606887464746
674691.0 0.5079562520941573
664227.0 0.5227687055968169
585924.0 0.6727513802545109
735039.0 0.36849752295921395
720537.0 0.43081523023204554
637752.0 0.6156884351061692
632454.0 0.6347162283832927
667986.0 0.5124748761430522
620493.0 0.6352476362956522
703188.0 0.45348209017095525
725559.0 0.39845230756940075
658341.0 0.5839379381842045
595176.0 0.6627381109499592
595662.0 0.6575230766255686
739830.0 0.35426571782839356
725019.0 0.4225509820247024
648828.0 0.5874399475908919
658509.0 0.5655794465293222
560532.0 0.748061525136702
561924.0 0.7376278870200851
734028.0 0.38409143486100505
761298.0 0.2950167122879642
581061.0 0.6755288642943287
744825.0 0.32865613224053875
641547.0 0.6007599116601287
562272.0 0.7146499316628144
707490.0 0.4514787756889245
569406.0 0.6859520440982569
576618.0 0.6831417221356224
749247.0 0.3262488713978624
727257.0 0.3874713757729181
637095.0 0.6336526976951491
741087.0 0.33533670409508026
729978.0 0.38664211564832157
723078.0 0.43066999565965325
576771.0 0.6801364599895221
658428.0 0.5714691250889309
646380.0 0.5953918333222494
643020.0 0.5994032893015842
739830.0 0.34152939605865296
753771.0 0.30146123291265325
749271.0 0.3158867717214433
647544.0 0.5931430130314411
560748.0 0.742469127731125
636447.0 0.634361558095089
751662.0 0.30759035824880154
757581.0 0.2950569172222187
566226.0 0.6997188638262262
568410.0 0.6983026235098498
753438.0 0.30605839242779426
749385.0 0.3084910721896799
566226.0 0.704379918824335
568554.0 0.694093350074688
757545.0 0.2988523833803871
740481.0 0.3393396430786896
568554.0 0.6905493313119236
565266.0 0.7077454531712357
749271.0 0.31207453333620494
564699.0 0.708539044217402
564474.0 0.7139938575652393
564474.0 0.7134093378721006
757545.0 0.29754370143199277
564474.0 0.7146498506269394
757545.0 0.29834969964248065
757545.0 0.2991844268238753
757545.0 0.3004707060713039
757545.0 0.2998872092882372
757545.0 0.2979200685394578
757545.0 0.3001344066464417
757545.0 0.2994186886530165
757545.0 0.3009969504459322
757545.0 0.3011804013125364
757545.0 0.3003759481571332
757545.0 0.2988679445276746
757545.0 0.3007748698008288
564474.0 0.7144012954088126
757545.0 0.2976187343528546
757545.0 0.2978266663443327
757545.0 0.29990299220073524
757545.0 0.29941664096576287
564474.0 0.7142132960615555
757545.0 0.2985185519154552
757545.0 0.3007789284677184
757545.0 0.2985732691256239
564474.0 0.714519765830178
757545.0 0.2987275968069038
564474.0 0.714218985310055
757545.0 0.3011245068355064
564474.0 0.7146028982498388
757545.0 0.29876333372106917
757545.0 0.29787509693166975
757545.0 0.29755989129294574
757545.0 0.2988636584241358
761769.0 0.29554724061327264
559992.0 0.8408892972565677
560622.0 0.7771797885370189
713448.0 0.4466081466475471
637953.0 0.6196416299513496
619848.0 0.6384161773540004
674763.0 0.5299269429288145
698031.0 0.4563505353917891
692223.0 0.4765899303646807
722364.0 0.43757124507873196
595902.0 0.6625163757427065
612618.0 0.6462628191720995
676308.0 0.49323629279577297
590412.0 0.6734943667334263
664770.0 0.5319448739062939
728280.0 0.41018773647128515
681585.0 0.47929572481496113
659829.0 0.5757295444147458
583986.0 0.6760993209101092
728235.0 0.4342915190589298
729189.0 0.3914353546699598
661323.0 0.5459665053099554
735819.0 0.37184511481751503
745227.0 0.3295304144238199
561306.0 0.7481907867936077
735039.0 0.3859104484363739
603504.0 0.658080372587772
606324.0 0.6534265609748204
694641.0 0.46065869462816283
647490.0 0.5954855648597918
658992.0 0.5849139838729085
645678.0 0.6044766723965987
562632.0 0.7184490979492604
619059.0 0.6386587133720989
577062.0 0.6814238208171379
741579.0 0.34248225445978747
562473.0 0.739118111664981
643149.0 0.6123589818637404
740481.0 0.3605906593046386
663687.0 0.5456130926673969
652650.0 0.5887238894138784
641634.0 0.6188576505086475
740535.0 0.35953973734702765
679212.0 0.4867359725475632
749385.0 0.32393546397825546
652113.0 0.5893400496636123
749946.0 0.3128061179043138
757935.0 0.2962919157148253
740535.0 0.3430173192419601
565110.0 0.7091026578018076
568188.0 0.7015739927399697
751803.0 0.3084572879721186
679170.0 0.49292338662970364
753789.0 0.3043833879868739
575319.0 0.6860985629168949
568671.0 0.6968375825268197
749688.0 0.3216294075996837
562434.0 0.7437714928437895
573000.0 0.6894880112377622
757545.0 0.3034847997548621
570579.0 0.6946710994305692
571059.0 0.6932284169363729
572271.0 0.6897999184797259
568188.0 0.704023481385864
563952.0 0.7149504733795309
564762.0 0.7105544555427405
576642.0 0.6857285878162659
564474.0 0.7147073777347942
753609.0 0.3081946495008596
577038.0 0.6838309700117823
757545.0 0.3014680168277728
753771.0 0.30792574807674594
652248.0 0.5888739020281865
757545.0 0.3029721788836948
757545.0 0.302672306536781
757545.0 0.3021671004985948
757545.0 0.30354813734612834
757545.0 0.30399259288763064
757545.0 0.3015355971222844
757545.0 0.3018431871715797
757545.0 0.30327160375122064
757545.0 0.30433508134101767
757545.0 0.3033814479221394
757545.0 0.3040246712252244
757545.0 0.3031373400368409
757545.0 0.30203277254787914
757545.0 0.3019915955432642
757545.0 0.30418326160785
757545.0 0.30418526739139456
757545.0 0.3018707856131975
757545.0 0.3030949929932133
757545.0 0.3034630337830451
757545.0 0.3030034274327795
757545.0 0.30300260458194767
757545.0 0.3034790767658003
768288.0 0.29625468976502867
561306.0 0.7786693263960949
638130.0 0.6219086692583674
730089.0 0.3935181856988436
623412.0 0.6423683826590233
661398.0 0.5582632828273159
726813.0 0.43912309971582
653790.0 0.5902574324427421
594450.0 0.6757835616331581
676767.0 0.5138473237412093
646302.0 0.6126930490427103
600777.0 0.6632336331102782
562668.0 0.7225010518305103
562479.0 0.7580133445878676
705921.0 0.4578553445590217
618408.0 0.647859645092002
716718.0 0.4526774019734127
612111.0 0.6555790030334568
736884.0 0.38230470751578216
673293.0 0.5357799552723501
608769.0 0.661687962838061
665511.0 0.5403274977568916
649068.0 0.5995636122510343
677694.0 0.49817633979582365
662364.0 0.5489945538976019
585090.0 0.678491915076241
693927.0 0.48142255871400286
740769.0 0.37300548499035935
744813.0 0.34312648394028394
577380.0 0.6848519747819344
761256.0 0.3018304510626168
686985.0 0.48572185296564835
681699.0 0.4938444220953999
586080.0 0.6782345459365747
697986.0 0.46929052980321917
562254.0 0.7618460280341994
672189.0 0.5385902202712127
722658.0 0.4456272544284289
765639.0 0.29787590767411704
741327.0 0.3473836081798995
718929.0 0.44944451109712386
692457.0 0.48300894393684496
683550.0 0.48709572269811185
652578.0 0.5946582570717501
573150.0 0.6904822403371313
747882.0 0.3368446945823946
738300.0 0.3770905263527182
740991.0 0.35726706531395475
726582.0 0.445194205968191
749151.0 0.3340573207868767
577374.0 0.6861778444284605
699288.0 0.4659626751148039
566535.0 0.7094050842973572
703647.0 0.4655737410822366
753465.0 0.3171854671070876
753621.0 0.3089573046571412
704022.0 0.46302597203346185
750219.0 0.3264511959928737
572118.0 0.6939813029637077
568332.0 0.7026480966099425
755142.0 0.30804423674744036
751569.0 0.31748307218331673
570579.0 0.6975821418460334
740991.0 0.3553733273757204
568344.0 0.7019223594031214
563886.0 0.7188774041606906
751347.0 0.3229671492128208
757545.0 0.30485581571329873
756873.0 0.30530847922590826
566451.0 0.712522859931011
570993.0 0.6973905131904639
564858.0 0.7133454533249811
698271.0 0.46746447284057924
750888.0 0.32510527699010633
564444.0 0.7169259154899503
757545.0 0.30447730150155855
564474.0 0.7149848682361032
757545.0 0.30491395096923524
564474.0 0.716802938960811
564474.0 0.715655894171195
564474.0 0.7161446924200734
564474.0 0.7153164120189299
757545.0 0.30450956575013444
564474.0 0.7164783653121592
757545.0 0.30485581571329873
564474.0 0.7149946900634019
757545.0 0.3051572394445926
564474.0 0.7164458876166231
564474.0 0.7161710057513887
757545.0 0.30499672920211773
564474.0 0.7154858378892985
564474.0 0.7154112261627351
564474.0 0.7168808067085263
564474.0 0.7154556301705824
757545.0 0.30488736578119174
757545.0 0.30485581571329873
564474.0 0.7154729349791102
757545.0 0.30491395096923524
564474.0 0.716170073939986
757545.0 0.30485581571329873
757545.0 0.30485581571329873
784986.0 0.2966930947164025
562326.0 0.7789203857808442
602508.0 0.6699434017013659
619167.0 0.6530794052164977
725019.0 0.44582111855864437
590370.0 0.6783912942878911
562773.0 0.7241436493627388
639915.0 0.6272785055837
562668.0 0.7749211322745526
630516.0 0.6429635705255686
731769.0 0.41586158705469034
774945.0 0.30010629696551255
740658.0 0.3794684211013454
580416.0 0.6856636980543923
741375.0 0.34811793168318184
699027.0 0.48029532998077584
733155.0 0.39981614766979867
662622.0 0.5672430849110641
713277.0 0.45892891502125216
685809.0 0.4947321413439813
737097.0 0.3849224442562371
659901.0 0.5909657577222523
680976.0 0.5016984900243731
625329.0 0.6439996030801071
765921.0 0.30167852840248416
666108.0 0.5452224562019504
704172.0 0.4639262342011576
692760.0 0.4903194983378459
703443.0 0.4660157484694495
679368.0 0.5156750567400389
750567.0 0.3302123096349856
672990.0 0.5396380901454579
646446.0 0.621648590229334
719367.0 0.4550391280834196
572988.0 0.6961885567890912
649143.0 0.6038788955954696
649095.0 0.6214028768595862
695325.0 0.48780717202241625
678549.0 0.5238593379771413
677424.0 0.5334651915823322
663747.0 0.5499863460263683
761583.0 0.302957326521787
663447.0 0.5604643998894482
732867.0 0.41496557533462164
566226.0 0.7164055706117337
568344.0 0.7068700276796577
651558.0 0.6026065122935087
719292.0 0.4587428057887719
577038.0 0.6926444313748679
749727.0 0.34160916985320666
568932.0 0.7019848246885939
659607.0 0.5966662138323353
675132.0 0.5383306054999809
654690.0 0.5985297123246248
752721.0 0.32149698733842
655257.0 0.5967763334511811
576126.0 0.69319380515862
753771.0 0.31215283533463695
757617.0 0.3046305866071964
744822.0 0.34737420275966435
748983.0 0.34677423393858536
753465.0 0.31947117964115596
745713.0 0.3468474396203738
755184.0 0.31117316075447926
755694.0 0.30831656092569165
564330.0 0.720942337014032
749688.0 0.34498838653337194
756918.0 0.3069460820993989
568434.0 0.7035113290838294
564648.0 0.7166543018684566
752946.0 0.3203656558812634
757464.0 0.30574875229267545
568662.0 0.7028042060131139
752811.0 0.3214189275721585
564474.0 0.719920181824009
757545.0 0.30533390747827527
564474.0 0.7171844218936171
564474.0 0.7186324025871503
564474.0 0.7198672883181942
757545.0 0.30545337703756115
564474.0 0.7189321105866946
564474.0 0.7193563382182914
564474.0 0.7183573470194639
564474.0 0.7196291023197474
564474.0 0.7179849410913653
564474.0 0.7177717476604236
564474.0 0.7187974122056855
564474.0 0.7194327772898442
564474.0 0.7173340755366379
564474.0 0.7174051009033432
564474.0 0.7175507775239311
564474.0 0.7181877711457434
564474.0 0.718645680762268
564474.0 0.7181208073717781
564474.0 0.7176737032853171
564474.0 0.7176205770905816
564474.0 0.7181466986319467
