672483.0 0.6298011357914017
749157.0 0.486048560406603
743328.0 0.6302560952382746
699027.0 0.48029532998077584
717825.0 0.405668787960156
688440.0 0.6579169897269966
632679.0 0.7256145351506375
702564.0 0.5195985294943289
681390.0 0.5435879984307823
701385.0 0.5460192126135144
687456.0 0.5657892390967548
707259.0 0.5913822495627201
675132.0 0.5383306054999809
663132.0 0.482058203231484
659232.0 0.6053408423929884
718020.0 0.4962947023227145
675276.0 0.6105663354384807
608769.0 0.661687962838061
679284.0 0.5435717487143883
707364.0 0.5958534437567087
643167.0 0.7768973644547184
749550.0 0.4401212946571759
700575.0 0.6830772095856065
630987.0 0.5789070925150693
692529.0 0.5901821778355011
663747.0 0.5499863460263683
706890.0 0.7347704518354861
743478.0 0.5918422369100484
635868.0 0.5858361188004374
746166.0 0.4532337603182122
614988.0 0.6336308339436177
658602.0 0.621639043600666
617802.0 0.5706146127409196
677349.0 0.6281642775161154
715215.0 0.6971315231008348
680712.0 0.5554166899343225
713277.0 0.45892891502125216
696345.0 0.6411300840603523
663501.0 0.6203923282143056
730710.0 0.49938732481643666
675912.0 0.6084219056430632
821100.0 0.5083235045810979
736785.0 0.5038825201979099
694695.0 0.6304542655814981
757413.0 0.5771274415824104
684210.0 0.5344459163859707
704295.0 0.6409538215090201
658509.0 0.5655794465293222
635682.0 0.6436901350914157
651021.0 0.5601522075319794
732378.0 0.5723381885378136
740625.0 0.5512073676890029
694974.0 0.6110626866171694
699627.0 0.6446227236518396
709515.0 0.6794155509545021
774177.0 0.48316262321559394
667590.0 0.5577903835539124
692859.0 0.6230586505062181
703101.0 0.5876271069665185
681837.0 0.6971775920408868
694641.0 0.46065869462816283
650496.0 0.771740234328767
656772.0 0.5186498879358535
674049.0 0.5398493626632219
705543.0 0.4228936539991406
669369.0 0.5971489702036666
699954.0 0.5547022190778753
749838.0 0.5242905978867187
728031.0 0.6190004489078603
717036.0 0.5632209136068632
655791.0 0.6344595571890965
708711.0 0.5496274382501218
644340.0 0.8390963684458796
690318.0 0.6128988095537006
685368.0 0.5440170072794291
646302.0 0.6126930490427103
714837.0 0.6363280880363161
702615.0 0.515323192431167
760647.0 0.41206780839274343
653850.0 0.608246791357904
692943.0 0.5763216687273
733794.0 0.44129283945916326
644499.0 0.5438603090054335
673716.0 0.6033797397719854
715758.0 0.4950707946766839
722982.0 0.6053735721701394
673083.0 0.6187819771940753
723060.0 0.42970533725813076
639681.0 0.548065575238804
677670.0 0.8243905650387151
693594.0 0.6472691675992851
612618.0 0.6462628191720995
669600.0 0.6210169450682562
692622.0 0.4977103626382701
654660.0 0.6583347589197235
678210.0 0.6210127808062806
668640.0 0.7083702714907153
623412.0 0.6423683826590233
668376.0 0.6286187370320542
752634.0 0.4838841787465284
677715.0 0.576864092153616
661809.0 0.5924274012314208
709389.0 0.46964436927418995
679170.0 0.49292338662970364
679374.0 0.6421445739858516
643149.0 0.6123589818637404
726855.0 0.5998736672803727
691392.0 0.6452613075938215
698352.0 0.5238344926815625
676212.0 0.6076661520830161
731769.0 0.41586158705469034
621903.0 0.6692549617306165
721764.0 0.39154563923460495
651075.0 0.6393948058292072
684342.0 0.6330555558532024
759897.0 0.5015774294033718
727755.0 0.5612258182861555
668712.0 0.6575567849311132
707490.0 0.4514787756889245
672114.0 0.647380536864621
778644.0 0.39507493662404997
677667.0 0.6613672830636833
606420.0 0.7663324894349253
674481.0 0.5991338108464154
748953.0 0.48104147771965994
666663.0 0.6249011290720706
663966.0 0.6271357794436142
762483.0 0.5436763198578473
648228.0 0.7322734836275374
686859.0 0.5568456887037283
707007.0 0.5909571878981957
730926.0 0.5412541598845793
727680.0 0.5986584142350143
682386.0 0.44976855509833863
670392.0 0.619461209854421
688983.0 0.5406499807794236
670404.0 0.6193488729057385
625329.0 0.6439996030801071
722064.0 0.6425085200129285
726870.0 0.4762892692167805
706596.0 0.6376591758922736
691353.0 0.5824658207736843
665280.0 0.5880248306768708
647490.0 0.5954855648597918
702585.0 0.4882455995228653
735672.0 0.6270693786621343
642639.0 0.5733101776780531
643953.0 0.5154156519242549
701067.0 0.5199157299269267
651858.0 0.5698249429072788
716118.0 0.5112367371338291
694953.0 0.5211056528790615
711153.0 0.3609608080758267
681699.0 0.4938444220953999
729780.0 0.5227605562848843
600303.0 0.7512576409864515
744678.0 0.47044739940240365
695229.0 0.5665453216750452
676557.0 0.37412190990479605
647994.0 0.539745716246541
695589.0 0.5163880118325257
728646.0 0.5129198698209786
644964.0 0.6486138618007572
682323.0 0.6746924118234586
611520.0 0.611995579594962
774063.0 0.4907349060294748
669876.0 0.6284576552587915
664770.0 0.5319448739062939
652248.0 0.5888739020281865
642639.0 0.5236566532395984
708294.0 0.6211824006158706
710211.0 0.5313839841373746
697173.0 0.5710308536610395
705345.0 0.5551955592678478
681513.0 0.6875955592663444
730089.0 0.3935181856988436
692103.0 0.5533654977559719
743886.0 0.44398159544688
653091.0 0.4495531008491905
663660.0 0.5047374560567572
754419.0 0.552059545276341
635802.0 0.5393670566053337
719100.0 0.4668982253586437
694206.0 0.42533070987542937
702663.0 0.751634508548654
693405.0 0.6252389851244485
676392.0 0.5812359739166917
655257.0 0.5967763334511811
746991.0 0.6203493942239533
731709.0 0.3659124938472351
642105.0 0.6561645565300341
738828.0 0.5527759590900835
693771.0 0.5318657308927773
711240.0 0.53053852473154
728154.0 0.3645615780199333
653790.0 0.5902574324427421
658941.0 0.629117519997871
699987.0 0.5078836682222502
687660.0 0.45473310276113227
749169.0 0.40919289862320163
706131.0 0.5251373955599626
644943.0 0.6391354320682033
683871.0 0.6745902348015852
682665.0 0.5460792528090291
744207.0 0.6043920449393766
712689.0 0.5746412061689344
657990.0 0.6607599479595523
702810.0 0.642722553677878
645849.0 0.6711406075515788
647544.0 0.5931430130314411
765093.0 0.4212428678934385
709656.0 0.4290367240112807
627990.0 0.6470146031463436
724188.0 0.5664168266010955
675816.0 0.6177725875971356
708672.0 0.5668709859452319
722745.0 0.6332173280541944
612111.0 0.6555790030334568
729594.0 0.5268414021341077
682863.0 0.553120368508879
648828.0 0.5874399475908919
648546.0 0.6793438906114536
781818.0 0.5247080379621522
687060.0 0.5471944351401855
674787.0 0.6423311796335501
685809.0 0.4947321413439813
636447.0 0.634361558095089
716517.0 0.5773242034944868
714492.0 0.49716563760324456
643020.0 0.5994032893015842
693213.0 0.5402733062236523
748500.0 0.5405681211515203
715734.0 0.5133434070484572
731661.0 0.5619665783103114
749727.0 0.34160916985320666
666108.0 0.5452224562019504
603477.0 0.5901825395666621
759408.0 0.44283494719521266
693927.0 0.48142255871400286
595128.0 0.7646897658164786
704268.0 0.5159244759713231
637752.0 0.6156884351061692
734748.0 0.5856775145782671
739107.0 0.5821985240151679
703380.0 0.5603456846080196
671511.0 0.5829972997843329
779721.0 0.47481180209312057
673293.0 0.5357799552723501
646296.0 0.6426167822327562
676560.0 0.5505383597274445
741321.0 0.47184489456651085
691938.0 0.5280219726016727
747474.0 0.5578697358784819
636942.0 0.6676864081940563
735375.0 0.4328708888560767
733701.0 0.5059545292470633
654075.0 0.5611433514128478
692940.0 0.494528721115006
709053.0 0.5866759153186211
785133.0 0.3902031552884226
647175.0 0.6774343382691841
662223.0 0.680263594587791
717315.0 0.4301581086032635
719292.0 0.4587428057887719
708054.0 0.5606237081646613
698262.0 0.5030725267073867
708540.0 0.6469732219148645
620493.0 0.6352476362956522
714552.0 0.43468149172355613
725856.0 0.5380895915614975
709944.0 0.6141185930250197
725643.0 0.5598588928149715
667908.0 0.6455699828663009
701883.0 0.5486627416778508
721023.0 0.37204966720867
751929.0 0.515041550708424
655020.0 0.5519258863333417
661005.0 0.6307588563939639
724539.0 0.5198731427408122
727320.0 0.5575951456106729
673077.0 0.5827259726592117
692223.0 0.4765899303646807
704022.0 0.46302597203346185
698019.0 0.544026026569923
688479.0 0.5882351852571658
642336.0 0.5391145409474852
688686.0 0.415470818923926
706392.0 0.4885381725142465
741237.0 0.4910065056904185
677643.0 0.6678067445473448
729516.0 0.46369615131804653
709221.0 0.6043591620257691
724374.0 0.464430106865853
688809.0 0.4239660156576365
692817.0 0.45484484003403175
619005.0 0.702535606798059
709662.0 0.5454894492506346
693837.0 0.5538874252328492
698031.0 0.4563505353917891
670665.0 0.6137670308709706
698271.0 0.46746447284057924
665394.0 0.6771304673244175
709986.0 0.729282990950442
707469.0 0.39673502155385193
704097.0 0.644487205861397
731790.0 0.5333820088831351
753672.0 0.5637801874662702
732588.0 0.5219117469071564
708636.0 0.5109647531142869
703188.0 0.45348209017095525
687405.0 0.4958458857497853
707787.0 0.5747316592989291
632454.0 0.6347162283832927
660084.0 0.5997681303499129
756276.0 0.5325909241755069
675870.0 0.7018422901070905
694971.0 0.5539084869082175
681585.0 0.47929572481496113
725739.0 0.4731965605196972
779265.0 0.48509200137494474
699177.0 0.5430630420929268
681135.0 0.6362473238619005
683883.0 0.5786338699347212
726693.0 0.5965735512853471
686529.0 0.6934073697857311
657009.0 0.6630553599017565
692517.0 0.6748270456136416
698244.0 0.607405066787993
725157.0 0.5559267294127802
637953.0 0.6196416299513496
725943.0 0.5076847841250978
701976.0 0.5495928040071595
757329.0 0.4034587575867109
616947.0 0.6364290479284341
654690.0 0.5985297123246248
671118.0 0.5974784101674647
639597.0 0.6732836037546261
697998.0 0.4991160452868901
663423.0 0.6284971245699513
621231.0 0.6124733372124452
682734.0 0.4534171407098898
651315.0 0.6639517559139605
689373.0 0.5814636954988848
725331.0 0.4562355351595123
749853.0 0.5575161221563006
669261.0 0.46340918708692147
675714.0 0.48160606887464746
684030.0 0.5036743024238263
679176.0 0.632565682316431
661752.0 0.4989180628107979
666654.0 0.6812526345954212
714711.0 0.4286466738445015
675636.0 0.4674743446973828
726033.0 0.5195070337243368
673794.0 0.5916333890236716
699672.0 0.6619302240732214
818307.0 0.48325721301784613
649179.0 0.7065966817611017
683208.0 0.5191270520830527
726582.0 0.445194205968191
717663.0 0.7113673739898733
711540.0 0.5003136052220636
680262.0 0.5853343189738042
665199.0 0.6005926568551636
658857.0 0.7691409106038288
707955.0 0.5511065549326463
687813.0 0.5494057991517596
652113.0 0.5893400496636123
762486.0 0.5374738269102858
718929.0 0.44944451109712386
664995.0 0.7037806128933027
722307.0 0.5836674093618077
692457.0 0.48300894393684496
711447.0 0.5878624453116823
653589.0 0.6160849660999761
704373.0 0.5056317845457597
710625.0 0.6115974537039555
718911.0 0.5102323900376149
661308.0 0.5374516535505361
676032.0 0.582218953713381
661533.0 0.5955937882250978
628380.0 0.5911628994328981
703509.0 0.5945520581694217
736962.0 0.5228067046755516
701229.0 0.5602463931536128
712173.0 0.4672401631380039
698736.0 0.5690922058071194
701811.0 0.5657459217451665
709911.0 0.6199509517767405
711960.0 0.6188250912300964
679284.0 0.631036578434098
680706.0 0.5543369425951297
672990.0 0.5396380901454579
641637.0 0.7359836340154603
643479.0 0.708379071588713
660405.0 0.5054769575817921
701055.0 0.4505916379369905
621342.0 0.7582250962242065
734835.0 0.4658923719618717
687414.0 0.6510531326001583
653946.0 0.7271721409050751
702360.0 0.4850882362999506
655851.0 0.6638899451261271
754980.0 0.4855282390175547
697986.0 0.46929052980321917
650046.0 0.6437053077881283
703182.0 0.4996939578305935
707304.0 0.5361866837967706
676638.0 0.5776711782647368
723033.0 0.4721125499373674
683580.0 0.5536369821347898
740250.0 0.6100928054885802
581016.0 0.6113682375194223
605148.0 0.7370548872447445
680976.0 0.5016984900243731
564474.0 0.7062050607632584
633711.0 0.5815310644424663
657066.0 0.6255871749385808
765567.0 0.5252320207851033
665235.0 0.7149464932435591
641547.0 0.6007599116601287
702510.0 0.587257864753785
706581.0 0.5520087232369839
687678.0 0.6312117139895738
661518.0 0.6716123284021093
634782.0 0.5522415702331119
726927.0 0.508275536453092
722397.0 0.5151109582755501
658980.0 0.4601156587707283
746364.0 0.5099741649328222
686808.0 0.6710059321581867
766812.0 0.48733110185397494
713448.0 0.4466081466475471
696624.0 0.5379841340556664
776253.0 0.5087931924406128
712743.0 0.6576964413754777
667986.0 0.5124748761430522
712356.0 0.4772591585196951
751896.0 0.6541246805393165
679881.0 0.6730323761743122
638157.0 0.7632363347370927
686865.0 0.605738152677083
719838.0 0.6098824050607491
666339.0 0.6470174517785917
700602.0 0.6060850940224287
680094.0 0.5917377256918789
721935.0 0.4620206784135973
672966.0 0.7192372455141934
719328.0 0.5775520261180316
669264.0 0.6390510835464812
717012.0 0.6507204144647604
615801.0 0.7805518053974836
680103.0 0.4611000070911335
770319.0 0.4636894160595044
667296.0 0.5674367181399874
702135.0 0.5675279484610911
750390.0 0.4636692255312036
689661.0 0.5968114242990269
706257.0 0.5398507243709959
686313.0 0.39301136488285354
639915.0 0.6272785055837
677424.0 0.5334651915823322
726957.0 0.5391924300620601
714183.0 0.47437045210451106
709467.0 0.6371177830852119
697935.0 0.5939041335854178
655572.0 0.5982916416990376
655866.0 0.49756875180315346
659583.0 0.5324274130869474
684651.0 0.6765007223443094
641697.0 0.6346075534156707
658341.0 0.5839379381842045
693951.0 0.5536503921635176
680070.0 0.5617983361564717
688365.0 0.6196387609271992
632199.0 0.6922732329023333
771162.0 0.5433513822075099
705231.0 0.41641601186736116
673092.0 0.4431390561289454
662781.0 0.6412532397541766
735549.0 0.4954712932707023
674574.0 0.6495368155766896
775326.0 0.5116716114366835
750495.0 0.42774463762439285
681285.0 0.6067652032340045
699414.0 0.557156106086089
641241.0 0.7215242926436524
696105.0 0.6180059311112249
660348.0 0.658265512431429
759792.0 0.542139901802453
687309.0 0.534135991964127
707586.0 0.5563221114102509
771975.0 0.5782391780170576
629490.0 0.6116494135740199
679212.0 0.4867359725475632
705303.0 0.44420824883610643
731427.0 0.5334024186744396
687603.0 0.6607842310467326
677889.0 0.5493033509232552
676962.0 0.5935670322683106
733503.0 0.36245014898821165
671337.0 0.46545799820697403
705588.0 0.5160742641427404
705042.0 0.6506536143635665
649143.0 0.6038788955954696
703647.0 0.4655737410822366
751992.0 0.4207215449440508
663117.0 0.6458270450630181
679665.0 0.6720801027865572
666207.0 0.75933602608824
645195.0 0.6390998002246168
735171.0 0.6233103756528262
677454.0 0.5953902362263939
673035.0 0.5719894223406847
717048.0 0.47236951748810374
682482.0 0.6145292983725806
779715.0 0.47837057509877207
770853.0 0.5089427430136827
706092.0 0.5262682501386542
671355.0 0.5707877552502962
682419.0 0.6479931951898822
641262.0 0.5896096881041064
679260.0 0.5920579821411293
657912.0 0.6702373524219551
633009.0 0.5623204103838866
749340.0 0.43867886814050217
692490.0 0.503882808053803
675054.0 0.573314190925262
715419.0 0.5952464572830081
681588.0 0.5485852724893183
604932.0 0.73293524906265
657723.0 0.45327548333312034
674790.0 0.5845770187671306
692667.0 0.5047588841255072
682536.0 0.637444119921888
627033.0 0.5556522349873382
691557.0 0.537536792710977
738840.0 0.5528127571953927
693606.0 0.5565729639822914
649914.0 0.5686091302596513
710637.0 0.55759540446048
689784.0 0.5602222118091397
660864.0 0.5515135675026009
662223.0 0.459931410022082
705921.0 0.4578553445590217
754935.0 0.4976892588531937
676632.0 0.6267676236009334
652443.0 0.5633521025626306
687267.0 0.6232668917886062
655116.0 0.6537322547294836
714906.0 0.662352006046311
690915.0 0.6530013237006154
740406.0 0.43001766240508454
657135.0 0.7025998382793166
639444.0 0.5535029690359297
717141.0 0.5201904307604557
640743.0 0.628840349241449
704433.0 0.6179387764412863
694641.0 0.6286412781312221
704952.0 0.5676125192639531
728316.0 0.5717626292838154
666021.0 0.6896833174821037
695352.0 0.5959576840960836
706494.0 0.48979826637683715
687165.0 0.6247939506398401
613968.0 0.6758933141136809
741852.0 0.41817997620504976
708675.0 0.5888602080244931
688980.0 0.6283251704602607
663723.0 0.6584850950174099
680532.0 0.6307593939254945
701181.0 0.6129844282062417
741126.0 0.5052319097869935
725199.0 0.572630955890876
729552.0 0.6339679572413466
713835.0 0.6029750327406624
756741.0 0.559722783208098
791478.0 0.3467079821207216
741021.0 0.4863975545545112
667422.0 0.5622980721863668
640491.0 0.6420568576076138
640554.0 0.5626329152476318
685317.0 0.5588433911026681
714549.0 0.5184320225045737
616182.0 0.7501454564348266
729840.0 0.5320187318161838
693462.0 0.5111655740189283
671472.0 0.551440935345095
710811.0 0.5697126836832892
684435.0 0.56834491024307
618408.0 0.647859645092002
681240.0 0.5161074324706689
718581.0 0.38468332258003
680883.0 0.7544621638870569
680718.0 0.5579278041995464
703578.0 0.5162292049388101
700494.0 0.5316483872544006
726813.0 0.43912309971582
752157.0 0.4288313195477494
665958.0 0.6397207822008644
641952.0 0.5352678260921699
649824.0 0.6998830247204255
717405.0 0.4281775782844051
661323.0 0.5459665053099554
679014.0 0.6048012568309358
732252.0 0.48286540958229596
687510.0 0.6450451530269747
664446.0 0.6080741102463666
621141.0 0.8259910269686307
704613.0 0.5962937681159837
643491.0 0.559915066026113
673791.0 0.5772743548651232
668694.0 0.4393211665243127
748605.0 0.452047180529175
652716.0 0.6397934619879615
675594.0 0.6423254292150461
738564.0 0.5640377855841305
789969.0 0.41726881600862187
723078.0 0.43066999565965325
679956.0 0.6754470550273146
684081.0 0.5760807313367144
783876.0 0.4122999217927222
734343.0 0.43275654663239455
746034.0 0.5042988534009679
721587.0 0.6150588297952283
722013.0 0.4913209524808599
699285.0 0.6891505735144773
632535.0 0.6816473568829836
674076.0 0.5945395417622218
690663.0 0.5700970746375982
756192.0 0.4539865551435948
743415.0 0.6109919406961787
712143.0 0.4672807073423539
694146.0 0.6510546094830255
620739.0 0.6122333181782575
695484.0 0.4964031553408893
724947.0 0.6618847140045325
619479.0 0.7682000455522398
739761.0 0.47903343969692613
670485.0 0.6183756497449967
696420.0 0.5465923168580002
688548.0 0.495738019948333
676308.0 0.49323629279577297
759963.0 0.45001200252500506
722757.0 0.5447522727831337
690891.0 0.6126025469898221
761112.0 0.41487646408936923
725184.0 0.6622125887393913
651558.0 0.6026065122935087
673557.0 0.5922738201553237
733965.0 0.5217665146203739
700818.0 0.5913665617257141
706275.0 0.5368394435330963
713490.0 0.4182603864970277
705741.0 0.4740352523544257
658992.0 0.5849139838729085
702714.0 0.5591751528116838
657495.0 0.5331523515673005
671679.0 0.6496542365848805
678549.0 0.5238593379771413
673788.0 0.6093853553541216
712803.0 0.5360714298507437
667560.0 0.4556366090888579
713931.0 0.4920868434067115
669090.0 0.6592837373318806
671490.0 0.6083635990395032
693285.0 0.6018611950371465
650673.0 0.6047879695624132
741585.0 0.608119763330256
691497.0 0.511054497264647
665511.0 0.5403274977568916
679113.0 0.45169317938062997
676479.0 0.6562140414810826
674493.0 0.6028327535729457
621492.0 0.5998135538521244
614121.0 0.6189733215016306
670881.0 0.5509988577790372
766806.0 0.4814851530085604
642435.0 0.7096919817694359
722193.0 0.6023306797394493
691575.0 0.5173726709980642
649320.0 0.658084168840138
677694.0 0.49817633979582365
704172.0 0.4639262342011576
688644.0 0.5080128914446519
655995.0 0.555681180535439
642966.0 0.6377741114212441
686310.0 0.5161418974886746
733869.0 0.5947669873013004
775488.0 0.40006197662227705
709782.0 0.560980951332148
659829.0 0.5757295444147458
738435.0 0.5426800605777283
681633.0 0.6687118400443741
645726.0 0.6480779510085037
626712.0 0.6150930827128455
715005.0 0.5993627219022817
790302.0 0.588771376782837
711303.0 0.387212232171918
677601.0 0.590186907606076
656202.0 0.49286995165586983
702954.0 0.5896926818935002
717003.0 0.46140485972012035
752199.0 0.4133822213389561
677178.0 0.6311892125360483
684840.0 0.6358728388738705
676248.0 0.43254812482437643
642867.0 0.57769957076153
750048.0 0.4455440026733046
605859.0 0.7049967402491707
694698.0 0.5324551983007683
722244.0 0.4941379936054289
649095.0 0.6214028768595862
697353.0 0.5276180441090694
682671.0 0.5592629593076098
672204.0 0.5744987126137616
707520.0 0.5885809655247277
645369.0 0.4986377719856139
719274.0 0.6343246029063462
670098.0 0.5741476541363904
687786.0 0.5882748878305561
717924.0 0.5581743096570461
652650.0 0.5887238894138784
771795.0 0.4648082645249716
686565.0 0.535953475522961
643431.0 0.7208842061104637
648396.0 0.6598365559541112
633906.0 0.6147936433255851
669300.0 0.5681250420068291
642393.0 0.5596485992297061
709083.0 0.5726541110989107
794430.0 0.39445309906375187
649305.0 0.6631686488329821
646446.0 0.621648590229334
653688.0 0.5177587012908841
684096.0 0.5751837045062919
704844.0 0.6402684717960144
694434.0 0.5593481444653307
709875.0 0.5686523082196911
720114.0 0.5636651612087763
654315.0 0.6190755543544622
762606.0 0.4943375284070779
702333.0 0.5000772987429676
690846.0 0.6184163737475977
673095.0 0.6310489404440769
652017.0 0.5601148545744038
693636.0 0.5489522193819548
622653.0 0.6963633664532631
693813.0 0.5414825854951002
664479.0 0.5037139268031997
661230.0 0.5446832949634934
682290.0 0.6218142142360591
686985.0 0.48572185296564835
729174.0 0.4950369788107189
623769.0 0.6738287230300913
677148.0 0.6326390487136606
655503.0 0.49936453025184113
693528.0 0.5030007816958716
718740.0 0.6010416102601285
697749.0 0.6310749923180305
676833.0 0.5842303964920544
699315.0 0.6138703502202135
774924.0 0.3606214501229628
645678.0 0.6044766723965987
673113.0 0.5606394477868996
703641.0 0.6051288628588942
715722.0 0.5904154410038461
712083.0 0.588009693153137
751497.0 0.5669008907746436
709395.0 0.6177552753195844
699903.0 0.6305687530142686
663447.0 0.5604643998894482
621825.0 0.5825659720661877
699288.0 0.4659626751148039
687333.0 0.5398036319684333
657321.0 0.7059746450210307
674637.0 0.4062129657573739
755982.0 0.4487005839097792
716424.0 0.5620180628572791
681480.0 0.6457202539575246
732030.0 0.5595812049131209
674268.0 0.711933067852348
744060.0 0.5856678118479007
762204.0 0.5462945307077477
695325.0 0.48780717202241625
679968.0 0.5664178617784683
696576.0 0.41670852269612435
694782.0 0.5724371989819943
692760.0 0.4903194983378459
658428.0 0.5714691250889309
696849.0 0.5256809528329365
662823.0 0.7057067517247811
713925.0 0.5742899188494682
642192.0 0.6453063173002358
748857.0 0.6065849423877057
736956.0 0.5702527142077826
671145.0 0.5994619954921088
671100.0 0.5527680984520317
710100.0 0.5879249282502759
672030.0 0.583770661079827
624630.0 0.5786070119877789
698349.0 0.523939095113959
736434.0 0.4330184561615764
723945.0 0.5556625715203158
759864.0 0.5007129103417903
706062.0 0.6738382771912086
671448.0 0.4783160619959123
647985.0 0.6217893605712823
677052.0 0.6069972611453955
663804.0 0.5647058464520923
656472.0 0.6169492436957729
637095.0 0.6336526976951491
679404.0 0.5688042701073388
672828.0 0.5533521741984941
685737.0 0.5504447075176255
642372.0 0.5745219914680685
647754.0 0.570150379436477
683550.0 0.48709572269811185
731964.0 0.5288931594207683
687306.0 0.5650243062784626
714369.0 0.5247173628225387
735990.0 0.5340269008947366
696222.0 0.5770816362541826
734484.0 0.5937297722572951
758058.0 0.5544200717823902
712215.0 0.5550328903306748
654924.0 0.682256416827701
690294.0 0.5445850971066188
678198.0 0.6071925356191911
681567.0 0.4729120444101571
640860.0 0.5799178027500368
661398.0 0.5582632828273159
694641.0 0.5376415332916544
685044.0 0.5872234420596862
695241.0 0.522597705285674
626898.0 0.5760553493468176
735357.0 0.5750730097156572
630594.0 0.6120671262722329
654843.0 0.6102730303064571
661053.0 0.5428357568302977
662622.0 0.5672430849110641
724209.0 0.565930065604714
730569.0 0.45665919668347926
646797.0 0.5492440267459375
747975.0 0.6655407103182466
650727.0 0.7129428852891807
619167.0 0.6530794052164977
692415.0 0.5555959657143846
662364.0 0.5489945538976019
734130.0 0.5037999477601918
636690.0 0.6627648259388011
630381.0 0.6240631757221086
731871.0 0.4386160754472942
649068.0 0.5995636122510343
685296.0 0.5984820335375577
654360.0 0.5117480461101938
695274.0 0.6377302594488043
714225.0 0.49832858933686786
672246.0 0.6091971880119806
718638.0 0.6305795699255898
696450.0 0.5334578990445858
641193.0 0.60158908387401
725130.0 0.542652220876513
655197.0 0.6411193719631928
744507.0 0.5067984598996335
715944.0 0.5397683066281249
735549.0 0.4871139035357642
683871.0 0.6777543149334743
683778.0 0.5612297580340208
652578.0 0.5946582570717501
702972.0 0.6377849408481526
693795.0 0.6211853687767689
696165.0 0.6024563482752078
724863.0 0.4761106357117635
725604.0 0.6035070060967571
803613.0 0.5075497323207628
630087.0 0.6806061459553915
663687.0 0.5456130926673969
649455.0 0.540705574768322
714570.0 0.579426240250323
687066.0 0.57555723990716
725559.0 0.39845230756940075
639858.0 0.6100786782027978
726144.0 0.48591400086460157
743574.0 0.40250380467071895
719367.0 0.4550391280834196
690936.0 0.5737021133028938
665664.0 0.6717537685349614
646380.0 0.5953918333222494
701274.0 0.5140115017086864
710772.0 0.5017428502278966
712647.0 0.5689820224654647
755241.0 0.3773777502836551
709047.0 0.6776662436175026
739479.0 0.5322194184516241
689952.0 0.5635767153127016
696336.0 0.5205723901111406
707577.0 0.5499714472123834
691524.0 0.5005320773995623
695817.0 0.6495737791086809
738042.0 0.505244580136162
684030.0 0.5888062237209872
748998.0 0.385327289156941
636078.0 0.5267564448416042
672294.0 0.6690042831760344
692058.0 0.5653885920980474
729234.0 0.48512535243136157
697905.0 0.5193932593612544
676767.0 0.5138473237412093
693435.0 0.4356684529029722
711159.0 0.5480345236179267
679368.0 0.5156750567400389
707508.0 0.4749496562624186
769746.0 0.5629812011018358
664899.0 0.8046321440220411
692658.0 0.5398846034955914
685344.0 0.6656187061143206
747903.0 0.5882871630634251
719076.0 0.5216862694436143
702795.0 0.5105823564583568
699159.0 0.43258065980403615
692097.0 0.5502295556761733
818109.0 0.5433612918210878
731112.0 0.4889739141594371
705813.0 0.5549180849832085
658734.0 0.49589963198015524
665247.0 0.6368554851154198
763344.0 0.5059510994251752
718767.0 0.5626623387170216
706770.0 0.5550259571782721
621870.0 0.6925329942085359
698082.0 0.6119058872225646
663591.0 0.5986140574733143
669165.0 0.7711653330620566
695349.0 0.7079673208947107
674763.0 0.5299269429288145
652149.0 0.6166646765226214
714798.0 0.463656491144208
770454.0 0.4195380196097728
757545.0 0.31088412720208425
670302.0 0.6739509382562109
690681.0 0.6182596490641492
701304.0 0.548843663403856
742017.0 0.4814288215232059
664227.0 0.5227687055968169
644574.0 0.43698667261426816
664488.0 0.5803468830614408
716952.0 0.6444958430647859
684129.0 0.5374041020234264
702738.0 0.5344636289440595
703443.0 0.4660157484694495
662868.0 0.5995410107028883
664617.0 0.5694121622432853
718404.0 0.7381176903846337
796143.0 0.4463634511135161
734352.0 0.5340128781226827
640638.0 0.5647422732818431
658398.0 0.611179862630865
672189.0 0.5385902202712127
701808.0 0.5342307074755255
633978.0 0.5737324962460045
707688.0 0.5800344759548844
674691.0 0.5079562520941573
659790.0 0.483346313006442
677700.0 0.7824323592402476
756423.0 0.4761585237540516
738705.0 0.6404440746138305
702186.0 0.5787324203852021
633747.0 0.7183064277756306
672294.0 0.6473030943010686
660375.0 0.6951922962336232
636987.0 0.6552224943559474
704247.0 0.5678286591270219
649620.0 0.6135306162582274
752505.0 0.49613864733839863
676674.0 0.4484980909176496
689514.0 0.5680881905008581
717474.0 0.5431209189619255
711159.0 0.49317195568931904
659556.0 0.5326866418978773
683397.0 0.5658228021621075
637032.0 0.5127263944927943
783636.0 0.544677974060603
645969.0 0.6640352998764365
734451.0 0.5273990806002449
641634.0 0.6188576505086475
689883.0 0.5669830439078899
686682.0 0.5726140754461116
659901.0 0.5909657577222523
661689.0 0.7106488875942492
700719.0 0.562017268243347
734577.0 0.5365290546000817
752808.0 0.5215745731621665
687768.0 0.6161544944845142
749682.0 0.4185854860103801
740082.0 0.6097681620096729
723114.0 0.598109774584988
716718.0 0.4526774019734127
659607.0 0.5966662138323353
686451.0 0.547356585834919
