757545.0 0.24918528440231077
534996.0 0.8134211893088872
644574.0 0.43698667261426816
674637.0 0.4062129657573739
676557.0 0.37412190990479605
711153.0 0.3609608080758267
637032.0 0.5127263944927943
615024.0 0.554947522525753
579177.0 0.6093329286773346
537855.0 0.7545044386379681
736497.0 0.26002120927919575
598614.0 0.6029519722452952
725736.0 0.26375888721484164
539763.0 0.7174216224920636
634782.0 0.5522415702331119
606651.0 0.5871283405280994
573234.0 0.6292316167313894
537288.0 0.8016253396184223
757545.0 0.2593339435703987
552432.0 0.7145185755254427
715599.0 0.30516574144841474
715599.0 0.28429227417235664
568668.0 0.6432686097493109
603477.0 0.5901825395666621
554958.0 0.7036927501569766
715599.0 0.3227106174429432
715599.0 0.34381352950775135
566703.0 0.6525534142029266
636078.0 0.5267564448416042
635802.0 0.5393670566053337
558795.0 0.6702027358433962
563574.0 0.6613389850738158
555897.0 0.6874794970963445
715599.0 0.3281167599352725
557160.0 0.677496004401446
537288.0 0.8115267979825289
715599.0 0.3062831911992288
563574.0 0.6666211298004889
556584.0 0.6842709730681613
757545.0 0.25436012498083066
757545.0 0.2584581899766527
757545.0 0.2593299904366871
757545.0 0.26844878631862185
757545.0 0.26259706537265926
537855.0 0.846275766113103
719883.0 0.28889713505934206
617802.0 0.5706146127409196
581016.0 0.6113682375194223
686313.0 0.39301136488285354
653091.0 0.4495531008491905
718581.0 0.38468332258003
539676.0 0.7959709942681059
711303.0 0.387212232171918
676248.0 0.43254812482437643
645369.0 0.4986377719856139
749385.0 0.2865362432433697
668694.0 0.4393211665243127
627033.0 0.5556522349873382
539676.0 0.7551303928074762
556068.0 0.6915621061411722
573234.0 0.6527487695225216
578562.0 0.6352766760961526
551580.0 0.7179969761661397
639444.0 0.5535029690359297
543438.0 0.735246710562359
551190.0 0.7220583349981327
643953.0 0.5154156519242549
641952.0 0.5352678260921699
574593.0 0.6377703809342116
564474.0 0.668720842344881
542604.0 0.7388618015897794
560334.0 0.6874263885816779
642639.0 0.5236566532395984
639681.0 0.548065575238804
560334.0 0.6764024622401339
564474.0 0.6635230158798164
752991.0 0.2725950636429029
751023.0 0.274003345018718
563718.0 0.674533764161303
755577.0 0.2723295172775769
749385.0 0.27616589820436466
749385.0 0.2817604869482984
564474.0 0.6742791729001149
757545.0 0.2720698092669041
564474.0 0.6674565173089472
749385.0 0.28533122127615546
757545.0 0.2659576225827679
757545.0 0.262954898113124
757545.0 0.26729689300229736
757545.0 0.2710641518358958
757545.0 0.26987613768796725
757545.0 0.2693491884479156
757545.0 0.27204850794868607
757545.0 0.27213631827917245
564474.0 0.6743749988951833
757749.0 0.26499731312108865
540615.0 0.7724391668017706
688686.0 0.415470818923926
673092.0 0.4431390561289454
611520.0 0.611995579594962
642336.0 0.5391145409474852
707469.0 0.39673502155385193
657723.0 0.45327548333312034
749469.0 0.27617685521564256
584040.0 0.6133822919035389
633009.0 0.5623204103838866
732579.0 0.2917924273054171
653688.0 0.5177587012908841
621492.0 0.5998135538521244
656202.0 0.49286995165586983
720015.0 0.3702117875068901
720015.0 0.3494935426839267
727791.0 0.29626269424910756
725736.0 0.31939733926146274
626898.0 0.5760553493468176
720519.0 0.3276142871820501
581412.0 0.6354819827381746
718725.0 0.39570223295750273
575319.0 0.6581637501305921
621825.0 0.5825659720661877
719565.0 0.3949104583311956
584040.0 0.6223581364247337
579372.0 0.6422862218182739
568746.0 0.6637088855752624
579003.0 0.6577370561646678
562281.0 0.6909198982314507
654360.0 0.5117480461101938
757545.0 0.27413410809006605
723669.0 0.32346055575755994
564330.0 0.6778084780473975
543606.0 0.7571907498813293
552432.0 0.720924319484339
624630.0 0.5786070119877789
541257.0 0.7615449146131033
655503.0 0.49936453025184113
556584.0 0.7161812638331915
566865.0 0.6693188569709748
547356.0 0.7507524723796538
557523.0 0.7057180063998078
556086.0 0.7200167138768925
560241.0 0.7009217946274005
551580.0 0.7288309982916241
547470.0 0.7495152094858601
551580.0 0.7479700958340244
564474.0 0.6752174889254597
568044.0 0.6665286261320212
543072.0 0.760183605753396
551580.0 0.7345344117240732
560862.0 0.6935556253070219
757545.0 0.2729623327631264
560430.0 0.6962139337094773
655866.0 0.49756875180315346
551580.0 0.7385199815311535
551580.0 0.7423207966739658
557910.0 0.704317933148105
551580.0 0.7457977288751352
557910.0 0.7041797663476087
564468.0 0.6756267594854418
551580.0 0.7471209602077413
551580.0 0.7466042405117814
757545.0 0.27490620695849133
757545.0 0.27486990482377116
761583.0 0.27007071982996045
541257.0 0.792073824134968
620739.0 0.6122333181782575
585447.0 0.6146751104536817
676674.0 0.4484980909176496
688809.0 0.4239660156576365
656772.0 0.5186498879358535
658734.0 0.49589963198015524
622032.0 0.5828586864401074
705231.0 0.41641601186736116
647994.0 0.539745716246541
696576.0 0.41670852269612435
667560.0 0.4556366090888579
658980.0 0.4601156587707283
569406.0 0.6641379567603071
732252.0 0.30283064332171017
581205.0 0.6605928150012302
729846.0 0.31162130461254123
582549.0 0.6394160607862508
630987.0 0.5789070925150693
717690.0 0.4119044898845817
728994.0 0.33387819811632136
723669.0 0.34677664665109975
720081.0 0.36888496396447995
719565.0 0.39641120752539516
644499.0 0.5438603090054335
740991.0 0.29654779373879725
584997.0 0.6240781289049556
720537.0 0.3627647654647064
642393.0 0.5596485992297061
541320.0 0.7747999558728829
634926.0 0.5640887512262035
750546.0 0.29306554961445724
724521.0 0.3359207564980922
543018.0 0.7647811466319709
662223.0 0.459931410022082
751662.0 0.28538547520511315
581619.0 0.6536469973520244
633978.0 0.5737324962460045
640554.0 0.5626329152476318
556686.0 0.7165784647016616
744189.0 0.29319975898319706
568686.0 0.6745045712315842
555081.0 0.7322892924922536
547086.0 0.7635595560163332
541320.0 0.7885855096574239
562218.0 0.7007990489312625
560280.0 0.7102712119229837
551652.0 0.7389083266734869
551820.0 0.7357384038334902
566253.0 0.6763839661547275
757545.0 0.28400892988349674
719421.0 0.4010416439025414
560718.0 0.7029707840885527
555762.0 0.7265032537022424
556038.0 0.7214780955755629
717825.0 0.405668787960156
547968.0 0.7584768882068186
564354.0 0.6945712675154643
549633.0 0.7529633593434747
551580.0 0.7500703522569319
743340.0 0.29652088219982164
757545.0 0.2782783231704594
549390.0 0.7572839952313051
560460.0 0.7098284707425163
757545.0 0.27708755351070496
717690.0 0.4088782287387436
551580.0 0.7506384088250124
564474.0 0.6918593288932444
757545.0 0.281191098154036
564474.0 0.6788784373225609
564474.0 0.682229268166955
757545.0 0.2799872336750092
551580.0 0.7512534882244674
564474.0 0.680425269996914
564474.0 0.6857239605862996
564474.0 0.6829214056286264
757545.0 0.28262929325264263
564474.0 0.6887322832898881
564474.0 0.6912313477668168
757545.0 0.2788737535850939
564474.0 0.6901584093787754
564474.0 0.683987308562379
564474.0 0.684695241583179
757545.0 0.2848111918390407
564474.0 0.6799147620075567
564474.0 0.689624570142518
564474.0 0.6789389852479076
564474.0 0.6876075017115751
564474.0 0.6867481821049649
564474.0 0.6879172137468363
564474.0 0.6864927716910016
564474.0 0.6935111598880596
757545.0 0.2840910919452527
757545.0 0.2773078745847899
560370.0 0.709941566088851
564474.0 0.693103975937428
757545.0 0.2852768973717805
564474.0 0.6897688291526481
551580.0 0.7501026430827785
757545.0 0.2778406431297093
564474.0 0.6940179898147978
564474.0 0.6945390816859174
551580.0 0.7509797987970511
560298.0 0.7101722581441886
564474.0 0.692794165811284
757545.0 0.283354102187753
564474.0 0.6923073833468457
564474.0 0.6923546776538486
564474.0 0.6917094910372856
757545.0 0.27857112484437646
564474.0 0.6939383224638457
757545.0 0.2829132383816358
757545.0 0.2778723359115037
564474.0 0.6841839917641821
564474.0 0.6800734554691061
564474.0 0.6899097560418208
564474.0 0.6803326940875383
564474.0 0.6928714389490446
564474.0 0.6877842234474205
757545.0 0.283895236321861
757545.0 0.27841481363474735
564474.0 0.6844131287823361
757545.0 0.28290990672988064
551580.0 0.7510178402469657
757545.0 0.2835698019221347
564474.0 0.6866366165910319
564474.0 0.6845203480566229
757545.0 0.28341927306247644
757545.0 0.28370025237981555
564474.0 0.6917122386178007
757545.0 0.28368122079773733
564474.0 0.6844757011561086
564474.0 0.6939785922371312
564474.0 0.6939683812651477
762978.0 0.2742400087440597
542412.0 0.8010295402367126
542412.0 0.8167728810242293
614121.0 0.6189733215016306
585447.0 0.6420174899472949
669261.0 0.46340918708692147
621231.0 0.6124733372124452
628380.0 0.5911628994328981
659790.0 0.483346313006442
633711.0 0.5815310644424663
705543.0 0.4228936539991406
693435.0 0.4356684529029722
713490.0 0.4182603864970277
682386.0 0.44976855509833863
659583.0 0.5324274130869474
679113.0 0.45169317938062997
640638.0 0.5647422732818431
720081.0 0.4069377008900569
663132.0 0.482058203231484
721023.0 0.37204966720867
694206.0 0.42533070987542937
649455.0 0.540705574768322
724101.0 0.35570103743521214
720537.0 0.39006274456690276
728763.0 0.3499915644067751
646797.0 0.5492440267459375
657495.0 0.5331523515673005
731733.0 0.32655843193563794
570084.0 0.668251260227722
729846.0 0.334668983449973
643491.0 0.559915066026113
577377.0 0.6682449418908338
583986.0 0.658053059142919
741117.0 0.3002306737113054
747453.0 0.2978424515659715
581112.0 0.665737118155723
736257.0 0.3177993434261527
560583.0 0.7113516698644198
568332.0 0.6776998870016645
585447.0 0.6245394023658439
558381.0 0.7238288996814378
740925.0 0.31058594305885995
555462.0 0.7372847485907694
556332.0 0.7240598564673404
585198.0 0.6468163452445775
543729.0 0.7776649693722318
736503.0 0.3120182028720318
750855.0 0.2946401168850384
759642.0 0.277199619336503
547182.0 0.7674670841747718
549387.0 0.7624112025713091
752721.0 0.2874238179172011
560862.0 0.7049391849636997
564555.0 0.6793117766196045
757737.0 0.27891296389390674
551670.0 0.7474127170966968
753927.0 0.28638548917408585
553359.0 0.739396169913623
562281.0 0.70089232253254
543204.0 0.7839943631924803
542412.0 0.7909260865118457
551706.0 0.7411443227446189
545016.0 0.7692957638641161
757545.0 0.28567374143383456
543072.0 0.7885704064273903
564504.0 0.6888169925394134
750855.0 0.2970976816540175
757581.0 0.2855602124819629
545016.0 0.7688970149248775
551580.0 0.7542642494005116
551580.0 0.7614206619136772
659556.0 0.5326866418978773
564474.0 0.6945878249014527
564474.0 0.7005278214036991
564546.0 0.6819494830676298
564528.0 0.6845981926897355
564510.0 0.686817371896101
551580.0 0.7593209630904291
551580.0 0.7603198207667797
551580.0 0.7558762966707484
551580.0 0.7549506793033771
551580.0 0.7583013276560898
551580.0 0.7580019928575249
564474.0 0.6974009368945836
551580.0 0.7571684521168656
564474.0 0.6979751562452451
551580.0 0.7566232303192255
757545.0 0.2858938027127684
564474.0 0.6995420735115626
551580.0 0.7610159476084051
551580.0 0.7570962481184257
564474.0 0.7001718001949454
564474.0 0.6997417572446419
564474.0 0.6968680107473663
551580.0 0.7544444422525152
564474.0 0.6990304957281586
551580.0 0.756732813828891
564474.0 0.6958421278520469
551580.0 0.7613346857266291
564474.0 0.6951113350829983
564474.0 0.6954656337951748
564474.0 0.6960874513372257
564474.0 0.6987021425681654
551580.0 0.7610232258036035
564474.0 0.6947886886619145
564474.0 0.6982689986128522
564474.0 0.6985261196264719
564474.0 0.6961805485241807
564474.0 0.6988600289131315
564474.0 0.70073699308988
564474.0 0.6963496051789959
564474.0 0.7003790227700633
564474.0 0.6946756674662066
564474.0 0.6956414100313545
564474.0 0.6949790173596666
551580.0 0.7543911853364917
564474.0 0.6954658242218298
564474.0 0.6956414100313545
564474.0 0.6984228013875741
564474.0 0.6968368848814056
564474.0 0.7007609053544057
564474.0 0.6965395950168188
564474.0 0.7004247002092642
564474.0 0.6967062205505148
564474.0 0.6965699724337299
564474.0 0.6964213135612993
564474.0 0.6967094915307337
564474.0 0.6965699724337299
564474.0 0.698945226915
564474.0 0.6983267976138674
564474.0 0.6950599128025825
564474.0 0.6949790173596666
564474.0 0.6989962218854591
564474.0 0.6983545975090248
564474.0 0.6982689986128522
564474.0 0.6964040317607401
564474.0 0.6989500475310457
564474.0 0.7003799362989269
564474.0 0.6950599128025825
564474.0 0.6950903548857997
564474.0 0.6983499907457552
564474.0 0.6950903548857997
564474.0 0.6964067867517495
564474.0 0.6989500475310457
564474.0 0.698945226915
564474.0 0.6964067867517495
564474.0 0.6989500475310457
564474.0 0.6989500475310457
564474.0 0.6965699724337299
564474.0 0.6989500475310457
564474.0 0.6989500475310457
564474.0 0.698945226915
775443.0 0.27603166883955044
543018.0 0.802947384503661
699159.0 0.43258065980403615
671337.0 0.46545799820697403
655020.0 0.5519258863333417
682734.0 0.4534171407098898
660405.0 0.5054769575817921
594339.0 0.6251129829795651
661752.0 0.4989180628107979
617442.0 0.623712356725295
635868.0 0.5858361188004374
629490.0 0.6116494135740199
720537.0 0.408183048014977
768240.0 0.28559790658069195
709656.0 0.4290367240112807
680103.0 0.4611000070911335
572118.0 0.6732824995300786
556344.0 0.7243834448219869
589740.0 0.6469300963183172
594186.0 0.6387073860095266
724101.0 0.3764810869843595
626712.0 0.6150930827128455
619848.0 0.6199159620258358
741579.0 0.3015080016163419
553926.0 0.7395922929184796
717690.0 0.42724860897524913
749577.0 0.30085626606613686
640860.0 0.5799178027500368
773655.0 0.27813308521402175
577374.0 0.6696683542537726
759642.0 0.28620113860535995
721764.0 0.39154563923460495
551820.0 0.7418141993254884
566823.0 0.6823671078417113
724521.0 0.3624490280750151
547434.0 0.7679937486484977
564474.0 0.7009035483468674
586386.0 0.6538369690997954
732066.0 0.3285817098660263
736767.0 0.3218470519855539
647754.0 0.570150379436477
560598.0 0.7193873201156517
729978.0 0.35456249913857707
730260.0 0.3431634427448492
564798.0 0.6835094316880965
722499.0 0.3880825191303295
727599.0 0.3601948538532734
545715.0 0.7799196980846145
551736.0 0.7591069901182778
714711.0 0.4286466738445015
543396.0 0.7888638916472814
649914.0 0.5686091302596513
733215.0 0.3278884933851709
652017.0 0.5601148545744038
737928.0 0.31704273677211153
642639.0 0.5733101776780531
547248.0 0.7778108888154958
585447.0 0.6633736812114104
581619.0 0.666491752665754
543174.0 0.7915787460259247
551262.0 0.7640463368647866
651021.0 0.5601522075319794
561138.0 0.7086450154797544
751533.0 0.2976550827942617
741009.0 0.3147591843527892
755091.0 0.2897171639589926
581205.0 0.6687572740054842
729978.0 0.34469436289158223
560598.0 0.7129129974694525
585606.0 0.6597723523811206
562749.0 0.7046892484849536
741393.0 0.3105887919761167
642372.0 0.5745219914680685
753957.0 0.2953830764227869
717405.0 0.4281775782844051
753162.0 0.29590136587292487
562773.0 0.7012001611222053
756927.0 0.2892767701699718
565743.0 0.6831178058668002
757545.0 0.2864483675097186
741009.0 0.3111041887707764
551670.0 0.7607061984382407
551580.0 0.7636234372163138
757545.0 0.28725351133130583
757545.0 0.2881829281519485
757545.0 0.28863164869707725
551580.0 0.7637956176646216
757545.0 0.28886159747477563
757545.0 0.28737794481532714
757545.0 0.286796609967478
757545.0 0.28779003177001444
757545.0 0.2892107318109913
757545.0 0.2877545473625669
757545.0 0.28658819766922466
757545.0 0.28665572871598766
757545.0 0.2867688050756338
763866.0 0.28723380863192155
543144.0 0.8114395190270116
687660.0 0.45473310276113227
671448.0 0.4783160619959123
675636.0 0.4674743446973828
615720.0 0.6314570861135859
597663.0 0.6337148251200907
630381.0 0.6240631757221086
701055.0 0.4505916379369905
705303.0 0.44420824883610643
587184.0 0.6610418243583566
609228.0 0.6319498184050586
720651.0 0.41011802916408774
642867.0 0.57769957076153
664479.0 0.5037139268031997
661308.0 0.5374516535505361
714552.0 0.43468149172355613
724893.0 0.38721259493653687
663660.0 0.5047374560567572
717315.0 0.4301581086032635
651858.0 0.5698249429072788
630594.0 0.6120671262722329
639858.0 0.6100786782027978
543930.0 0.7988253487560332
723597.0 0.40002054731328646
594132.0 0.6512386220122014
734463.0 0.3313838394363388
580416.0 0.6717659259613277
554016.0 0.7398541572803794
641262.0 0.5896096881041064
724893.0 0.3655013680106139
740535.0 0.3228194267404678
593799.0 0.6563961372925071
576126.0 0.6795030794517902
733215.0 0.35199158940535463
561138.0 0.7134031314720457
655995.0 0.555681180535439
744846.0 0.30444929071697646
741375.0 0.3163607341456828
660864.0 0.5515135675026009
641193.0 0.60158908387401
545901.0 0.7838651262536898
733440.0 0.3363038468446836
568782.0 0.6872233303651732
559458.0 0.7273821396180321
558030.0 0.7288585443818459
547566.0 0.7701715174910189
730260.0 0.3547589446737179
761535.0 0.2875899687035659
753456.0 0.2964592157748345
654075.0 0.5611433514128478
751662.0 0.30149848815354596
579225.0 0.6722068804618498
727791.0 0.36288113731207644
661053.0 0.5428357568302977
552321.0 0.7435745917125156
562641.0 0.70912045922833
577038.0 0.6791447930140633
565053.0 0.6941831211714451
748998.0 0.3015485807913675
729189.0 0.3603884152145086
652443.0 0.5633521025626306
547548.0 0.7789679128613008
745821.0 0.301634248185662
552108.0 0.7500739745636449
568782.0 0.6856066690749264
566865.0 0.6904671287024833
551580.0 0.7674204353467866
757545.0 0.2919570086833484
551886.0 0.7573300824713326
547254.0 0.7830739115740634
755232.0 0.2931769821673435
740541.0 0.31946791419065346
566820.0 0.6927980033363043
551964.0 0.7551374344640486
551667.0 0.7637604755678061
564330.0 0.7062535407546467
564474.0 0.7013043963400554
755355.0 0.292360880568762
757545.0 0.289852388738817
558264.0 0.728579569602297
757545.0 0.28927681970759783
564474.0 0.7054130307740105
551580.0 0.7685235396407114
551580.0 0.769442081351079
551580.0 0.7643100127275682
551580.0 0.7658541054550313
551580.0 0.7663584021073976
551580.0 0.7681305379013657
551580.0 0.7646912953242399
757545.0 0.28965619875446064
564474.0 0.7018202435952102
551580.0 0.7652937964526783
551580.0 0.7677970823188945
757545.0 0.2910214860942783
564474.0 0.7016418897479265
757545.0 0.29032921645822685
757545.0 0.2900731246464733
757545.0 0.29223195885974723
757545.0 0.29137011438353616
564474.0 0.702989424744957
551580.0 0.765546680701568
551580.0 0.7697831666898942
564474.0 0.7046244883204699
551580.0 0.7649778656433349
564474.0 0.7056986555855582
551580.0 0.7666453335595876
564474.0 0.7041401588652457
564474.0 0.7043673652844346
564474.0 0.7032740590361275
564474.0 0.7019988412357712
551580.0 0.7650091436933528
551580.0 0.7695725941534117
564474.0 0.7022214365829463
757545.0 0.29049830566256424
564474.0 0.7039011934714521
757545.0 0.29174189620923163
564474.0 0.703538254480077
564474.0 0.7049544941091317
551580.0 0.7655172308379601
564474.0 0.7031898832556158
564474.0 0.7013939479813394
551580.0 0.7672126199708493
551580.0 0.7699000770802223
757545.0 0.2908288277955966
564474.0 0.7048771925835374
551580.0 0.7667188536222508
564474.0 0.7028114471379966
564474.0 0.7051385775156804
757545.0 0.2906839378317838
551580.0 0.7680538830751344
551580.0 0.7670462003283091
757545.0 0.29091301881004883
757545.0 0.28991423123408533
757545.0 0.2916025593850881
757545.0 0.2914732962879467
564474.0 0.7036690519434512
564474.0 0.7042081003706766
551580.0 0.7668758284799235
564474.0 0.7038186261334652
551580.0 0.7671837451571442
564474.0 0.7058313274184572
551580.0 0.7700161284018261
564474.0 0.7022755991251494
564474.0 0.7043200180378948
551580.0 0.770064279001429
564474.0 0.7061583092442353
564474.0 0.7052422410316995
564474.0 0.7047264836688851
551580.0 0.7679335392256578
564474.0 0.7023836055903305
551580.0 0.7679118004318957
564474.0 0.7059813278476732
564474.0 0.7057287240583632
564474.0 0.7060350521377691
564474.0 0.7024981435028661
564474.0 0.703636185890877
551580.0 0.7669888605731859
564474.0 0.7053593907799353
564474.0 0.7024174705132664
757545.0 0.2906039480133167
564474.0 0.7019293284258424
757545.0 0.2914198485168888
564474.0 0.703542542465455
564474.0 0.702544975788884
551580.0 0.7669207693106437
564474.0 0.7013939479813394
564474.0 0.7013043963400554
564474.0 0.7058929941132347
564474.0 0.702738115882645
564474.0 0.7026978034991034
564474.0 0.7052074776602681
564474.0 0.7032409764193841
757545.0 0.2916854658541047
564474.0 0.7026516202705136
757545.0 0.2916577670058428
564474.0 0.7046918412961753
564474.0 0.7018944365038768
564474.0 0.70184905076395
757545.0 0.29063018051098033
551580.0 0.7694991928270916
551580.0 0.7666663463645363
564474.0 0.702784664196037
564474.0 0.7051562330722887
564474.0 0.7062050607632584
564474.0 0.7038685850569268
757545.0 0.2898878755802645
564474.0 0.7058929941132347
564474.0 0.7026147263351683
551580.0 0.7694987240770994
564474.0 0.7060283249492093
564474.0 0.7053604965867077
564474.0 0.7038389637249853
564474.0 0.7025936641992913
564474.0 0.706251536433391
564474.0 0.7061875556404492
551580.0 0.7668983559694278
564474.0 0.7047054187514183
551580.0 0.7650091436933528
757545.0 0.29060988345375405
564474.0 0.7047264836688851
564474.0 0.7025936641992913
767325.0 0.28806580819203403
543204.0 0.8275709966726359
614988.0 0.6336308339436177
692817.0 0.45484484003403175
633906.0 0.6147936433255851
681567.0 0.4729120444101571
725475.0 0.3772028076404326
661230.0 0.5446832949634934
723597.0 0.4158404725149628
675714.0 0.48160606887464746
674691.0 0.5079562520941573
664227.0 0.5227687055968169
602826.0 0.6382553890994292
667986.0 0.5124748761430522
720537.0 0.43081523023204554
658341.0 0.5839379381842045
736503.0 0.34963875451128795
703188.0 0.45348209017095525
598488.0 0.6407036362622787
648828.0 0.5874399475908919
731913.0 0.3592198772087982
545715.0 0.8132551598022589
658509.0 0.5655794465293222
728154.0 0.3645615780199333
641547.0 0.6007599116601287
635754.0 0.6147075753749905
588180.0 0.6656494007053168
595662.0 0.6575230766255686
581061.0 0.6755288642943287
711231.0 0.4505835745152319
711231.0 0.4449750226407522
585924.0 0.6727513802545109
569406.0 0.6859520440982569
595176.0 0.6627381109499592
760164.0 0.28985373271916703
546432.0 0.8003347379547867
576618.0 0.6831417221356224
707490.0 0.4514787756889245
736683.0 0.331881062999805
744822.0 0.31764744503571957
722499.0 0.42267509387551694
741009.0 0.3207651150962558
658428.0 0.5714691250889309
740553.0 0.32685228912809977
576771.0 0.6801364599895221
646380.0 0.5953918333222494
643020.0 0.5994032893015842
558264.0 0.732302380003335
748833.0 0.30525045460293543
547656.0 0.7936334128087306
556626.0 0.7417524432091501
562272.0 0.7146499316628144
750888.0 0.3046736647741757
737928.0 0.3317749769825303
562092.0 0.7242506805695619
746031.0 0.309306176680532
647544.0 0.5931430130314411
721275.0 0.4298637816849215
558381.0 0.7294900568475616
548028.0 0.7882821855070987
555591.0 0.7465500591394562
756741.0 0.2945113734489896
753531.0 0.3013541727095409
745239.0 0.3106565598790581
566550.0 0.6964447238298824
549540.0 0.7737964198165588
548286.0 0.783076239490642
568554.0 0.694093350074688
568554.0 0.6905493313119236
566226.0 0.6997188638262262
564984.0 0.7028121989121621
553773.0 0.7595175235176796
561447.0 0.7273371755004888
753861.0 0.297040049543244
553809.0 0.7557095014695864
757839.0 0.2910644358179532
554214.0 0.7495768522969944
553593.0 0.765169991942138
555912.0 0.742025647000905
553809.0 0.7506320088850763
553260.0 0.7665559419891252
549492.0 0.779448123376216
549387.0 0.7808051456843772
564474.0 0.7089465169376366
551928.0 0.7678973372950979
551580.0 0.7720214180123228
564510.0 0.7056798674605592
753609.0 0.29985320390818426
561447.0 0.7269507812192845
551667.0 0.7679863952402993
753717.0 0.2970999591148326
551580.0 0.7705257558793955
757545.0 0.29421196702586694
549387.0 0.7797873820889873
757545.0 0.2924305816833921
551580.0 0.7707372263543344
551580.0 0.7715095825704449
757545.0 0.29271644753052894
564474.0 0.7063970284793748
564474.0 0.7096076825769521
564474.0 0.7139938575652393
564474.0 0.7103244597357556
564474.0 0.711626839565898
564474.0 0.7122184972156358
757545.0 0.2940008945730298
564474.0 0.7134093378721006
564474.0 0.71280501289016
757545.0 0.2934691950595983
757545.0 0.292942788999415
564474.0 0.7108534420269395
564474.0 0.711918738767815
757545.0 0.29328389196749144
551580.0 0.7723284519581188
551580.0 0.7729332095584862
564474.0 0.7092773247168798
564474.0 0.7082775098460593
551580.0 0.773257783952238
564474.0 0.7112625482402127
564474.0 0.711214270703117
551580.0 0.77183415344905
564474.0 0.7073196352236291
564474.0 0.7131595785541865
564474.0 0.7130377126118673
564474.0 0.7079767095564015
564474.0 0.7066395176167096
564474.0 0.7089598867585465
564474.0 0.708564631863154
551580.0 0.7728109609269919
564474.0 0.7081307161182853
564474.0 0.7144012954088126
564474.0 0.7069052751799019
564474.0 0.7094040685937001
551580.0 0.7735681931674255
564474.0 0.7121593622645819
551580.0 0.7724991939433479
564474.0 0.7074674384121156
564474.0 0.7133884931776477
564474.0 0.7128107881785316
551580.0 0.772625776047064
564474.0 0.7142132960615555
564474.0 0.7071038549507914
551580.0 0.7705486517591607
757545.0 0.2925833171471694
564474.0 0.7076152994455208
564474.0 0.7094594052508658
564474.0 0.7089376545312517
564474.0 0.714519765830178
564474.0 0.7077886719482459
564474.0 0.708744343779549
564474.0 0.7071036640097629
564474.0 0.714218985310055
564474.0 0.7106667803084044
551580.0 0.7734386388231419
551580.0 0.7733508846438513
564474.0 0.7077755533851021
564474.0 0.7087372042762772
564474.0 0.7085864667976233
564474.0 0.7075700582443518
757545.0 0.2934209768692275
564474.0 0.7068268255566822
757545.0 0.29263950124265414
757545.0 0.29408637567813345
564474.0 0.7146028982498388
564474.0 0.7067312795462307
551580.0 0.773536271759189
551580.0 0.7725810219009466
757545.0 0.2941336608131965
564474.0 0.7103972778375088
757545.0 0.29441566888408377
551580.0 0.7719935168974497
564474.0 0.7067693931555613
551580.0 0.7719180198348682
757545.0 0.2942646218498463
757545.0 0.29431997266044646
564474.0 0.7105937296284229
757545.0 0.2943785149546981
551580.0 0.7719220847039815
564474.0 0.7106658219185429
564474.0 0.7105252234978733
564474.0 0.7104463117508151
564474.0 0.7105867648254232
564474.0 0.7121729676142916
564474.0 0.7105151317073656
757545.0 0.2942967408600492
564474.0 0.7104687594308865
757545.0 0.29342161288806173
564474.0 0.7146498506269394
757545.0 0.29439864685046746
564474.0 0.7104668663241851
564474.0 0.7085864667976233
783525.0 0.28862950107356167
543438.0 0.8421458053290898
674763.0 0.5299269429288145
760431.0 0.2913759264891272
595902.0 0.6625163757427065
698031.0 0.4563505353917891
783525.0 0.2908520534238779
713448.0 0.4466081466475471
543948.0 0.8298595046759075
692223.0 0.4765899303646807
676308.0 0.49323629279577297
659829.0 0.5757295444147458
603021.0 0.6434979057891637
547548.0 0.8013149673519647
616947.0 0.6364290479284341
664770.0 0.5319448739062939
589098.0 0.6724059769144569
725559.0 0.39845230756940075
681585.0 0.47929572481496113
604320.0 0.6398709106229565
661323.0 0.5459665053099554
632454.0 0.6347162283832927
620493.0 0.6352476362956522
725019.0 0.4225509820247024
583986.0 0.6760993209101092
637752.0 0.6156884351061692
694641.0 0.46065869462816283
647490.0 0.5954855648597918
658992.0 0.5849139838729085
643149.0 0.6123589818637404
717690.0 0.44572770811060236
721275.0 0.43551152194143294
556020.0 0.7435321196025154
645678.0 0.6044766723965987
731526.0 0.3728885763622054
728994.0 0.38463628700303604
741189.0 0.32563718467704067
577062.0 0.6814238208171379
562632.0 0.7184490979492604
560256.0 0.7395485319461399
663687.0 0.5456130926673969
727257.0 0.3874713757729181
637095.0 0.6336526976951491
723060.0 0.42970533725813076
736767.0 0.35157490308548867
652650.0 0.5887238894138784
744945.0 0.3180065343814333
679212.0 0.4867359725475632
736257.0 0.3609618107151795
561138.0 0.731003686184253
652113.0 0.5893400496636123
555510.0 0.7565517260755278
737385.0 0.335314482629768
549855.0 0.777938785546017
733503.0 0.36245014898821165
731709.0 0.3659124938472351
553809.0 0.7609951163377866
553704.0 0.769942983365369
575319.0 0.6860985629168949
679170.0 0.49292338662970364
549747.0 0.7893690694048195
751662.0 0.30759035824880154
636447.0 0.634361558095089
747453.0 0.31290845380682925
572448.0 0.6892871313202973
741135.0 0.3335263433493919
560256.0 0.7310839350773202
566226.0 0.704379918824335
740535.0 0.33484606471959555
547794.0 0.7942506122354996
568188.0 0.7015739927399697
749385.0 0.3084910721896799
757569.0 0.2931398697990787
755421.0 0.30075630813877074
736959.0 0.34261200302851796
570579.0 0.6946710994305692
753771.0 0.30146123291265325
749271.0 0.31207453333620494
552348.0 0.77255665523356
564699.0 0.708539044217402
571059.0 0.6932284169363729
568671.0 0.6968375825268197
549390.0 0.790108324856207
555510.0 0.7591324879989364
736959.0 0.3425451089350979
564474.0 0.7147073777347942
563952.0 0.7149504733795309
745431.0 0.3141709245180877
565266.0 0.7077454531712357
547794.0 0.7967448100194261
572271.0 0.6897999184797259
757065.0 0.2993759276037004
753438.0 0.30605839242779426
576642.0 0.6857285878162659
568410.0 0.6983026235098498
753519.0 0.30545725942670654
577038.0 0.6838309700117823
745413.0 0.31614718963816124
551580.0 0.7773369574312521
568188.0 0.704023481385864
757305.0 0.29838319757891424
551580.0 0.7747988981053475
652248.0 0.5888739020281865
549579.0 0.7899704551783886
757545.0 0.29455123698510327
551580.0 0.773846150688619
757545.0 0.2962679740180491
551580.0 0.7752717784737457
551580.0 0.7759301861092901
757545.0 0.29733968219242835
757545.0 0.29694514539352745
551580.0 0.7745287326753109
757545.0 0.29834969964248065
757545.0 0.2979336104793415
551580.0 0.7741903488788787
757545.0 0.2960145301854225
757545.0 0.29464230790874485
757545.0 0.2949838142885158
551580.0 0.7738936502351247
551580.0 0.7743227555237412
757545.0 0.2965671718631169
757545.0 0.2957751661657745
757545.0 0.29677275179091284
551580.0 0.7763022154126205
757545.0 0.29557090274120096
757545.0 0.2976187343528546
551580.0 0.7771056973410294
551580.0 0.7766984874351693
757545.0 0.2978266663443327
757545.0 0.2961860158930203
757545.0 0.2954778847221502
551580.0 0.7765336986116989
551580.0 0.7763681154980371
551580.0 0.7760936683129254
757545.0 0.29754370143199277
757545.0 0.2953257093377697
551580.0 0.7768821829286537
757545.0 0.29574948593429495
551580.0 0.7750741394786383
551580.0 0.7774030364198168
551580.0 0.7777900228563348
757545.0 0.29509772831617914
757545.0 0.2966310755385651
551580.0 0.7776193960206824
757545.0 0.2952251769088874
551580.0 0.7769631577888144
551580.0 0.7770748553838962
551580.0 0.7775336704332949
551580.0 0.7759888146781113
551580.0 0.7749692926279306
551580.0 0.7778242867739033
757545.0 0.2950469746632527
551580.0 0.7748657551496609
551580.0 0.7760722482762019
551580.0 0.7749951867033886
757545.0 0.29525835779353643
757545.0 0.29787509693166975
551580.0 0.7766233033334853
757545.0 0.2945740043991295
551580.0 0.7766070196872413
551580.0 0.7776109508141013
551580.0 0.7769174697137317
551580.0 0.7750707255397806
551580.0 0.7775336704332949
757545.0 0.29755989129294574
757545.0 0.29660048114449783
551580.0 0.7748423962546694
551580.0 0.7759425766231217
757545.0 0.2979200685394578
757545.0 0.2983706594134915
551580.0 0.7748581542063905
551580.0 0.7778129333125113
551580.0 0.7778242867739033
551580.0 0.7778129333125113
551580.0 0.7776193960206824
