534996.0 0.8134211893088872
761769.0 0.2371949138464207
644574.0 0.43698667261426816
674637.0 0.4062129657573739
676557.0 0.37412190990479605
711153.0 0.3609608080758267
637032.0 0.5127263944927943
615024.0 0.554947522525753
732579.0 0.2530858339120715
579177.0 0.6093329286773346
537855.0 0.7545044386379681
757545.0 0.24918528440231077
598614.0 0.6029519722452952
539763.0 0.7174216224920636
725736.0 0.26375888721484164
634782.0 0.5522415702331119
606651.0 0.5871283405280994
573234.0 0.6292316167313894
537288.0 0.8016253396184223
552432.0 0.7145185755254427
715599.0 0.28429227417235664
568668.0 0.6432686097493109
715599.0 0.3281167599352725
603477.0 0.5901825395666621
554958.0 0.7036927501569766
566703.0 0.6525534142029266
636078.0 0.5267564448416042
635802.0 0.5393670566053337
715599.0 0.31256730924527193
558795.0 0.6702027358433962
563574.0 0.6613389850738158
555897.0 0.6874794970963445
715599.0 0.30516574144841474
557160.0 0.677496004401446
537288.0 0.8115267979825289
715599.0 0.3545594375910942
563574.0 0.6666211298004889
715599.0 0.33636152116096785
556584.0 0.6842709730681613
715599.0 0.3227106174429432
715599.0 0.34381352950775135
715599.0 0.34290165357768365
715599.0 0.3062831911992288
715599.0 0.32541798880704986
766155.0 0.24790356418990242
537855.0 0.846275766113103
766155.0 0.24840281876174491
617802.0 0.5706146127409196
581016.0 0.6113682375194223
686313.0 0.39301136488285354
653091.0 0.4495531008491905
539676.0 0.7959709942681059
676248.0 0.43254812482437643
645369.0 0.4986377719856139
711303.0 0.387212232171918
668694.0 0.4393211665243127
627033.0 0.5556522349873382
539676.0 0.7551303928074762
739596.0 0.25539125680656405
556068.0 0.6915621061411722
573234.0 0.6527487695225216
757545.0 0.254647422457148
731913.0 0.2645507442875722
551580.0 0.7179969761661397
578562.0 0.6352766760961526
639444.0 0.5535029690359297
543438.0 0.735246710562359
551190.0 0.7220583349981327
719883.0 0.31654963989392654
728493.0 0.2862797576166354
643953.0 0.5154156519242549
641952.0 0.5352678260921699
574593.0 0.6377703809342116
542604.0 0.7388618015897794
736497.0 0.26002120927919575
757545.0 0.25436012498083066
564474.0 0.6742791729001149
560334.0 0.6874263885816779
719421.0 0.3407439038962362
727791.0 0.28846479618987336
642639.0 0.5236566532395984
639681.0 0.548065575238804
719883.0 0.29919595696723117
719421.0 0.355296849324669
715599.0 0.37686871424323176
560334.0 0.6764024622401339
715599.0 0.36617555180947425
719883.0 0.311231864518811
719883.0 0.3268152451233664
564474.0 0.6635230158798164
719883.0 0.33334703941041344
563718.0 0.674533764161303
715599.0 0.36284416938483405
719883.0 0.28889713505934206
715599.0 0.37032357926922504
715599.0 0.38225771887390975
719883.0 0.33974456782369317
564474.0 0.6674565173089472
564474.0 0.668720842344881
564474.0 0.6743749988951833
741393.0 0.2558108147505172
540615.0 0.7724391668017706
688686.0 0.415470818923926
673092.0 0.4431390561289454
611520.0 0.611995579594962
642336.0 0.5391145409474852
707469.0 0.39673502155385193
657723.0 0.45327548333312034
584040.0 0.6223581364247337
633009.0 0.5623204103838866
653688.0 0.5177587012908841
621492.0 0.5998135538521244
656202.0 0.49286995165586983
715599.0 0.3905572648086508
626898.0 0.5760553493468176
575319.0 0.6581637501305921
736497.0 0.2751031456377668
581412.0 0.6354819827381746
621825.0 0.5825659720661877
579372.0 0.6422862218182739
725736.0 0.29218405107982093
568746.0 0.6637088855752624
718581.0 0.38468332258003
579003.0 0.6577370561646678
562281.0 0.6909198982314507
720519.0 0.3360418719268215
654360.0 0.5117480461101938
720015.0 0.3494935426839267
564330.0 0.6778084780473975
543606.0 0.7571907498813293
552432.0 0.720924319484339
551580.0 0.7345344117240732
624630.0 0.5786070119877789
732252.0 0.2902703540352989
732579.0 0.28339382844992234
541257.0 0.7615449146131033
655503.0 0.49936453025184113
723669.0 0.3185880386764475
741009.0 0.2689630543197358
556584.0 0.7161812638331915
566865.0 0.6693188569709748
740553.0 0.2716736309995098
547356.0 0.7507524723796538
584040.0 0.6133822919035389
720015.0 0.36491298263407534
723669.0 0.30917026337886105
556086.0 0.7200167138768925
557523.0 0.7057180063998078
725706.0 0.30087131960574537
560241.0 0.7009217946274005
720519.0 0.3276142871820501
720015.0 0.3435822648288504
547470.0 0.7495152094858601
551580.0 0.7288309982916241
723669.0 0.30193267363232995
564474.0 0.6752174889254597
719421.0 0.3738525209807057
568044.0 0.6665286261320212
543072.0 0.760183605753396
560862.0 0.6935556253070219
560430.0 0.6962139337094773
655866.0 0.49756875180315346
551580.0 0.7385199815311535
557910.0 0.704317933148105
551580.0 0.7423207966739658
723669.0 0.32346055575755994
719565.0 0.37016856892992783
719565.0 0.36756233815303085
719421.0 0.37359083442810437
732579.0 0.28607410443273223
732279.0 0.28961404776980515
557910.0 0.7041797663476087
723669.0 0.3204389088159636
551580.0 0.7457977288751352
719883.0 0.36500508887180133
551580.0 0.7471209602077413
732579.0 0.2843565858696422
564468.0 0.6756267594854418
551580.0 0.7479700958340244
723669.0 0.3190908470387421
551580.0 0.7466042405117814
541257.0 0.792073824134968
763650.0 0.255977334517669
620739.0 0.6122333181782575
585447.0 0.6146751104536817
676674.0 0.4484980909176496
688809.0 0.4239660156576365
656772.0 0.5186498879358535
658734.0 0.49589963198015524
622032.0 0.5828586864401074
705231.0 0.41641601186736116
647994.0 0.539745716246541
696576.0 0.41670852269612435
667560.0 0.4556366090888579
658980.0 0.4601156587707283
569406.0 0.6641379567603071
581205.0 0.6605928150012302
717690.0 0.4088782287387436
630987.0 0.5789070925150693
582549.0 0.6394160607862508
745017.0 0.2664595773137927
724101.0 0.3134910881751509
644499.0 0.5438603090054335
755421.0 0.26493855325375953
584997.0 0.6240781289049556
642393.0 0.5596485992297061
541320.0 0.7747999558728829
634926.0 0.5640887512262035
720537.0 0.3627647654647064
662223.0 0.459931410022082
543018.0 0.7647811466319709
581619.0 0.6536469973520244
633978.0 0.5737324962460045
723669.0 0.3370405657940657
736497.0 0.2855120821684136
723597.0 0.35208184179458973
640554.0 0.5626329152476318
724209.0 0.30204854758579247
556686.0 0.7165784647016616
744189.0 0.27533731336790596
568686.0 0.6745045712315842
740316.0 0.2791257784433725
555081.0 0.7322892924922536
719883.0 0.3798235875025994
547086.0 0.7635595560163332
541320.0 0.7885855096574239
562218.0 0.7007990489312625
727791.0 0.29626269424910756
732579.0 0.2897636272627
551580.0 0.7500703522569319
560280.0 0.7102712119229837
757545.0 0.2629273883514945
551652.0 0.7389083266734869
551820.0 0.7357384038334902
566253.0 0.6763839661547275
727791.0 0.30011533452868566
718725.0 0.39570223295750273
733440.0 0.28669094424662395
560718.0 0.7029707840885527
719565.0 0.38908047473097657
717690.0 0.4020391749619327
740553.0 0.27651623535286424
555762.0 0.7265032537022424
556038.0 0.7214780955755629
723669.0 0.34677664665109975
547968.0 0.7584768882068186
564354.0 0.6945712675154643
549633.0 0.7529633593434747
717690.0 0.4119044898845817
720015.0 0.37147746886639194
549390.0 0.7572839952313051
720081.0 0.36888496396447995
718725.0 0.3902900627621066
560460.0 0.7098284707425163
723669.0 0.34001099873133683
732579.0 0.2917924273054171
757383.0 0.2640053860782243
564474.0 0.6918593288932444
727791.0 0.29491506344961926
757545.0 0.2584581899766527
757545.0 0.26259706537265926
720015.0 0.3702117875068901
757545.0 0.25975766947261386
564474.0 0.6788784373225609
564474.0 0.682229268166955
723669.0 0.3394703178202625
551580.0 0.7512534882244674
564474.0 0.680425269996914
564474.0 0.6857239605862996
564474.0 0.6829214056286264
723669.0 0.33855730402355605
564474.0 0.6887322832898881
723669.0 0.33771483705797734
564474.0 0.6912313477668168
564474.0 0.6901584093787754
564474.0 0.683987308562379
564474.0 0.684695241583179
564474.0 0.6799147620075567
757545.0 0.2634490763537059
564474.0 0.689624570142518
564474.0 0.6789389852479076
564474.0 0.6876075017115751
564474.0 0.6867481821049649
564474.0 0.6879172137468363
564474.0 0.6864927716910016
551580.0 0.7506384088250124
757545.0 0.2592230161010496
564474.0 0.6935111598880596
551580.0 0.7501026430827785
560370.0 0.709941566088851
564474.0 0.6800734554691061
564474.0 0.693103975937428
564474.0 0.6940179898147978
564474.0 0.6945390816859174
560298.0 0.7101722581441886
757545.0 0.262954898113124
564474.0 0.692794165811284
757545.0 0.2593299904366871
564474.0 0.6923073833468457
564474.0 0.6923546776538486
564474.0 0.6917094910372856
564474.0 0.6939383224638457
564474.0 0.6841839917641821
757545.0 0.25972794141171535
757545.0 0.2593339435703987
564474.0 0.6899097560418208
551580.0 0.7509797987970511
564474.0 0.6803326940875383
564474.0 0.6928714389490446
564474.0 0.6877842234474205
564474.0 0.6844131287823361
564474.0 0.6897688291526481
551580.0 0.7510178402469657
564474.0 0.6866366165910319
564474.0 0.6845203480566229
564474.0 0.6917122386178007
564474.0 0.6844757011561086
564474.0 0.6939785922371312
564474.0 0.6939683812651477
761298.0 0.2592407304347101
542412.0 0.8010295402367126
542412.0 0.8167728810242293
614121.0 0.6189733215016306
585447.0 0.6245394023658439
669261.0 0.46340918708692147
621231.0 0.6124733372124452
628380.0 0.5911628994328981
659790.0 0.483346313006442
633711.0 0.5815310644424663
705543.0 0.4228936539991406
693435.0 0.4356684529029722
682386.0 0.44976855509833863
659583.0 0.5324274130869474
713490.0 0.4182603864970277
679113.0 0.45169317938062997
640638.0 0.5647422732818431
663132.0 0.482058203231484
694206.0 0.42533070987542937
649455.0 0.540705574768322
728994.0 0.3008177173095337
646797.0 0.5492440267459375
657495.0 0.5331523515673005
750855.0 0.2681221199359141
570084.0 0.668251260227722
724521.0 0.3359207564980922
643491.0 0.559915066026113
577377.0 0.6682449418908338
583986.0 0.658053059142919
717825.0 0.405668787960156
725706.0 0.31796340223384606
581112.0 0.665737118155723
560583.0 0.7113516698644198
568332.0 0.6776998870016645
558381.0 0.7238288996814378
720015.0 0.3855932307496719
585447.0 0.6420174899472949
555462.0 0.7372847485907694
724101.0 0.35570103743521214
740553.0 0.28817707923367075
734493.0 0.2924444055865063
745431.0 0.27196785958170255
721023.0 0.37204966720867
556332.0 0.7240598564673404
734493.0 0.29918050332939594
585198.0 0.6468163452445775
543729.0 0.7776649693722318
547182.0 0.7674670841747718
757545.0 0.2652287364765694
549387.0 0.7624112025713091
743070.0 0.2866395340784071
744189.0 0.27917474982440293
560862.0 0.7049391849636997
542412.0 0.7909260865118457
564555.0 0.6793117766196045
551670.0 0.7474127170966968
553359.0 0.739396169913623
562281.0 0.70089232253254
725706.0 0.32102066139976365
722658.0 0.3638657265810089
543204.0 0.7839943631924803
551706.0 0.7411443227446189
545016.0 0.7692957638641161
758043.0 0.25930863953573713
722658.0 0.3713968001694095
745431.0 0.27707046016554926
723597.0 0.3627967485288597
543072.0 0.7885704064273903
723669.0 0.3564584916359436
718725.0 0.40256834031374883
741117.0 0.28708642723555056
564504.0 0.6888169925394134
725706.0 0.32844266196061633
725706.0 0.3282747958220044
545016.0 0.7688970149248775
720015.0 0.39241781011320215
551580.0 0.7542642494005116
757581.0 0.2603628878476322
734493.0 0.2946148646855335
551580.0 0.7544444422525152
659556.0 0.5326866418978773
564474.0 0.6945878249014527
564474.0 0.7007609053544057
564546.0 0.6819494830676298
564528.0 0.6845981926897355
719565.0 0.3949104583311956
757545.0 0.26498128854828584
719565.0 0.39641120752539516
719565.0 0.39936953168540423
564510.0 0.686817371896101
745431.0 0.2690776333899919
720015.0 0.3926410313444685
719421.0 0.40172434190630135
719421.0 0.4010416439025414
551580.0 0.7593209630904291
551580.0 0.7603198207667797
551580.0 0.7558762966707484
551580.0 0.7549506793033771
757545.0 0.26729689300229736
757545.0 0.2667484616454916
551580.0 0.7583013276560898
551580.0 0.7580019928575249
564474.0 0.6974009368945836
551580.0 0.7614206619136772
757545.0 0.2659576225827679
551580.0 0.7571684521168656
564474.0 0.6979751562452451
551580.0 0.7566232303192255
564474.0 0.6995420735115626
551580.0 0.7610159476084051
564474.0 0.7001718001949454
564474.0 0.6997417572446419
564474.0 0.6968680107473663
564474.0 0.6990304957281586
551580.0 0.756732813828891
757545.0 0.26556774756821416
564474.0 0.6958421278520469
551580.0 0.7570962481184257
551580.0 0.7543911853364917
551580.0 0.7613346857266291
757545.0 0.2657937625153617
564474.0 0.6951113350829983
564474.0 0.6954656337951748
757545.0 0.26532155928119316
564474.0 0.6960874513372257
564474.0 0.6987021425681654
551580.0 0.7610232258036035
564474.0 0.7005278214036991
564474.0 0.6947886886619145
564474.0 0.6982689986128522
564474.0 0.6985261196264719
564474.0 0.6961805485241807
564474.0 0.6956414100313545
564474.0 0.6988600289131315
564474.0 0.70073699308988
564474.0 0.6963496051789959
564474.0 0.7003790227700633
564474.0 0.6946756674662066
564474.0 0.6956414100313545
564474.0 0.6949790173596666
564474.0 0.6954658242218298
564474.0 0.6984228013875741
564474.0 0.6968368848814056
564474.0 0.6965395950168188
564474.0 0.7004247002092642
564474.0 0.6967062205505148
564474.0 0.6965699724337299
564474.0 0.6964213135612993
564474.0 0.6967094915307337
564474.0 0.698945226915
564474.0 0.6983267976138674
564474.0 0.6949790173596666
564474.0 0.6950599128025825
564474.0 0.6989962218854591
564474.0 0.6983545975090248
564474.0 0.6982689986128522
564474.0 0.6964040317607401
564474.0 0.6989500475310457
564474.0 0.7003799362989269
564474.0 0.6950903548857997
564474.0 0.6950599128025825
564474.0 0.6965699724337299
564474.0 0.6983499907457552
564474.0 0.6950903548857997
564474.0 0.6964067867517495
564474.0 0.6989500475310457
564474.0 0.698945226915
564474.0 0.6964067867517495
564474.0 0.6989500475310457
564474.0 0.6989500475310457
564474.0 0.6989500475310457
564474.0 0.6989500475310457
564474.0 0.6965699724337299
564474.0 0.698945226915
776592.0 0.25986756765716695
543018.0 0.802947384503661
699159.0 0.43258065980403615
671337.0 0.46545799820697403
655020.0 0.5519258863333417
682734.0 0.4534171407098898
594339.0 0.6251129829795651
660405.0 0.5054769575817921
661752.0 0.4989180628107979
617442.0 0.623712356725295
635868.0 0.5858361188004374
629490.0 0.6116494135740199
709656.0 0.4290367240112807
680103.0 0.4611000070911335
572118.0 0.6732824995300786
556344.0 0.7243834448219869
589740.0 0.6469300963183172
594186.0 0.6387073860095266
626712.0 0.6150930827128455
619848.0 0.6199159620258358
725736.0 0.31939733926146274
766266.0 0.2599849946371077
553926.0 0.7395922929184796
640860.0 0.5799178027500368
577374.0 0.6696683542537726
719883.0 0.39495404820883123
765942.0 0.2636702370198538
566823.0 0.6823671078417113
551820.0 0.7418141993254884
757749.0 0.26499731312108865
547434.0 0.7679937486484977
757545.0 0.26844878631862185
749385.0 0.26943539510761005
586386.0 0.6538369690997954
564474.0 0.7009035483468674
647754.0 0.570150379436477
740553.0 0.294713323768293
747501.0 0.28496226057501417
722658.0 0.37498682171296255
564798.0 0.6835094316880965
560598.0 0.7129129974694525
545715.0 0.7799196980846145
719421.0 0.41681212100653137
720519.0 0.387203735365489
551736.0 0.7591069901182778
714711.0 0.4286466738445015
719565.0 0.4105198712170731
649914.0 0.5686091302596513
543396.0 0.7888638916472814
652017.0 0.5601148545744038
642639.0 0.5733101776780531
725736.0 0.3332505448817062
748251.0 0.2730658615218574
717690.0 0.42724860897524913
585447.0 0.6633736812114104
547248.0 0.7778108888154958
735627.0 0.3017643574647535
581619.0 0.666491752665754
729846.0 0.3028902933774728
543174.0 0.7915787460259247
724101.0 0.359209869700267
551262.0 0.7640463368647866
742653.0 0.292289942494847
651021.0 0.5601522075319794
561138.0 0.7086450154797544
581205.0 0.6687572740054842
560598.0 0.7193873201156517
735627.0 0.29754093556236894
725706.0 0.3522401421275585
744822.0 0.29125256400540145
724101.0 0.36540754875407494
585606.0 0.6597723523811206
744822.0 0.28630196948128794
562749.0 0.7046892484849536
725706.0 0.34663287109073715
642372.0 0.5745219914680685
729846.0 0.31162130461254123
724101.0 0.3631953858396242
722658.0 0.38202625746640095
733215.0 0.3019594190560969
725706.0 0.3380737482774086
732252.0 0.30283064332171017
729846.0 0.30848443290439737
717405.0 0.4281775782844051
562773.0 0.7012001611222053
729846.0 0.3135292166948824
722658.0 0.38119108549604674
719421.0 0.4116896730105684
748707.0 0.2713857511469308
565743.0 0.6831178058668002
551670.0 0.7607061984382407
725706.0 0.33612057020452285
725706.0 0.3491886468343984
551580.0 0.7636234372163138
725706.0 0.3505630763076875
725706.0 0.337825250862311
757545.0 0.26868069798986344
551580.0 0.7637956176646216
757545.0 0.26933748531437146
757545.0 0.2693491884479156
780573.0 0.261306144167343
543144.0 0.8114395190270116
687660.0 0.45473310276113227
671448.0 0.4783160619959123
675636.0 0.4674743446973828
615720.0 0.6314570861135859
597663.0 0.6337148251200907
630381.0 0.6240631757221086
701055.0 0.4505916379369905
587184.0 0.6610418243583566
664479.0 0.5037139268031997
642867.0 0.57769957076153
661308.0 0.5374516535505361
609228.0 0.6319498184050586
663660.0 0.5047374560567572
705303.0 0.44420824883610643
768240.0 0.2627954063541801
727791.0 0.32171071826103786
651858.0 0.5698249429072788
630594.0 0.6120671262722329
639858.0 0.6100786782027978
543930.0 0.7988253487560332
594132.0 0.6512386220122014
711231.0 0.4365311585401172
580416.0 0.6717659259613277
730260.0 0.3044400170874265
717315.0 0.4301581086032635
554016.0 0.7398541572803794
641262.0 0.5896096881041064
737385.0 0.2983221554399716
593799.0 0.6563961372925071
561138.0 0.7134031314720457
576126.0 0.6795030794517902
727599.0 0.3351018755977318
655995.0 0.555681180535439
760587.0 0.265468237661072
660864.0 0.5515135675026009
641193.0 0.60158908387401
545901.0 0.7838651262536898
732066.0 0.3034509038840615
568782.0 0.6872233303651732
559458.0 0.7273821396180321
724521.0 0.3624490280750151
558030.0 0.7288585443818459
714552.0 0.43468149172355613
766155.0 0.2648595691601214
723669.0 0.37589843964486763
757545.0 0.26987613768796725
547566.0 0.7701715174910189
719565.0 0.4182366840788431
751533.0 0.27193630831686244
722499.0 0.3880825191303295
654075.0 0.5611433514128478
740991.0 0.29654779373879725
579225.0 0.6722068804618498
661053.0 0.5428357568302977
723597.0 0.38010299096671213
552321.0 0.7435745917125156
720537.0 0.39006274456690276
720015.0 0.400482175556219
562641.0 0.70912045922833
725736.0 0.3423094611162987
577038.0 0.6791447930140633
749271.0 0.2868306826401186
565053.0 0.6941831211714451
652443.0 0.5633521025626306
547548.0 0.7789679128613008
719883.0 0.4112277856021404
552108.0 0.7500739745636449
568782.0 0.6856066690749264
720489.0 0.398056946807096
747543.0 0.287516422780072
749319.0 0.2773503112336165
743070.0 0.2959044256296107
551580.0 0.7685235396407114
566865.0 0.6904671287024833
551886.0 0.7573300824713326
751023.0 0.274003345018718
725736.0 0.3478889668136963
725736.0 0.35618359391678656
757545.0 0.2710641518358958
547254.0 0.7830739115740634
744189.0 0.29319975898319706
566820.0 0.6927980033363043
745734.0 0.2900137310170301
551964.0 0.7551374344640486
551667.0 0.7637604755678061
749385.0 0.27616589820436466
564474.0 0.7013043963400554
564330.0 0.7062535407546467
719565.0 0.41251675040798313
719565.0 0.4177695922243112
725736.0 0.35679467428170497
725736.0 0.35955987769250614
725736.0 0.3453189125192082
558264.0 0.728579569602297
745017.0 0.29206865113943725
745713.0 0.29118780769145786
725736.0 0.3472049280774176
745146.0 0.2916154787416602
564474.0 0.7032740590361275
551580.0 0.7663584021073976
551580.0 0.769442081351079
551580.0 0.7643100127275682
757545.0 0.2716146316131875
551580.0 0.7658541054550313
551580.0 0.7646912953242399
551580.0 0.7674204353467866
564474.0 0.7036690519434512
551580.0 0.7652937964526783
551580.0 0.7677970823188945
551580.0 0.7681305379013657
564474.0 0.7016418897479265
564474.0 0.702989424744957
564474.0 0.7054130307740105
551580.0 0.765546680701568
551580.0 0.7697831666898942
564474.0 0.7046244883204699
551580.0 0.7649778656433349
564474.0 0.7056986555855582
551580.0 0.7666453335595876
564474.0 0.7041401588652457
564474.0 0.7043673652844346
564474.0 0.7019988412357712
551580.0 0.7650091436933528
551580.0 0.7695725941534117
564474.0 0.7022214365829463
564474.0 0.7039011934714521
564474.0 0.703538254480077
564474.0 0.7049544941091317
551580.0 0.7655172308379601
564474.0 0.7031898832556158
564474.0 0.7013939479813394
551580.0 0.7672126199708493
551580.0 0.7699000770802223
564474.0 0.7048771925835374
551580.0 0.7667188536222508
564474.0 0.7018202435952102
564474.0 0.7028114471379966
564474.0 0.7051385775156804
551580.0 0.7680538830751344
551580.0 0.7670462003283091
564474.0 0.7042081003706766
551580.0 0.7668758284799235
564474.0 0.7038186261334652
551580.0 0.7671837451571442
564474.0 0.7058313274184572
551580.0 0.7700161284018261
564474.0 0.7022755991251494
564474.0 0.7043200180378948
551580.0 0.770064279001429
564474.0 0.7061583092442353
564474.0 0.7052422410316995
564474.0 0.7047264836688851
551580.0 0.7679335392256578
564474.0 0.7023836055903305
551580.0 0.7679118004318957
564474.0 0.7059813278476732
564474.0 0.7057287240583632
564474.0 0.7060350521377691
564474.0 0.7024981435028661
564474.0 0.703636185890877
551580.0 0.7669888605731859
564474.0 0.7053593907799353
564474.0 0.7024174705132664
564474.0 0.7019293284258424
564474.0 0.703542542465455
564474.0 0.702544975788884
551580.0 0.7669207693106437
564474.0 0.7013939479813394
564474.0 0.7013043963400554
564474.0 0.7058929941132347
564474.0 0.702738115882645
564474.0 0.7026978034991034
564474.0 0.7052074776602681
564474.0 0.7032409764193841
564474.0 0.7026516202705136
564474.0 0.7046918412961753
564474.0 0.7018944365038768
564474.0 0.70184905076395
551580.0 0.7694991928270916
551580.0 0.7666663463645363
564474.0 0.702784664196037
564474.0 0.7051562330722887
564474.0 0.7062050607632584
564474.0 0.7038685850569268
564474.0 0.7058929941132347
564474.0 0.7026147263351683
551580.0 0.7694987240770994
564474.0 0.7060283249492093
564474.0 0.7053604965867077
564474.0 0.7038389637249853
564474.0 0.7025936641992913
564474.0 0.706251536433391
564474.0 0.7061875556404492
551580.0 0.7668983559694278
564474.0 0.7047054187514183
551580.0 0.7650091436933528
564474.0 0.7047264836688851
564474.0 0.7025936641992913
543204.0 0.8275709966726359
803805.0 0.2652367881272909
614988.0 0.6336308339436177
783525.0 0.2667221078277372
692817.0 0.45484484003403175
633906.0 0.6147936433255851
681567.0 0.4729120444101571
661230.0 0.5446832949634934
675714.0 0.48160606887464746
674691.0 0.5079562520941573
664227.0 0.5227687055968169
602826.0 0.6382553890994292
771963.0 0.26709786209802605
667986.0 0.5124748761430522
658341.0 0.5839379381842045
703188.0 0.45348209017095525
598488.0 0.6407036362622787
545715.0 0.8132551598022589
658509.0 0.5655794465293222
648828.0 0.5874399475908919
718725.0 0.4370926947393968
641547.0 0.6007599116601287
635754.0 0.6147075753749905
588180.0 0.6656494007053168
595662.0 0.6575230766255686
581061.0 0.6755288642943287
585924.0 0.6727513802545109
569406.0 0.6859520440982569
595176.0 0.6627381109499592
724893.0 0.3655013680106139
546432.0 0.8003347379547867
732066.0 0.31168859035328716
711231.0 0.4505835745152319
576618.0 0.6831417221356224
711231.0 0.4449750226407522
707490.0 0.4514787756889245
761583.0 0.27007071982996045
736497.0 0.30525314027542777
729846.0 0.32347100673291695
658428.0 0.5714691250889309
728031.0 0.34428991076429266
576771.0 0.6801364599895221
752991.0 0.2725950636429029
721764.0 0.39154563923460495
765942.0 0.2680866464203401
558264.0 0.732302380003335
646380.0 0.5953918333222494
732579.0 0.3065586145255397
643020.0 0.5994032893015842
720081.0 0.402553308089734
547656.0 0.7936334128087306
746031.0 0.290209103004361
724101.0 0.38730967740531114
556626.0 0.7417524432091501
749469.0 0.27617685521564256
562272.0 0.7146499316628144
720081.0 0.4069377008900569
562092.0 0.7242506805695619
740481.0 0.3042400122557364
647544.0 0.5931430130314411
728994.0 0.33387819811632136
744945.0 0.29442821131030256
743340.0 0.29652088219982164
548028.0 0.7882821855070987
720015.0 0.42183012962947813
727599.0 0.35301464865811866
558381.0 0.7294900568475616
765639.0 0.26956073865797514
724101.0 0.3764810869843595
555591.0 0.7465500591394562
748914.0 0.28767998810076534
724101.0 0.37672475357584967
757545.0 0.2719619629930357
566550.0 0.6964447238298824
727599.0 0.3601948538532734
548286.0 0.783076239490642
549540.0 0.7737964198165588
755577.0 0.2723295172775769
568554.0 0.694093350074688
568554.0 0.6905493313119236
553773.0 0.7595175235176796
553809.0 0.7557095014695864
566226.0 0.6997188638262262
561447.0 0.7269507812192845
564984.0 0.7028121989121621
720015.0 0.4141598177264716
727599.0 0.34904515759965976
719421.0 0.43079650738251857
741717.0 0.2995759661748818
728994.0 0.3298835545035347
553593.0 0.765169991942138
727599.0 0.3550401496672036
554214.0 0.7495768522969944
728994.0 0.32559481501192894
720015.0 0.4132507666895252
555912.0 0.742025647000905
720015.0 0.42588887923351065
549492.0 0.779448123376216
553260.0 0.7665559419891252
553809.0 0.7506320088850763
749385.0 0.2795783926192176
749385.0 0.2817604869482984
740541.0 0.30037855921472895
724101.0 0.3904634751298599
564474.0 0.7074674384121156
551928.0 0.7678973372950979
551580.0 0.77183415344905
749385.0 0.28533122127615546
722658.0 0.39139379688295206
564510.0 0.7056798674605592
720015.0 0.4288054184704503
757545.0 0.27204850794868607
723597.0 0.39080771351704774
728994.0 0.3319816438958798
561447.0 0.7273371755004888
549387.0 0.7797873820889873
549387.0 0.7808051456843772
551667.0 0.7679863952402993
749385.0 0.2865362432433697
741117.0 0.3002306737113054
719565.0 0.4302810992764783
551580.0 0.7705257558793955
728994.0 0.3242851821630221
551580.0 0.7715095825704449
551580.0 0.7707372263543344
564474.0 0.7063970284793748
564474.0 0.7096076825769521
564474.0 0.7139938575652393
564474.0 0.7103244597357556
564474.0 0.711626839565898
564474.0 0.7122184972156358
564474.0 0.7134093378721006
564474.0 0.71280501289016
564474.0 0.7108534420269395
564474.0 0.711918738767815
551580.0 0.7723284519581188
551580.0 0.7735681931674255
551580.0 0.7729332095584862
564474.0 0.7092773247168798
564474.0 0.7082775098460593
551580.0 0.773257783952238
564474.0 0.7112625482402127
564474.0 0.711214270703117
564474.0 0.7073196352236291
564474.0 0.7131595785541865
564474.0 0.7130377126118673
564474.0 0.7079767095564015
551580.0 0.7720214180123228
564474.0 0.7066395176167096
564474.0 0.7089598867585465
564474.0 0.708564631863154
551580.0 0.7728109609269919
564474.0 0.7081307161182853
564474.0 0.7144012954088126
564474.0 0.7069052751799019
757545.0 0.27213631827917245
564474.0 0.7121593622645819
551580.0 0.7724991939433479
564474.0 0.7133884931776477
564474.0 0.7128107881785316
551580.0 0.772625776047064
564474.0 0.7142132960615555
564474.0 0.7071038549507914
551580.0 0.7705486517591607
564474.0 0.7067312795462307
564474.0 0.7076152994455208
564474.0 0.7094594052508658
564474.0 0.7089376545312517
564474.0 0.714519765830178
564474.0 0.7077886719482459
564474.0 0.708744343779549
564474.0 0.7071036640097629
564474.0 0.714218985310055
564474.0 0.7106667803084044
551580.0 0.7734386388231419
564474.0 0.7094040685937001
551580.0 0.7733508846438513
564474.0 0.7077755533851021
564474.0 0.7087372042762772
564474.0 0.7085864667976233
564474.0 0.7075700582443518
564474.0 0.7068268255566822
564474.0 0.7146028982498388
551580.0 0.773536271759189
551580.0 0.7725810219009466
564474.0 0.7103972778375088
551580.0 0.7719935168974497
564474.0 0.7067693931555613
551580.0 0.7719180198348682
757545.0 0.2720698092669041
564474.0 0.7105937296284229
551580.0 0.7719220847039815
564474.0 0.7106658219185429
564474.0 0.7105252234978733
564474.0 0.7104463117508151
564474.0 0.7105867648254232
564474.0 0.7121729676142916
564474.0 0.7105151317073656
564474.0 0.7104687594308865
564474.0 0.7146498506269394
564474.0 0.7104668663241851
564474.0 0.7089465169376366
564474.0 0.7085864667976233
715593.0 0.5527533326764054
770175.0 0.26826548649885773
717690.0 0.449750718818167
720489.0 0.4094757963258372
727599.0 0.3753358129818794
722499.0 0.39912876086199484
735627.0 0.30998861981574427
766155.0 0.27169488904879174
757545.0 0.27357116929951053
745431.0 0.29496292883124064
755091.0 0.27595144380327324
732174.0 0.31460832856967513
740316.0 0.3070934374247877
747453.0 0.29435092083278286
741579.0 0.3015080016163419
750855.0 0.2779686130588537
749469.0 0.2859547925076464
768240.0 0.26832522938767406
729846.0 0.334668983449973
729189.0 0.34865065156402947
722499.0 0.40397453810152595
728763.0 0.3499915644067751
730260.0 0.32372240191007673
732174.0 0.3230508607805644
727791.0 0.3616462255895017
750219.0 0.2843426793305461
766266.0 0.2710002831870234
729846.0 0.33034732559282176
757545.0 0.27488921514375714
750855.0 0.27852529391841924
727791.0 0.37027805851923173
740769.0 0.30634998153887577
727791.0 0.3676956266930164
741189.0 0.30416284743492616
727791.0 0.36288113731207644
741393.0 0.3022937054672376
757545.0 0.272756904318498
757545.0 0.2729623327631264
757545.0 0.27342193392755737
757545.0 0.27396101698154113
757545.0 0.27413410809006605
757545.0 0.2753610437407642
757545.0 0.2745160119875093
757545.0 0.2749450654963766
757545.0 0.27551770206207615
757545.0 0.2746334416351642
757545.0 0.2747883288266265
757545.0 0.2728001608510328
757545.0 0.2754900305394886
757545.0 0.2748680291194316
757545.0 0.27490620695849133
757545.0 0.2755108183102513
757545.0 0.27486990482377116
