806745.0 0.12359773909959375
471723.0 0.8070561592155744
644574.0 0.43698667261426816
615024.0 0.554947522525753
554949.0 0.6114340036900533
674637.0 0.4062129657573739
570309.0 0.5639856518680976
752955.0 0.15644679967824374
676557.0 0.37412190990479605
520743.0 0.6318032996944931
637032.0 0.5127263944927943
789261.0 0.1530326077527614
711153.0 0.3609608080758267
570309.0 0.5896958559699289
485625.0 0.724681106059859
634782.0 0.5522415702331119
517215.0 0.6435381040493435
725736.0 0.26375888721484164
496044.0 0.712191541552136
510573.0 0.6643909055070966
500157.0 0.6873861648350987
508917.0 0.6747827560839423
715599.0 0.28429227417235664
727533.0 0.25596345663272885
732417.0 0.23796385040949306
738717.0 0.17211276695781227
798621.0 0.1493268549801969
500076.0 0.7044252252326549
473838.0 0.7957906688725547
738717.0 0.2071896477341271
734925.0 0.2247585109268022
636078.0 0.5267564448416042
738717.0 0.19310566933106113
635802.0 0.5393670566053337
715599.0 0.3062831911992288
475449.0 0.782094684500907
802899.0 0.14631846782987815
715599.0 0.33636152116096785
479625.0 0.7372078150914146
715599.0 0.30516574144841474
734925.0 0.23300842207283365
479625.0 0.747675399878198
734925.0 0.20844281656806396
715599.0 0.3545594375910942
806745.0 0.1381290387036324
715599.0 0.31256730924527193
477051.0 0.7776583812626047
738717.0 0.2063749712899683
738717.0 0.20056003699654543
806529.0 0.14114435833393119
715599.0 0.3227106174429432
479625.0 0.7741713085460048
715599.0 0.34381352950775135
715599.0 0.3281167599352725
479625.0 0.755109680167678
479505.0 0.7745292462732013
715599.0 0.34290165357768365
479625.0 0.7608296408851635
479625.0 0.756978584532613
715599.0 0.32541798880704986
479625.0 0.7635971363374351
479625.0 0.76814417180556
806745.0 0.13986092000257963
479625.0 0.7693866960857699
479625.0 0.7663568725640855
479625.0 0.7707157108962766
479625.0 0.7719624049490088
806745.0 0.140301219666279
479625.0 0.7709718299632442
479625.0 0.7689077163083916
479625.0 0.7652071404236312
479625.0 0.7738103544454933
479625.0 0.7653803226415569
479625.0 0.7641665091723018
479625.0 0.7728132925644976
479625.0 0.7663383304851217
806745.0 0.14112957882449056
479625.0 0.7723336146149763
479625.0 0.7740077563430232
479625.0 0.7641000804100585
479625.0 0.772775614211007
806745.0 0.14226332392366323
806745.0 0.1430965294118731
474927.0 0.8066571321191295
525642.0 0.6391062640817428
571842.0 0.6312653748926101
686313.0 0.39301136488285354
653091.0 0.4495531008491905
606651.0 0.5871283405280994
645369.0 0.4986377719856139
676248.0 0.43254812482437643
583581.0 0.5885178158082927
518973.0 0.675643509508651
617802.0 0.5706146127409196
711303.0 0.387212232171918
572235.0 0.5983677615540806
668694.0 0.4393211665243127
627033.0 0.5556522349873382
752955.0 0.19369819424721282
481638.0 0.7405476362815835
502359.0 0.7100976209090993
772941.0 0.1665125020812597
768621.0 0.17477736176234474
508167.0 0.6923341219281047
731913.0 0.2645507442875722
719421.0 0.3407439038962362
790224.0 0.1657376160265191
509595.0 0.6827077930652216
719883.0 0.29919595696723117
479883.0 0.7566163486494549
500313.0 0.7221003951418437
489465.0 0.7300879546716028
639444.0 0.5535029690359297
475464.0 0.7835556589313576
728493.0 0.2862797576166354
751971.0 0.21651639634137096
643953.0 0.5154156519242549
738717.0 0.21750380799008415
719823.0 0.31555707078527956
641952.0 0.5352678260921699
719421.0 0.355296849324669
492048.0 0.7266411028894936
738717.0 0.23804205746803592
642639.0 0.5236566532395984
639681.0 0.548065575238804
732579.0 0.2530858339120715
796395.0 0.1573429860543216
738717.0 0.22042693622241946
727791.0 0.28846479618987336
715599.0 0.36284416938483405
479625.0 0.7745691282089271
793170.0 0.1600631970557986
769149.0 0.1680063831163505
751971.0 0.20323294297798367
719883.0 0.311231864518811
802362.0 0.155890784115378
752955.0 0.1814182776045962
715599.0 0.36617555180947425
802788.0 0.15401948887238537
734925.0 0.24766852901096997
715599.0 0.37686871424323176
790593.0 0.16310905588158756
806631.0 0.15077717097831655
719883.0 0.28889713505934206
715599.0 0.37032357926922504
715599.0 0.38225771887390975
751971.0 0.21046749387946137
751971.0 0.19597489496203743
479625.0 0.7755562717032936
734925.0 0.24183440436224093
752955.0 0.1776519606981385
734925.0 0.23857919276221348
751971.0 0.21341831363811095
734925.0 0.24730561167616788
806745.0 0.14634863483709215
806745.0 0.1474091892326188
806745.0 0.14390345990826897
479625.0 0.7780351679998542
479625.0 0.7764190003639624
479625.0 0.77748229812987
479625.0 0.7813332003065908
479625.0 0.7820052778711937
479625.0 0.7810459969364806
479625.0 0.7749565902088814
806745.0 0.1434417894137074
479625.0 0.7804204323517733
479625.0 0.7786207205048109
806745.0 0.14834834016673706
479625.0 0.7834514018832287
806745.0 0.14460235119123055
479625.0 0.7770684780424008
806745.0 0.1493049266439964
806745.0 0.14997569291856988
479625.0 0.7829594819392699
479625.0 0.7800446894990184
479625.0 0.7754042614903754
479625.0 0.7796145170852431
806745.0 0.15034972132333912
479625.0 0.7822597375408425
806745.0 0.14769631290293644
806745.0 0.14500472455884286
479625.0 0.7833072481613598
806745.0 0.14881772657687387
806745.0 0.14259703160043666
806745.0 0.14272689517828938
806745.0 0.15055778907831402
806745.0 0.14460736820213052
806745.0 0.14808429424899625
479625.0 0.7767791328562829
479625.0 0.7825547184914753
479625.0 0.7802500422434839
806745.0 0.1499924355057832
806745.0 0.14755394298250166
806745.0 0.14602927444905867
479625.0 0.7794463204239434
479625.0 0.7826443553827145
479625.0 0.7790647300453435
806745.0 0.1454432069041022
479625.0 0.7792794515844792
806745.0 0.14300877882896562
806745.0 0.14882254801026085
806745.0 0.14808429424899625
479625.0 0.7766049870089171
806745.0 0.14908420996043983
806745.0 0.14510868383946934
479625.0 0.7788495285470171
479625.0 0.7788248681963551
806745.0 0.15075584273502696
806745.0 0.14529499629078002
806745.0 0.14558873411475168
806745.0 0.1458530937142662
806745.0 0.14524530245071687
806745.0 0.14579020251833946
806745.0 0.14598029695618622
479625.0 0.7766819085750377
806745.0 0.1456695406518191
806745.0 0.14755394298250166
479625.0 0.7791570958413827
479625.0 0.7835018863691146
806745.0 0.14922633755538642
479625.0 0.7791461483652253
806745.0 0.1491838625560263
479625.0 0.7826437250794023
806745.0 0.14301305727686228
806745.0 0.14563844737282416
806745.0 0.1492762965023591
806745.0 0.1490851173793145
806745.0 0.14913465229062808
806745.0 0.14913465229062808
806745.0 0.14913465229062808
806745.0 0.14913465229062808
806745.0 0.14913465229062808
806745.0 0.14913465229062808
806745.0 0.14913465229062808
806745.0 0.14913465229062808
806745.0 0.14913465229062808
475143.0 0.8293120552696843
811131.0 0.1432454517490895
535221.0 0.6424573135595074
573234.0 0.6292316167313894
688686.0 0.415470818923926
673092.0 0.4431390561289454
642336.0 0.5391145409474852
657723.0 0.45327548333312034
707469.0 0.39673502155385193
579177.0 0.6093329286773346
598614.0 0.6029519722452952
633009.0 0.5623204103838866
526383.0 0.6664301799670408
603477.0 0.5901825395666621
764361.0 0.17805983266495176
496827.0 0.7276834895636458
621825.0 0.5825659720661877
509244.0 0.7109412021892515
653688.0 0.5177587012908841
753669.0 0.1880919958376147
656202.0 0.49286995165586983
738717.0 0.24062559710862508
521574.0 0.6828044093568795
774879.0 0.17493480379594728
715599.0 0.3905572648086508
626898.0 0.5760553493468176
749163.0 0.23750494502183564
781671.0 0.17200092280355822
491451.0 0.7310603644925983
481593.0 0.7702597357036839
519996.0 0.6969099531368171
487779.0 0.741174865826526
475269.0 0.8082711700973991
725736.0 0.29218405107982093
719823.0 0.3470221621580749
796872.0 0.15918155703531767
515340.0 0.7004530395730456
719883.0 0.3268152451233664
718581.0 0.38468332258003
752955.0 0.20344734625674732
719565.0 0.36756233815303085
510387.0 0.7021257205899659
487434.0 0.7526264672383952
654360.0 0.5117480461101938
483909.0 0.761863530417069
789261.0 0.17152179551261937
802365.0 0.1565526113184194
734925.0 0.2695073674355611
479625.0 0.7838281502118157
719883.0 0.31654963989392654
477282.0 0.8042803511245565
655503.0 0.49936453025184113
734925.0 0.25591772775395083
624630.0 0.5786070119877789
723669.0 0.30193267363232995
732252.0 0.2902703540352989
477282.0 0.790988060801123
723669.0 0.30917026337886105
723684.0 0.300628196323033
483909.0 0.7555598048914687
752955.0 0.2104680132476385
732579.0 0.28339382844992234
719883.0 0.33334703941041344
719421.0 0.3738525209807057
752955.0 0.2244302733235672
793170.0 0.16701716327053107
751971.0 0.22968806545923445
790389.0 0.17004131057590485
734925.0 0.25770721965318844
734925.0 0.27614273493935215
793170.0 0.1640231836935706
752955.0 0.21670146092963938
477282.0 0.7895060425692343
808938.0 0.15038944384851294
477501.0 0.7861817426610573
734925.0 0.26278634599691225
719883.0 0.33974456782369317
810873.0 0.1500157567458919
655866.0 0.49756875180315346
751971.0 0.23457821284152874
804705.0 0.15612715951738787
719823.0 0.3415172529011107
734925.0 0.2738795324368252
719565.0 0.37016856892992783
752955.0 0.21666476587337083
751971.0 0.22826135455879598
805107.0 0.15460571362757508
732579.0 0.28607410443273223
792468.0 0.1673987311647905
732279.0 0.28961404776980515
806745.0 0.15156854870588135
810717.0 0.15033807880318228
479625.0 0.7840481721013248
792468.0 0.167729864840931
719421.0 0.37359083442810437
734925.0 0.26124159757323473
806745.0 0.15270720587266465
732579.0 0.2843565858696422
734925.0 0.2613221662299195
751971.0 0.22951565724871398
751971.0 0.22841756278902106
479625.0 0.7850546484080364
479625.0 0.785475379897311
479625.0 0.7843562948235516
479625.0 0.7860155399214844
806745.0 0.15456552662083017
806745.0 0.15215794297189766
806745.0 0.15411177986653937
806745.0 0.1526088053104625
806745.0 0.1507917240606209
806745.0 0.15353288694912698
806745.0 0.1516660880085085
806745.0 0.15382526423540738
806745.0 0.15320067313953167
806745.0 0.15191106937565033
806745.0 0.15104624310606138
806745.0 0.1511158494848721
806745.0 0.15131097845070843
806745.0 0.15082108954936313
806745.0 0.1529616042358512
806745.0 0.15279233787920246
479625.0 0.7841776620658112
479625.0 0.7842442964200713
806745.0 0.15199580088442788
806745.0 0.15213347938429944
806745.0 0.15294851946888482
806745.0 0.1513705653785242
806745.0 0.15146279735308035
479625.0 0.7840523385252671
806745.0 0.15341548781146472
479625.0 0.7839415404465913
806745.0 0.15389495236124115
806745.0 0.1533651908600798
479625.0 0.7839500413203727
806745.0 0.15150196631873514
806745.0 0.15261079259954846
806745.0 0.15403494868967452
806745.0 0.15328731059517198
806745.0 0.1519676253293192
806745.0 0.15397272052462946
806745.0 0.15328893434546312
806745.0 0.15386461333026435
806745.0 0.15397961144279176
806745.0 0.15406912229008088
806745.0 0.15339630307406882
806745.0 0.15409348801792128
806745.0 0.15340837558840525
806745.0 0.15295065264841617
819741.0 0.144788334781675
475449.0 0.8245855572863886
581016.0 0.6113682375194223
621492.0 0.5998135538521244
676674.0 0.4484980909176496
688809.0 0.4239660156576365
568668.0 0.6432686097493109
529062.0 0.6775385060146389
656772.0 0.5186498879358535
658734.0 0.49589963198015524
542391.0 0.6438174457403355
524730.0 0.6907637276705708
541200.0 0.6563546014568474
513294.0 0.7053044107306063
647994.0 0.539745716246541
658980.0 0.4601156587707283
705231.0 0.41641601186736116
696576.0 0.41670852269612435
667560.0 0.4556366090888579
622032.0 0.5828586864401074
578562.0 0.6352766760961526
781467.0 0.17539552247805099
630987.0 0.5789070925150693
760269.0 0.20116855039961606
764361.0 0.1920550956743162
756963.0 0.20981408486732508
644499.0 0.5438603090054335
736497.0 0.2751031456377668
790593.0 0.17133962910003217
716103.0 0.4140025174004198
741165.0 0.24152458379022193
739596.0 0.25539125680656405
574593.0 0.6377703809342116
775737.0 0.17621131651577213
769149.0 0.1868967692613889
642393.0 0.5596485992297061
736497.0 0.26002120927919575
492471.0 0.7316327759332703
509307.0 0.7248226636759215
719883.0 0.3798235875025994
634926.0 0.5640887512262035
814971.0 0.15011929774906166
501540.0 0.7285586791482531
487890.0 0.7431499369552371
633978.0 0.5737324962460045
511662.0 0.7147458820036503
746781.0 0.24131880841309902
662223.0 0.459931410022082
720015.0 0.3494935426839267
475695.0 0.820239824150822
499581.0 0.7292878125864457
492267.0 0.7402426054365954
769149.0 0.17825471448744415
753669.0 0.2267107844230675
723669.0 0.3185880386764475
485301.0 0.7661856782468478
487731.0 0.7541996816409321
640554.0 0.5626329152476318
720519.0 0.3276142871820501
753669.0 0.2196974470011135
481965.0 0.7728408324090289
751971.0 0.23900964193779953
478329.0 0.7931288631384875
734154.0 0.2853748029225699
723789.0 0.3053499758206671
798393.0 0.16430708774393932
477390.0 0.8073096764070927
720519.0 0.3360418719268215
717690.0 0.4020391749619327
477432.0 0.8065963988775005
720015.0 0.36491298263407534
752955.0 0.23328142322921339
719883.0 0.36500508887180133
810747.0 0.15072227705893373
794022.0 0.1645420876843476
541659.0 0.6500904081312785
801033.0 0.16118432218070197
509541.0 0.7198814622194007
732579.0 0.2897636272627
720015.0 0.3435822648288504
727791.0 0.29491506344961926
792540.0 0.16766844943491663
718725.0 0.39570223295750273
481641.0 0.7774666374989629
719565.0 0.38908047473097657
807990.0 0.1513003887155466
487434.0 0.7614339356582659
717690.0 0.4088782287387436
479625.0 0.7863474052907108
725706.0 0.30087131960574537
486336.0 0.7617930058720875
727791.0 0.30011533452868566
718725.0 0.3902900627621066
724209.0 0.30204854758579247
802389.0 0.15737972872161196
804861.0 0.15657430194071398
733440.0 0.28669094424662395
723669.0 0.32346055575755994
717690.0 0.4119044898845817
732579.0 0.2917924273054171
802953.0 0.15678233363835253
481665.0 0.7771987781874605
727791.0 0.29626269424910756
723669.0 0.3204389088159636
751971.0 0.24090413033484528
479625.0 0.7909732378146855
806745.0 0.1547859161758816
806745.0 0.15462990928364342
479625.0 0.787985943164641
806745.0 0.1556215539821324
723669.0 0.3190908470387421
479625.0 0.7907271442546784
479625.0 0.7873641554945808
479625.0 0.7885074390607024
479625.0 0.7901418259088566
479625.0 0.789959447069959
479625.0 0.7878994198417331
479625.0 0.7865120251691561
479625.0 0.7880595379742477
479625.0 0.7915373138847926
479625.0 0.7895046591764793
806745.0 0.15596606707024813
479625.0 0.7886875313800785
479625.0 0.7926222092118003
479625.0 0.7911819334387444
479625.0 0.7920770197144035
479625.0 0.7868814731825933
806745.0 0.15538644590895564
479625.0 0.7919177869913412
479625.0 0.7889253120034042
479625.0 0.7890441996592616
479625.0 0.7923229351557151
479625.0 0.7924046732416443
806745.0 0.15624794976092596
806745.0 0.1550484007535364
806745.0 0.15496024870917133
479625.0 0.7892713401494473
479625.0 0.7909660861191958
479625.0 0.7930099653843831
806745.0 0.15562000570654197
479625.0 0.7872147534057768
479625.0 0.791705530724096
806745.0 0.155770553861666
479625.0 0.7911297595709215
479625.0 0.7928200947850758
806745.0 0.15523008561639426
479625.0 0.7928200947850758
479625.0 0.7901048947719764
479625.0 0.7916904667422487
479625.0 0.7893436913727325
479625.0 0.7894673960729043
806745.0 0.1552390480852736
479625.0 0.7909815269660934
806745.0 0.15575572386831088
479625.0 0.7871343020767925
479625.0 0.7870725630621658
479625.0 0.7930586834908455
806745.0 0.15633418800028442
806745.0 0.15643909084192173
806745.0 0.15636633236215547
806745.0 0.15476226792797196
479625.0 0.786897513650178
806745.0 0.1546819871786393
479625.0 0.7869851594656875
806745.0 0.1565253452229404
479625.0 0.7869981696859935
479625.0 0.78795341242684
806745.0 0.15647708761671264
806745.0 0.156248269490658
479625.0 0.7893000123670011
806745.0 0.15465860603568318
479625.0 0.7909778113522729
479625.0 0.7928200947850758
815445.0 0.15397289758039465
477264.0 0.8232494686464505
611520.0 0.611995579594962
554052.0 0.6477587678542823
628380.0 0.5911628994328981
579372.0 0.6422862218182739
584040.0 0.6133822919035389
669261.0 0.46340918708692147
659790.0 0.483346313006442
633711.0 0.5815310644424663
659583.0 0.5324274130869474
693435.0 0.4356684529029722
524952.0 0.6986156000663619
705543.0 0.4228936539991406
754281.0 0.22440769166380053
682386.0 0.44976855509833863
515340.0 0.7057135544743277
713490.0 0.4182603864970277
543807.0 0.6573335206188262
640638.0 0.5647422732818431
679113.0 0.45169317938062997
663132.0 0.482058203231484
649455.0 0.540705574768322
694206.0 0.42533070987542937
532626.0 0.6931476492613899
504045.0 0.7332993234560864
758514.0 0.2122701071625435
724101.0 0.3134910881751509
778911.0 0.17959974249033922
509595.0 0.7247366396301136
646797.0 0.5492440267459375
514320.0 0.7218874061987686
581412.0 0.6354819827381746
738717.0 0.26463495453341324
535221.0 0.6824655648022372
542142.0 0.665699587558195
657495.0 0.5331523515673005
643491.0 0.559915066026113
584040.0 0.6223581364247337
769857.0 0.1885127590932912
774879.0 0.18089822484928145
717825.0 0.405668787960156
738456.0 0.27908796061758495
728994.0 0.3008177173095337
723669.0 0.3370405657940657
789261.0 0.17722336286874893
720537.0 0.3627647654647064
482667.0 0.7739563521100572
745275.0 0.24206247137994236
497703.0 0.7350821303723417
796401.0 0.16609026911234162
741393.0 0.2558108147505172
725658.0 0.308575428474385
723597.0 0.35208184179458973
720015.0 0.3855932307496719
477513.0 0.8113105474882605
481974.0 0.7867386107246515
763683.0 0.20200474349565256
541467.0 0.6809137597753907
812997.0 0.15442964255366617
754281.0 0.23914898240990623
479289.0 0.7987362864960392
731751.0 0.29560333189022275
807381.0 0.15531761456350632
802305.0 0.16266744163301372
736497.0 0.2855120821684136
720015.0 0.37147746886639194
493983.0 0.7361098018423603
488337.0 0.7512678333261569
541200.0 0.681431545581846
769149.0 0.19713074094672386
488349.0 0.7452174036855352
485403.0 0.7701353841729969
491514.0 0.7439664609832327
488247.0 0.7596151960298229
493539.0 0.742113366869854
477432.0 0.8147279044937389
790677.0 0.1739569212825931
723669.0 0.34677664665109975
805941.0 0.15664057320011768
763683.0 0.21050220785718185
754281.0 0.24162047747634788
794022.0 0.17201636607651852
736107.0 0.2898973559541662
794073.0 0.16883849323927538
764361.0 0.20149614797285278
802908.0 0.15833976020133836
487434.0 0.7626531539395085
769149.0 0.19672388608835525
734493.0 0.2946148646855335
481581.0 0.7906992453840808
720081.0 0.36888496396447995
745275.0 0.24192826438826825
745275.0 0.24887296415076696
734493.0 0.2924444055865063
723669.0 0.34001099873133683
718725.0 0.40256834031374883
487434.0 0.7672275436368601
720015.0 0.39241781011320215
745275.0 0.2552285848758694
745275.0 0.24731142733927905
480273.0 0.7919480774267037
789261.0 0.1758849225071053
719565.0 0.39936953168540423
769149.0 0.2008587986424615
659556.0 0.5326866418978773
487434.0 0.7643575767938756
719565.0 0.39641120752539516
719565.0 0.3949104583311956
719421.0 0.4010416439025414
802443.0 0.15960843932571514
802365.0 0.1618335987863959
487434.0 0.769836955806303
720015.0 0.3702117875068901
720015.0 0.3926410313444685
723669.0 0.33771483705797734
802665.0 0.1590419271241885
794022.0 0.17320573396886602
764361.0 0.20196758394396955
719421.0 0.40172434190630135
723669.0 0.33855730402355605
723669.0 0.3394703178202625
479619.0 0.7983439366199949
479625.0 0.7935046091793397
479625.0 0.793187214896825
769149.0 0.2009095626234802
479625.0 0.7950446796303599
479625.0 0.7944560093475432
479625.0 0.7971693757141165
479625.0 0.7954272849242895
479625.0 0.7968294004700979
479625.0 0.798037162345533
479625.0 0.7940808968323975
479625.0 0.7937801172493093
479625.0 0.7979553162564123
479625.0 0.7954580688223768
479625.0 0.797652808160466
479625.0 0.796062739773471
479625.0 0.7958844370770248
479625.0 0.7957487829589182
479625.0 0.7941823396499113
479625.0 0.79651660068893
479625.0 0.7948019622078575
479625.0 0.797482619345339
479625.0 0.7935941124067939
479625.0 0.796401377437733
479625.0 0.7962197517469096
479625.0 0.7966999377694689
479625.0 0.794645557555866
479625.0 0.7973402631467098
479625.0 0.7937467239766077
479625.0 0.7933349872063301
479625.0 0.7934665123403898
479625.0 0.796190792043655
479625.0 0.7957572290038709
479625.0 0.7947843722277456
479625.0 0.7975991324339967
479625.0 0.796430358563176
479625.0 0.7946833953252612
479625.0 0.7932453832105913
479625.0 0.7972550033890199
479625.0 0.7932830717232742
479625.0 0.7935124837086706
479625.0 0.7967171453503645
479625.0 0.797979457967164
479625.0 0.7972891995973643
479625.0 0.7967888059354808
479625.0 0.7941695725196042
479625.0 0.7976481669178218
479625.0 0.7975991324339967
479625.0 0.7941232148544343
479625.0 0.7941232148544343
479625.0 0.7967888059354808
479625.0 0.7972643688572967
479625.0 0.7946543053139795
479625.0 0.7946766252859675
479625.0 0.7961999838675119
479625.0 0.7954411935822915
479625.0 0.7954360299085688
479625.0 0.7976481669178218
479625.0 0.7976481669178218
818535.0 0.15521109011974277
477495.0 0.8484574873796412
620739.0 0.6122333181782575
585447.0 0.6146751104536817
699159.0 0.43258065980403615
671337.0 0.46545799820697403
655020.0 0.5519258863333417
682734.0 0.4534171407098898
660405.0 0.5054769575817921
582549.0 0.6394160607862508
661752.0 0.4989180628107979
543807.0 0.668281017731167
554892.0 0.656863676884748
516192.0 0.7060761933473051
629490.0 0.6116494135740199
635868.0 0.5858361188004374
566703.0 0.6525534142029266
511602.0 0.7248501988155239
530331.0 0.7053802124508272
477501.0 0.8157120372443495
541476.0 0.6882867838791822
709656.0 0.4290367240112807
680103.0 0.4611000070911335
786765.0 0.18096077151792683
479715.0 0.7935101762964213
584997.0 0.6240781289049556
483687.0 0.7759024124856055
746781.0 0.2621929238442291
766191.0 0.20338506449238347
565869.0 0.6552111269299618
496212.0 0.7417940275951374
536991.0 0.6929807139403862
534423.0 0.7000213859324669
808740.0 0.15550107780895037
719883.0 0.39495404820883123
720519.0 0.387203735365489
776646.0 0.18502891309620792
724239.0 0.3350163724774654
778695.0 0.18392704008095845
640860.0 0.5799178027500368
487890.0 0.7629518412501651
754431.0 0.24341309941063388
723789.0 0.34940337199837923
796488.0 0.16635657851319782
739539.0 0.2859426236511971
508167.0 0.7333835990414306
770505.0 0.19235095769783458
802569.0 0.1606814980375929
721023.0 0.37204966720867
770412.0 0.19305633473819975
736290.0 0.2925865988688708
647754.0 0.570150379436477
719421.0 0.41681212100653137
502044.0 0.7384438951169202
755742.0 0.2300039139790212
740316.0 0.2791257784433725
717690.0 0.42724860897524913
727533.0 0.31014949969149597
719565.0 0.4105198712170731
491730.0 0.7524153228765733
487434.0 0.7739103693350299
791490.0 0.17682488433378776
746781.0 0.24910440101845932
649914.0 0.5686091302596513
652017.0 0.5601148545744038
754431.0 0.23664829591255968
757869.0 0.22516272624051897
642639.0 0.5733101776780531
489528.0 0.754323879530115
725706.0 0.31796340223384606
760269.0 0.22319755560034465
505827.0 0.7341199812320321
714711.0 0.4286466738445015
723669.0 0.3564584916359436
491730.0 0.744831416007666
760269.0 0.2156798424984333
725706.0 0.32102066139976365
651021.0 0.5601522075319794
745017.0 0.2664595773137927
741009.0 0.2689630543197358
729846.0 0.30848443290439737
502359.0 0.7356547308392167
762267.0 0.21368199478179684
722658.0 0.3638657265810089
796113.0 0.16988135176868285
740520.0 0.2696530238048639
729846.0 0.3028902933774728
735627.0 0.29754093556236894
642372.0 0.5745219914680685
722658.0 0.3713968001694095
765372.0 0.2114154863926213
485709.0 0.7753576770766476
723597.0 0.3627967485288597
794715.0 0.17466192442322143
804486.0 0.1587102835476883
746781.0 0.24551323238977232
732252.0 0.30283064332171017
716103.0 0.4281130310415486
725706.0 0.3282747958220044
792468.0 0.1757792250686837
479619.0 0.8127392072006308
733215.0 0.3019594190560969
725706.0 0.32844266196061633
719421.0 0.4116896730105684
764967.0 0.21330587413061142
490182.0 0.7528330988611067
802953.0 0.15931165045876705
794421.0 0.17544770167563845
745275.0 0.2647034461193793
734016.0 0.2995310410379361
734493.0 0.29918050332939594
479625.0 0.7983637230653254
806745.0 0.15801687495791988
806745.0 0.15739116268566647
745275.0 0.2625548083678049
764967.0 0.21272488845310597
745251.0 0.2650182000478795
765351.0 0.21170950377266118
746781.0 0.24404998864047417
806745.0 0.1566686320352277
479625.0 0.80211930395971
479625.0 0.7984088497151559
479625.0 0.7990302018836022
479625.0 0.8117745317188462
479625.0 0.8046036832702554
479625.0 0.8078112732373932
479625.0 0.8040574625542881
806745.0 0.15679849155647085
479625.0 0.8036544088707293
479625.0 0.8015263030066025
479625.0 0.8122546377061501
479625.0 0.8049389306114544
479625.0 0.8010609000278577
479625.0 0.8081319828406563
479625.0 0.8032193702055859
479625.0 0.7999907216423904
806745.0 0.15721325765158098
479625.0 0.8023962976172643
479625.0 0.8061796538656644
479625.0 0.8071833201049461
479625.0 0.8086262020532107
479625.0 0.811315313000112
479625.0 0.8103411811978946
479625.0 0.7993674332280357
479625.0 0.7997439741580786
479625.0 0.8082973277723113
479625.0 0.7990453463247634
479625.0 0.8100298951075463
479625.0 0.8115938037979842
479625.0 0.80461960502287
479625.0 0.8074252542321699
806745.0 0.15781164652786153
479625.0 0.8050919346499287
479625.0 0.8094671481015917
479625.0 0.8126812133532014
479625.0 0.8075707280733236
479625.0 0.8109758448341072
479625.0 0.8064308192802625
479625.0 0.8059319232373143
479625.0 0.8090996190503851
479625.0 0.8017013431929872
479625.0 0.8089343851403744
479625.0 0.8124060957515643
479625.0 0.8009770945805315
479625.0 0.8066563513901477
479625.0 0.8018921174608021
479625.0 0.8107353530406992
806745.0 0.15842902341117687
479625.0 0.8092649394200891
479625.0 0.8108049677399607
479625.0 0.8052503166946684
479625.0 0.8002396779425346
479625.0 0.8007635997933897
479625.0 0.8005350912120223
479625.0 0.803861801631732
479625.0 0.8004485066299484
479625.0 0.8110945813401282
479625.0 0.8001742337787443
479625.0 0.8095698770050797
479625.0 0.8112019662178782
479625.0 0.8029539757576477
806745.0 0.15744891748073037
479625.0 0.7994102999718602
479625.0 0.8025619931325861
479625.0 0.8103932413491345
479625.0 0.8027483131845401
479625.0 0.8007930665410671
479625.0 0.8097769130573901
479625.0 0.8054619379091397
479625.0 0.8063402693841524
479625.0 0.8040336790475592
479625.0 0.8055455542144757
806745.0 0.15761092223692824
806745.0 0.15825981099861414
479625.0 0.8099563250375607
479625.0 0.8086899799285587
479625.0 0.8116508327387684
479625.0 0.810554822007184
479625.0 0.8027839832752879
479625.0 0.7995830314525576
479625.0 0.8058451583557248
806745.0 0.15733657594962042
479625.0 0.8096887796441196
479625.0 0.8025345363857906
479625.0 0.8082760343568466
479625.0 0.8092190458434432
479625.0 0.80185256051219
479625.0 0.807021301166909
479625.0 0.810554822007184
479625.0 0.8067933162494542
806745.0 0.15770074083065397
479625.0 0.8015696003756081
479625.0 0.8068910957194595
479625.0 0.7996390821902597
479625.0 0.807518025639712
479625.0 0.805722151549812
479625.0 0.8038037316933211
806745.0 0.15860696680963238
479625.0 0.8053525597273753
479625.0 0.808807577335501
806745.0 0.15819093343641297
479625.0 0.8056484698241446
479625.0 0.8088200131875811
806745.0 0.15722126629778535
479625.0 0.8070095923616211
806745.0 0.15850939222774804
479625.0 0.812351086994101
806745.0 0.1586683443198587
479625.0 0.805330933941602
479625.0 0.8031099216276815
479625.0 0.8066984690746273
806745.0 0.15810339825893668
479625.0 0.8068588263168232
806745.0 0.15853703539344127
479625.0 0.8037275141150022
479625.0 0.8122546377061501
479625.0 0.8031355160413649
806745.0 0.1581158858801029
479625.0 0.8058945748044226
479625.0 0.8031985491343998
479625.0 0.8010574407744715
479625.0 0.8030337910522632
479625.0 0.8030040907159804
479625.0 0.8037063416829628
479625.0 0.8100055721616276
479625.0 0.8097356762573528
479625.0 0.8005327261512906
806745.0 0.15824476728494757
479625.0 0.8004659866089845
806745.0 0.15765225411925454
479625.0 0.8002138143609816
479625.0 0.8063705591230005
479625.0 0.8127076533471542
479625.0 0.8056731255303493
479625.0 0.8099585839487299
479625.0 0.8057048100377018
479625.0 0.8123620474201915
479625.0 0.8124060957515643
479625.0 0.7995954949136013
479625.0 0.8066917022575045
806745.0 0.1576347208748281
479625.0 0.8097598042446014
479625.0 0.8018650970066635
479625.0 0.8027738758526707
479625.0 0.8063705591230005
479625.0 0.8030274663397479
479625.0 0.8007665122443792
479625.0 0.8040498223558746
479625.0 0.8015464018292396
479625.0 0.8015464018292396
479625.0 0.8004659866089845
479625.0 0.7995954949136013
479625.0 0.7995830314525576
479625.0 0.8070095923616211
479625.0 0.807021301166909
479625.0 0.8123612448865318
479625.0 0.807021301166909
479625.0 0.8070095923616211
479625.0 0.807021301166909
479625.0 0.807021301166909
479625.0 0.8070095923616211
479625.0 0.8070095923616211
479625.0 0.8070095923616211
