761769.0 0.2371949138464207
520812.0 0.8689567811931231
644574.0 0.43698667261426816
674637.0 0.4062129657573739
676557.0 0.37412190990479605
711153.0 0.3609608080758267
637032.0 0.5127263944927943
615024.0 0.554947522525753
732579.0 0.2530858339120715
579177.0 0.6093329286773346
757545.0 0.24918528440231077
598614.0 0.6029519722452952
539763.0 0.7174216224920636
725736.0 0.26375888721484164
529638.0 0.7877615054096004
634782.0 0.5522415702331119
606651.0 0.5871283405280994
573234.0 0.6292316167313894
537855.0 0.7545044386379681
534678.0 0.763048914340974
521271.0 0.839257842319823
552432.0 0.7145185755254427
523092.0 0.8047163785394694
715599.0 0.31256730924527193
715599.0 0.28429227417235664
568668.0 0.6432686097493109
523092.0 0.8206609163205504
603477.0 0.5901825395666621
554958.0 0.7036927501569766
566703.0 0.6525534142029266
636078.0 0.5267564448416042
635802.0 0.5393670566053337
558795.0 0.6702027358433962
563574.0 0.6613389850738158
555897.0 0.6874794970963445
715599.0 0.34381352950775135
715599.0 0.30516574144841474
557160.0 0.677496004401446
715599.0 0.3545594375910942
563574.0 0.6666211298004889
715599.0 0.33636152116096785
556584.0 0.6842709730681613
715599.0 0.3227106174429432
715599.0 0.3281167599352725
715599.0 0.34290165357768365
715599.0 0.3062831911992288
715599.0 0.32541798880704986
766155.0 0.24790356418990242
766155.0 0.24840281876174491
522234.0 0.8777802886655766
617802.0 0.5706146127409196
581016.0 0.6113682375194223
686313.0 0.39301136488285354
653091.0 0.4495531008491905
676248.0 0.43254812482437643
645369.0 0.4986377719856139
711303.0 0.387212232171918
668694.0 0.4393211665243127
627033.0 0.5556522349873382
739596.0 0.25539125680656405
556068.0 0.6915621061411722
573234.0 0.6527487695225216
525603.0 0.8426895641489928
757545.0 0.254647422457148
731913.0 0.2645507442875722
524868.0 0.8554463072268813
551580.0 0.7179969761661397
578562.0 0.6352766760961526
719883.0 0.29919595696723117
639444.0 0.5535029690359297
543438.0 0.735246710562359
551190.0 0.7220583349981327
525603.0 0.8101615315935911
728493.0 0.2862797576166354
526803.0 0.8072178262065792
643953.0 0.5154156519242549
641952.0 0.5352678260921699
534708.0 0.7998382749169948
574593.0 0.6377703809342116
736497.0 0.26002120927919575
757545.0 0.25436012498083066
564474.0 0.6674565173089472
539007.0 0.7667716593485472
560334.0 0.6874263885816779
719421.0 0.3407439038962362
642639.0 0.5236566532395984
727791.0 0.28846479618987336
639681.0 0.548065575238804
539676.0 0.7551303928074762
537747.0 0.776815284507859
540576.0 0.7464056127192542
719421.0 0.355296849324669
715599.0 0.37686871424323176
560334.0 0.6764024622401339
534996.0 0.7921854769847935
542604.0 0.7388618015897794
719883.0 0.311231864518811
715599.0 0.36617555180947425
719883.0 0.3268152451233664
564474.0 0.6635230158798164
719883.0 0.31654963989392654
534996.0 0.780265922920885
719883.0 0.33334703941041344
563718.0 0.674533764161303
715599.0 0.36284416938483405
719883.0 0.28889713505934206
715599.0 0.37032357926922504
715599.0 0.38225771887390975
719883.0 0.33974456782369317
534996.0 0.7964534391877328
564474.0 0.668720842344881
564474.0 0.6742791729001149
534996.0 0.7937071724848677
564474.0 0.6743749988951833
525828.0 0.8847959540558882
769263.0 0.24981177629790885
688686.0 0.415470818923926
673092.0 0.4431390561289454
611520.0 0.611995579594962
642336.0 0.5391145409474852
707469.0 0.39673502155385193
657723.0 0.45327548333312034
584040.0 0.6223581364247337
741393.0 0.2558108147505172
633009.0 0.5623204103838866
653688.0 0.5177587012908841
621492.0 0.5998135538521244
656202.0 0.49286995165586983
538026.0 0.7948722438154171
540576.0 0.7655554045922189
715599.0 0.3905572648086508
626898.0 0.5760553493468176
526224.0 0.8530293012215698
526224.0 0.8692931453999411
575319.0 0.6581637501305921
736497.0 0.2751031456377668
581412.0 0.6354819827381746
526224.0 0.8359069839003219
529638.0 0.815034016279417
526842.0 0.8229181278944219
621825.0 0.5825659720661877
579372.0 0.6422862218182739
725736.0 0.29218405107982093
568746.0 0.6637088855752624
719823.0 0.3470221621580749
718581.0 0.38468332258003
579003.0 0.6577370561646678
562281.0 0.6909198982314507
719565.0 0.36756233815303085
654360.0 0.5117480461101938
720519.0 0.3360418719268215
564330.0 0.6778084780473975
543606.0 0.7571907498813293
552432.0 0.720924319484339
624630.0 0.5786070119877789
732252.0 0.2902703540352989
732579.0 0.28339382844992234
655503.0 0.49936453025184113
741009.0 0.2689630543197358
556584.0 0.7161812638331915
566865.0 0.6693188569709748
551580.0 0.7423207966739658
740553.0 0.2716736309995098
547356.0 0.7507524723796538
584040.0 0.6133822919035389
723669.0 0.30917026337886105
723669.0 0.30193267363232995
551580.0 0.7288309982916241
556086.0 0.7200167138768925
557523.0 0.7057180063998078
725706.0 0.30087131960574537
534996.0 0.8083546286207227
560241.0 0.7009217946274005
720519.0 0.3276142871820501
547470.0 0.7495152094858601
719421.0 0.3738525209807057
719823.0 0.3415172529011107
564474.0 0.6752174889254597
535788.0 0.7969358365951735
541257.0 0.7615449146131033
568044.0 0.6665286261320212
543072.0 0.760183605753396
560862.0 0.6935556253070219
723669.0 0.3185880386764475
551580.0 0.7345344117240732
557910.0 0.7041797663476087
560430.0 0.6962139337094773
655866.0 0.49756875180315346
534996.0 0.8004248710007165
534996.0 0.8078943361417191
551580.0 0.7385199815311535
723669.0 0.32346055575755994
723669.0 0.3190908470387421
719565.0 0.37016856892992783
535038.0 0.7995896085607445
732579.0 0.28607410443273223
732279.0 0.28961404776980515
723669.0 0.3204389088159636
551580.0 0.7457977288751352
719421.0 0.37359083442810437
534996.0 0.8116500858713707
732579.0 0.2843565858696422
534996.0 0.8084739991779978
564468.0 0.6756267594854418
557910.0 0.704317933148105
551580.0 0.7479700958340244
534996.0 0.8134211893088872
534996.0 0.8133022123389658
551580.0 0.7471209602077413
551580.0 0.7466042405117814
534996.0 0.8121287583751253
534996.0 0.8120190518976624
526434.0 0.8594266980072371
763650.0 0.255977334517669
620739.0 0.6122333181782575
585447.0 0.6146751104536817
676674.0 0.4484980909176496
688809.0 0.4239660156576365
656772.0 0.5186498879358535
658734.0 0.49589963198015524
622032.0 0.5828586864401074
647994.0 0.539745716246541
705231.0 0.41641601186736116
696576.0 0.41670852269612435
667560.0 0.4556366090888579
569406.0 0.6641379567603071
658980.0 0.4601156587707283
581205.0 0.6605928150012302
540615.0 0.7724391668017706
630987.0 0.5789070925150693
745017.0 0.2664595773137927
582549.0 0.6394160607862508
539676.0 0.7959709942681059
724101.0 0.3134910881751509
716103.0 0.4140025174004198
644499.0 0.5438603090054335
755421.0 0.26493855325375953
723669.0 0.3370405657940657
526848.0 0.8229433760353542
584997.0 0.6240781289049556
642393.0 0.5596485992297061
634926.0 0.5640887512262035
526602.0 0.8400768187184601
662223.0 0.459931410022082
530982.0 0.8183980035960781
543018.0 0.7647811466319709
736497.0 0.2855120821684136
633978.0 0.5737324962460045
581619.0 0.6536469973520244
719883.0 0.3798235875025994
640554.0 0.5626329152476318
724209.0 0.30204854758579247
556686.0 0.7165784647016616
720015.0 0.3494935426839267
744189.0 0.27533731336790596
568686.0 0.6745045712315842
526590.0 0.8500004506745176
535320.0 0.8038210789236313
740316.0 0.2791257784433725
555081.0 0.7322892924922536
537288.0 0.8016253396184223
547086.0 0.7635595560163332
720015.0 0.3435822648288504
727791.0 0.30011533452868566
562218.0 0.7007990489312625
732579.0 0.2897636272627
717690.0 0.4020391749619327
757545.0 0.2593339435703987
719883.0 0.36500508887180133
560280.0 0.7102712119229837
720015.0 0.36491298263407534
551820.0 0.7357384038334902
566253.0 0.6763839661547275
551652.0 0.7389083266734869
718725.0 0.39570223295750273
733440.0 0.28669094424662395
740553.0 0.27651623535286424
727791.0 0.29491506344961926
560718.0 0.7029707840885527
719565.0 0.38908047473097657
555762.0 0.7265032537022424
717690.0 0.4088782287387436
534996.0 0.8153295149298805
556038.0 0.7214780955755629
547968.0 0.7584768882068186
564354.0 0.6945712675154643
551580.0 0.7500703522569319
549633.0 0.7529633593434747
534996.0 0.8179899446952114
549390.0 0.7572839952313051
718725.0 0.3902900627621066
560460.0 0.7098284707425163
732579.0 0.2917924273054171
757383.0 0.2640053860782243
551355.0 0.7513731537787761
723669.0 0.34001099873133683
727791.0 0.29626269424910756
717690.0 0.4119044898845817
564474.0 0.6800734554691061
757545.0 0.2584581899766527
757545.0 0.26259706537265926
757545.0 0.25975766947261386
564474.0 0.6788784373225609
564474.0 0.682229268166955
564474.0 0.680425269996914
564474.0 0.6857239605862996
564474.0 0.6829214056286264
723669.0 0.33855730402355605
564474.0 0.6887322832898881
564474.0 0.6912313477668168
723669.0 0.33771483705797734
723669.0 0.3394703178202625
564474.0 0.6901584093787754
534996.0 0.8166040257977331
757545.0 0.2592230161010496
564474.0 0.683987308562379
564474.0 0.6879172137468363
564474.0 0.684695241583179
534996.0 0.8164052478929497
534996.0 0.8177218588070914
564474.0 0.6799147620075567
534996.0 0.8162789485346529
757545.0 0.2634490763537059
564474.0 0.689624570142518
564474.0 0.6789389852479076
564474.0 0.6876075017115751
564474.0 0.6867481821049649
564474.0 0.6864927716910016
551580.0 0.7506384088250124
564474.0 0.6935111598880596
560370.0 0.709941566088851
564474.0 0.693103975937428
564474.0 0.6918593288932444
551580.0 0.7501026430827785
564474.0 0.6940179898147978
560298.0 0.7101722581441886
564474.0 0.6945390816859174
551580.0 0.7512534882244674
757545.0 0.262954898113124
564474.0 0.692794165811284
564474.0 0.6923073833468457
564474.0 0.6923546776538486
564474.0 0.6917094910372856
564474.0 0.6939383224638457
564474.0 0.6841839917641821
757545.0 0.25972794141171535
534996.0 0.8181336993578696
564474.0 0.6899097560418208
551580.0 0.7509797987970511
757545.0 0.2629273883514945
564474.0 0.6803326940875383
564474.0 0.6928714389490446
564474.0 0.6877842234474205
564474.0 0.6844131287823361
564474.0 0.6897688291526481
551580.0 0.7510178402469657
564474.0 0.6866366165910319
534996.0 0.8177788081729517
564474.0 0.6845203480566229
564474.0 0.6917122386178007
757545.0 0.2593299904366871
564474.0 0.6844757011561086
534996.0 0.8177499574331456
564474.0 0.6939785922371312
564474.0 0.6939683812651477
761298.0 0.2592407304347101
526560.0 0.8774865882400988
614121.0 0.6189733215016306
585447.0 0.6245394023658439
669261.0 0.46340918708692147
621231.0 0.6124733372124452
628380.0 0.5911628994328981
659790.0 0.483346313006442
633711.0 0.5815310644424663
705543.0 0.4228936539991406
693435.0 0.4356684529029722
682386.0 0.44976855509833863
659583.0 0.5324274130869474
713490.0 0.4182603864970277
679113.0 0.45169317938062997
640638.0 0.5647422732818431
663132.0 0.482058203231484
694206.0 0.42533070987542937
649455.0 0.540705574768322
728994.0 0.3008177173095337
528432.0 0.8437578026647908
646797.0 0.5492440267459375
657495.0 0.5331523515673005
745617.0 0.2668091786953392
570084.0 0.668251260227722
539058.0 0.8018552669275749
541116.0 0.7878295288532923
757545.0 0.26532155928119316
643491.0 0.559915066026113
577377.0 0.6682449418908338
583986.0 0.658053059142919
717825.0 0.405668787960156
541320.0 0.7747999558728829
581112.0 0.665737118155723
530814.0 0.8237819834788044
720537.0 0.3627647654647064
568332.0 0.6776998870016645
560583.0 0.7113516698644198
723597.0 0.35208184179458973
558381.0 0.7238288996814378
724521.0 0.3359207564980922
725706.0 0.31796340223384606
585447.0 0.6420174899472949
740553.0 0.28817707923367075
734493.0 0.2924444055865063
526602.0 0.861594247457386
720015.0 0.3855932307496719
744189.0 0.27917474982440293
734493.0 0.29918050332939594
585198.0 0.6468163452445775
535686.0 0.8133938168403653
723669.0 0.34677664665109975
548136.0 0.7618081500315279
555462.0 0.7372847485907694
725706.0 0.3282747958220044
743070.0 0.2866395340784071
545016.0 0.7692957638641161
555894.0 0.7286394477577276
720015.0 0.37147746886639194
547182.0 0.7674670841747718
560862.0 0.7049391849636997
564555.0 0.6793117766196045
553359.0 0.739396169913623
562281.0 0.70089232253254
527145.0 0.8523848122481514
551670.0 0.7474127170966968
745233.0 0.27137112168832306
535686.0 0.8067697549230756
551706.0 0.7411443227446189
556332.0 0.7240598564673404
533271.0 0.822409309098428
758043.0 0.25930863953573713
725706.0 0.32102066139976365
551580.0 0.7614206619136772
720081.0 0.36888496396447995
526602.0 0.8562475214014639
720015.0 0.39241781011320215
741117.0 0.28708642723555056
718725.0 0.40256834031374883
564504.0 0.6888169925394134
530964.0 0.8229935764342488
725706.0 0.32844266196061633
545016.0 0.7688970149248775
535116.0 0.8174533080991111
757581.0 0.2603628878476322
551580.0 0.7542642494005116
734493.0 0.2946148646855335
564474.0 0.6979751562452451
659556.0 0.5326866418978773
564474.0 0.6945878249014527
719565.0 0.39641120752539516
745431.0 0.2690776333899919
564546.0 0.6819494830676298
526848.0 0.8532384305738929
534996.0 0.8199078139752466
719565.0 0.39936953168540423
564528.0 0.6845981926897355
757545.0 0.26498128854828584
564510.0 0.686817371896101
719421.0 0.4010416439025414
719565.0 0.3949104583311956
720015.0 0.3702117875068901
720015.0 0.3926410313444685
534996.0 0.8188003916773342
551580.0 0.7593209630904291
719421.0 0.40172434190630135
534996.0 0.8207845843942513
551580.0 0.7603198207667797
551580.0 0.7558762966707484
551580.0 0.7549506793033771
551580.0 0.7583013276560898
534996.0 0.8219809208428006
551580.0 0.7580019928575249
564474.0 0.6974009368945836
757545.0 0.2659576225827679
534996.0 0.819623460412458
551580.0 0.7571684521168656
534996.0 0.8202611350373168
551580.0 0.7566232303192255
757545.0 0.2667484616454916
564474.0 0.6995420735115626
551580.0 0.7610159476084051
564474.0 0.7001718001949454
551580.0 0.7613346857266291
564474.0 0.6997417572446419
534996.0 0.8223088561045753
564474.0 0.6968680107473663
551580.0 0.7544444422525152
564474.0 0.6990304957281586
551580.0 0.756732813828891
757545.0 0.26556774756821416
564474.0 0.6958421278520469
551580.0 0.7570962481184257
757545.0 0.2652287364765694
757545.0 0.2657937625153617
564474.0 0.6951113350829983
564474.0 0.6954656337951748
564474.0 0.6960874513372257
564474.0 0.6987021425681654
534996.0 0.8220805772653882
551580.0 0.7610232258036035
564474.0 0.7005278214036991
564474.0 0.6947886886619145
564474.0 0.6982689986128522
534996.0 0.8197362459233828
564474.0 0.6985261196264719
564474.0 0.6961805485241807
564474.0 0.6988600289131315
564474.0 0.70073699308988
564474.0 0.6963496051789959
564474.0 0.7003790227700633
564474.0 0.6946756674662066
564474.0 0.6956414100313545
564474.0 0.6949790173596666
551580.0 0.7543911853364917
564474.0 0.6954658242218298
564474.0 0.6956414100313545
564474.0 0.6984228013875741
564474.0 0.6968368848814056
564474.0 0.7007609053544057
564474.0 0.6965395950168188
564474.0 0.7004247002092642
564474.0 0.6967062205505148
564474.0 0.6965699724337299
564474.0 0.6964213135612993
564474.0 0.6967094915307337
564474.0 0.698945226915
564474.0 0.698945226915
564474.0 0.6983267976138674
564474.0 0.6949790173596666
564474.0 0.6950599128025825
564474.0 0.6989962218854591
564474.0 0.6983545975090248
534996.0 0.8223683171664236
564474.0 0.6982689986128522
564474.0 0.6964040317607401
564474.0 0.6989500475310457
564474.0 0.7003799362989269
534996.0 0.8223747073967089
564474.0 0.6950599128025825
564474.0 0.6950903548857997
564474.0 0.6965699724337299
564474.0 0.6983499907457552
564474.0 0.6950903548857997
564474.0 0.6964067867517495
564474.0 0.6989500475310457
564474.0 0.6964067867517495
564474.0 0.698945226915
564474.0 0.6989500475310457
564474.0 0.6989500475310457
564474.0 0.6989500475310457
564474.0 0.6989500475310457
564474.0 0.6965699724337299
776592.0 0.25986756765716695
526920.0 0.8705514220400984
699159.0 0.43258065980403615
671337.0 0.46545799820697403
655020.0 0.5519258863333417
682734.0 0.4534171407098898
594339.0 0.6251129829795651
660405.0 0.5054769575817921
617442.0 0.623712356725295
661752.0 0.4989180628107979
635868.0 0.5858361188004374
629490.0 0.6116494135740199
709656.0 0.4290367240112807
680103.0 0.4611000070911335
572118.0 0.6732824995300786
556344.0 0.7243834448219869
589740.0 0.6469300963183172
594186.0 0.6387073860095266
626712.0 0.6150930827128455
619848.0 0.6199159620258358
766266.0 0.2599849946371077
547434.0 0.7679937486484977
553926.0 0.7395922929184796
528432.0 0.8527427581700051
640860.0 0.5799178027500368
725736.0 0.3332505448817062
577374.0 0.6696683542537726
543729.0 0.7776649693722318
765942.0 0.2636702370198538
720519.0 0.387203735365489
719883.0 0.39495404820883123
566823.0 0.6823671078417113
539541.0 0.8067674993856334
551820.0 0.7418141993254884
757749.0 0.26499731312108865
586386.0 0.6538369690997954
564474.0 0.7009035483468674
541257.0 0.792073824134968
647754.0 0.570150379436477
736290.0 0.2925865988688708
742653.0 0.292289942494847
750855.0 0.2681221199359141
560598.0 0.7193873201156517
536892.0 0.8099258097119293
721023.0 0.37204966720867
564798.0 0.6835094316880965
757545.0 0.26729689300229736
532341.0 0.8350644357668365
725736.0 0.31939733926146274
717690.0 0.42724860897524913
551736.0 0.7591069901182778
652017.0 0.5601148545744038
649914.0 0.5686091302596513
719565.0 0.4105198712170731
729846.0 0.3135292166948824
549387.0 0.7624112025713091
642639.0 0.5733101776780531
532548.0 0.8260530247665423
714711.0 0.4286466738445015
585447.0 0.6633736812114104
719421.0 0.41681212100653137
745431.0 0.27707046016554926
581619.0 0.666491752665754
744822.0 0.28630196948128794
735627.0 0.29754093556236894
530736.0 0.8524792334611371
536892.0 0.8236314790721453
745431.0 0.27196785958170255
651021.0 0.5601522075319794
581205.0 0.6687572740054842
561138.0 0.7086450154797544
543204.0 0.7839943631924803
748707.0 0.2713857511469308
722658.0 0.3713968001694095
560598.0 0.7129129974694525
585606.0 0.6597723523811206
562749.0 0.7046892484849536
744822.0 0.29125256400540145
725706.0 0.34663287109073715
530982.0 0.8421133802975312
642372.0 0.5745219914680685
729846.0 0.31162130461254123
722658.0 0.3638657265810089
719421.0 0.4116896730105684
530820.0 0.8438201232733287
723597.0 0.3627967485288597
537090.0 0.80702822266934
733215.0 0.3019594190560969
543072.0 0.7885704064273903
732252.0 0.30283064332171017
551670.0 0.7607061984382407
725706.0 0.3380737482774086
729846.0 0.30848443290439737
716103.0 0.4281130310415486
749385.0 0.26943539510761005
723669.0 0.3564584916359436
534990.0 0.8245518591710927
562773.0 0.7012001611222053
541320.0 0.7885855096574239
724239.0 0.3540556978107588
565743.0 0.6831178058668002
735627.0 0.3017643574647535
729846.0 0.3028902933774728
725706.0 0.337825250862311
534996.0 0.8239242213169382
725706.0 0.33612057020452285
725706.0 0.3491886468343984
724101.0 0.35570103743521214
725706.0 0.3522401421275585
725706.0 0.3505630763076875
530892.0 0.8426569669493224
534996.0 0.8238849365947906
534996.0 0.8236567858114816
530502.0 0.8616300098484448
780573.0 0.261306144167343
687660.0 0.45473310276113227
671448.0 0.4783160619959123
675636.0 0.4674743446973828
615720.0 0.6314570861135859
597663.0 0.6337148251200907
630381.0 0.6240631757221086
701055.0 0.4505916379369905
587184.0 0.6610418243583566
609228.0 0.6319498184050586
642867.0 0.57769957076153
664479.0 0.5037139268031997
661308.0 0.5374516535505361
663660.0 0.5047374560567572
705303.0 0.44420824883610643
768078.0 0.26178890063868765
651858.0 0.5698249429072788
727791.0 0.32171071826103786
630594.0 0.6120671262722329
639858.0 0.6100786782027978
594132.0 0.6512386220122014
711231.0 0.4365311585401172
580416.0 0.6717659259613277
730260.0 0.3044400170874265
554016.0 0.7398541572803794
641262.0 0.5896096881041064
593799.0 0.6563961372925071
576126.0 0.6795030794517902
655995.0 0.555681180535439
561138.0 0.7134031314720457
737385.0 0.2983221554399716
727599.0 0.3351018755977318
568782.0 0.6856066690749264
660864.0 0.5515135675026009
760587.0 0.265468237661072
641193.0 0.60158908387401
751533.0 0.27193630831686244
547566.0 0.7701715174910189
732066.0 0.3034509038840615
747501.0 0.28496226057501417
542073.0 0.8001108469804725
748251.0 0.2730658615218574
559458.0 0.7273821396180321
766155.0 0.2648595691601214
558030.0 0.7288585443818459
714552.0 0.43468149172355613
545715.0 0.7799196980846145
537288.0 0.8115267979825289
543396.0 0.7888638916472814
530778.0 0.8589633842762935
537009.0 0.8234593773796157
717405.0 0.4281775782844051
654075.0 0.5611433514128478
551262.0 0.7640463368647866
722658.0 0.37498682171296255
579225.0 0.6722068804618498
530892.0 0.8448696640297161
724101.0 0.36540754875407494
661053.0 0.5428357568302977
757545.0 0.26933748531437146
532803.0 0.8414826135345959
562641.0 0.70912045922833
552321.0 0.7435745917125156
720537.0 0.39006274456690276
577038.0 0.6791447930140633
725736.0 0.3423094611162987
539928.0 0.807691498329537
542412.0 0.7909260865118457
547248.0 0.7778108888154958
565053.0 0.6941831211714451
652443.0 0.5633521025626306
740553.0 0.294713323768293
720015.0 0.400482175556219
744189.0 0.29319975898319706
717315.0 0.4301581086032635
722499.0 0.3880825191303295
719883.0 0.4112277856021404
725736.0 0.3478889668136963
552108.0 0.7500739745636449
739851.0 0.29640740083344624
719565.0 0.4182366840788431
719565.0 0.4177695922243112
532914.0 0.8338000031255864
745734.0 0.2900137310170301
722658.0 0.38119108549604674
566865.0 0.6904671287024833
724101.0 0.3631953858396242
568782.0 0.6872233303651732
551886.0 0.7573300824713326
720489.0 0.398056946807096
725736.0 0.35618359391678656
539184.0 0.809623318039351
757545.0 0.2716146316131875
533271.0 0.828059025697152
566820.0 0.6927980033363043
531270.0 0.8448675522408053
551964.0 0.7551374344640486
722658.0 0.38202625746640095
564330.0 0.7062535407546467
551580.0 0.7636234372163138
564474.0 0.7013043963400554
533166.0 0.8316761573944821
719565.0 0.41251675040798313
724101.0 0.359209869700267
535284.0 0.82429803704944
558264.0 0.728579569602297
725736.0 0.3453189125192082
534996.0 0.825903648324834
745017.0 0.29206865113943725
539574.0 0.808589554481123
720375.0 0.3989189158956441
757545.0 0.26844878631862185
725736.0 0.35679467428170497
745713.0 0.29118780769145786
725736.0 0.3472049280774176
745146.0 0.2916154787416602
757545.0 0.2710641518358958
757545.0 0.26987613768796725
564474.0 0.702784664196037
551580.0 0.7637956176646216
534996.0 0.8268335193561859
757545.0 0.26868069798986344
534996.0 0.8249718918046087
534996.0 0.8251726723680137
534996.0 0.825835177084525
534996.0 0.826548729932448
757545.0 0.2693491884479156
534996.0 0.8279043256889052
534996.0 0.8261687795053034
534996.0 0.827507139891425
534996.0 0.8270855416848859
564474.0 0.7016418897479265
564474.0 0.7060283249492093
534996.0 0.8275644088735333
564474.0 0.702989424744957
564474.0 0.7054130307740105
564474.0 0.7046244883204699
564474.0 0.7056986555855582
564474.0 0.7041401588652457
564474.0 0.7043673652844346
564474.0 0.7032740590361275
564474.0 0.7019988412357712
534996.0 0.8268022323836808
564474.0 0.7022214365829463
564474.0 0.7039011934714521
564474.0 0.703538254480077
534996.0 0.8260560715875145
564474.0 0.7049544941091317
534996.0 0.827062576787562
564474.0 0.7031898832556158
564474.0 0.7013939479813394
564474.0 0.7048771925835374
564474.0 0.7018202435952102
564474.0 0.7028114471379966
564474.0 0.7051385775156804
564474.0 0.7036690519434512
564474.0 0.7042081003706766
564474.0 0.7038186261334652
564474.0 0.7058313274184572
564474.0 0.7022755991251494
564474.0 0.7043200180378948
564474.0 0.7061583092442353
564474.0 0.7052422410316995
564474.0 0.7047264836688851
564474.0 0.7023836055903305
564474.0 0.7059813278476732
564474.0 0.7057287240583632
564474.0 0.7060350521377691
564474.0 0.7024981435028661
564474.0 0.703636185890877
564474.0 0.7053593907799353
564474.0 0.7024174705132664
564474.0 0.7019293284258424
564474.0 0.703542542465455
564474.0 0.702544975788884
564474.0 0.7013939479813394
564474.0 0.7013043963400554
564474.0 0.7058929941132347
564474.0 0.702738115882645
564474.0 0.7026978034991034
564474.0 0.7052074776602681
564474.0 0.7032409764193841
564474.0 0.7026516202705136
564474.0 0.7046918412961753
564474.0 0.7018944365038768
564474.0 0.70184905076395
564474.0 0.7051562330722887
534996.0 0.8258480647082946
564474.0 0.7062050607632584
564474.0 0.7038685850569268
564474.0 0.7058929941132347
564474.0 0.7026147263351683
564474.0 0.7053604965867077
564474.0 0.7038389637249853
564474.0 0.7025936641992913
564474.0 0.706251536433391
564474.0 0.7061875556404492
564474.0 0.7047054187514183
564474.0 0.7047264836688851
564474.0 0.7025936641992913
768240.0 0.2627954063541801
530514.0 0.8932038122650574
614988.0 0.6336308339436177
692817.0 0.45484484003403175
633906.0 0.6147936433255851
681567.0 0.4729120444101571
661230.0 0.5446832949634934
675714.0 0.48160606887464746
674691.0 0.5079562520941573
602826.0 0.6382553890994292
664227.0 0.5227687055968169
667986.0 0.5124748761430522
703188.0 0.45348209017095525
658341.0 0.5839379381842045
598488.0 0.6407036362622787
648828.0 0.5874399475908919
718725.0 0.4370926947393968
641547.0 0.6007599116601287
588180.0 0.6656494007053168
635754.0 0.6147075753749905
658509.0 0.5655794465293222
711231.0 0.4449750226407522
530664.0 0.8678242968154066
581061.0 0.6755288642943287
595662.0 0.6575230766255686
542412.0 0.8010295402367126
569406.0 0.6859520440982569
585924.0 0.6727513802545109
595176.0 0.6627381109499592
539268.0 0.8114306080733231
543174.0 0.7915787460259247
576618.0 0.6831417221356224
707490.0 0.4514787756889245
732066.0 0.31168859035328716
736497.0 0.30525314027542777
765942.0 0.2680866464203401
724521.0 0.3624490280750151
729846.0 0.32347100673291695
723669.0 0.37589843964486763
576771.0 0.6801364599895221
545901.0 0.7838651262536898
727599.0 0.34904515759965976
547584.0 0.7711609319398851
727893.0 0.3360215027414503
658428.0 0.5714691250889309
537345.0 0.8248071098311571
533163.0 0.8454383096923488
646380.0 0.5953918333222494
732579.0 0.3065586145255397
643020.0 0.5994032893015842
721764.0 0.39154563923460495
723597.0 0.38010299096671213
747543.0 0.287516422780072
558264.0 0.732302380003335
711231.0 0.4505835745152319
533256.0 0.8343293080595515
556626.0 0.7417524432091501
562272.0 0.7146499316628144
740481.0 0.3042400122557364
720081.0 0.402553308089734
720081.0 0.4069377008900569
761583.0 0.27007071982996045
725736.0 0.35955987769250614
530820.0 0.8614640156502127
749163.0 0.28150467539374224
562092.0 0.7242506805695619
647544.0 0.5931430130314411
746031.0 0.290209103004361
752991.0 0.2725950636429029
744945.0 0.29442821131030256
761769.0 0.2681349257791157
558381.0 0.7294900568475616
751023.0 0.274003345018718
547548.0 0.7789679128613008
743070.0 0.2959044256296107
755577.0 0.2723295172775769
555591.0 0.7465500591394562
566550.0 0.6964447238298824
532635.0 0.8511893048957415
720015.0 0.42183012962947813
726723.0 0.3532898373104869
723597.0 0.39080771351704774
551580.0 0.7658541054550313
561447.0 0.7269507812192845
568554.0 0.694093350074688
740991.0 0.29654779373879725
757545.0 0.27213631827917245
566226.0 0.6997188638262262
564984.0 0.7028121989121621
531144.0 0.8541228861235624
568554.0 0.6905493313119236
552366.0 0.7610016265985344
539184.0 0.8205572030137724
539232.0 0.8200789956040506
547254.0 0.7830739115740634
553773.0 0.7595175235176796
740541.0 0.30037855921472895
719421.0 0.43079650738251857
553809.0 0.7557095014695864
554214.0 0.7495768522969944
720015.0 0.4141598177264716
749385.0 0.27616589820436466
555912.0 0.742025647000905
720015.0 0.4132507666895252
553809.0 0.7506320088850763
720015.0 0.42588887923351065
531702.0 0.8533179088813557
534996.0 0.8284100407746698
728994.0 0.3298835545035347
728994.0 0.33387819811632136
564474.0 0.7082775098460593
749319.0 0.2773503112336165
722658.0 0.39139379688295206
728994.0 0.32559481501192894
720015.0 0.4288054184704503
551667.0 0.7637604755678061
757545.0 0.2720698092669041
728994.0 0.3242851821630221
727599.0 0.35301464865811866
534996.0 0.828255700902845
564510.0 0.7056798674605592
561447.0 0.7273371755004888
728994.0 0.3319816438958798
719565.0 0.4302810992764783
534996.0 0.8280698410863668
757545.0 0.2719619629930357
534996.0 0.8291461590209526
551580.0 0.7685235396407114
564474.0 0.7063970284793748
551580.0 0.7643100127275682
534996.0 0.8311737021043595
551580.0 0.7692569474516957
564474.0 0.7096076825769521
534996.0 0.8316582206333971
534996.0 0.8305947021704599
564474.0 0.7139938575652393
551580.0 0.7663584021073976
564474.0 0.7103244597357556
534996.0 0.8331779042246218
534996.0 0.829870981059961
534996.0 0.8284850878635084
534996.0 0.8299137282169946
534996.0 0.8337376624947261
551580.0 0.7646912953242399
564474.0 0.711626839565898
564474.0 0.7122184972156358
551580.0 0.7707372263543344
564474.0 0.7134093378721006
534996.0 0.8320063373476024
564474.0 0.71280501289016
551580.0 0.7674204353467866
534996.0 0.8307394260194707
564474.0 0.7108534420269395
564474.0 0.711918738767815
551580.0 0.770064279001429
551580.0 0.7652937964526783
551580.0 0.7677970823188945
551580.0 0.7705257558793955
534996.0 0.8322587064790092
551580.0 0.7681305379013657
564474.0 0.7092773247168798
564474.0 0.7112625482402127
534996.0 0.833937657090429
564474.0 0.711214270703117
534996.0 0.8343268898872157
564474.0 0.7073196352236291
534996.0 0.832482190441894
564474.0 0.7131595785541865
534996.0 0.8329625131217046
564474.0 0.7130377126118673
564474.0 0.7079767095564015
551580.0 0.765546680701568
564474.0 0.7066395176167096
564474.0 0.7089598867585465
551580.0 0.7697831666898942
551580.0 0.7649778656433349
534996.0 0.8326174630601784
564474.0 0.708564631863154
551580.0 0.7666453335595876
564474.0 0.7081307161182853
564474.0 0.7144012954088126
551580.0 0.7650091436933528
551580.0 0.7695725941534117
564474.0 0.714218985310055
564474.0 0.7069052751799019
564474.0 0.7121593622645819
551580.0 0.7655172308379601
564474.0 0.7074674384121156
564474.0 0.7133884931776477
551580.0 0.769442081351079
551580.0 0.7672126199708493
551580.0 0.7699000770802223
564474.0 0.7128107881785316
564474.0 0.7142132960615555
564474.0 0.7071038549507914
551580.0 0.7705486517591607
534996.0 0.8327959897732463
551580.0 0.7667188536222508
564474.0 0.7076152994455208
564474.0 0.7094594052508658
564474.0 0.7089376545312517
564474.0 0.714519765830178
564474.0 0.7077886719482459
564474.0 0.708744343779549
564474.0 0.7071036640097629
551580.0 0.7680538830751344
551580.0 0.7670462003283091
564474.0 0.7106667803084044
564474.0 0.7094040685937001
551580.0 0.7668758284799235
534996.0 0.8338770784920533
564474.0 0.7077755533851021
534996.0 0.8328276395081298
551580.0 0.7671837451571442
551580.0 0.7700161284018261
564474.0 0.7087372042762772
564474.0 0.7085864667976233
564474.0 0.7075700582443518
551580.0 0.7679335392256578
551580.0 0.7679118004318957
564474.0 0.7068268255566822
564474.0 0.7146028982498388
564474.0 0.7067312795462307
551580.0 0.7669888605731859
564474.0 0.7103972778375088
757545.0 0.27204850794868607
564474.0 0.7067693931555613
551580.0 0.7669207693106437
564474.0 0.7105937296284229
551580.0 0.7694991928270916
551580.0 0.7666663463645363
564474.0 0.7106658219185429
564474.0 0.7105252234978733
564474.0 0.7104463117508151
564474.0 0.7105867648254232
534996.0 0.8339170156173423
564474.0 0.7121729676142916
551580.0 0.7694987240770994
564474.0 0.7105151317073656
564474.0 0.7104687594308865
564474.0 0.7146498506269394
551580.0 0.7668983559694278
551580.0 0.7650091436933528
534996.0 0.8298897861926512
564474.0 0.7104668663241851
564474.0 0.7089465169376366
564474.0 0.7085864667976233
534996.0 0.8298895860916338
