806745.0 0.12359773909959375
806745.0 0.11763879028080623
471723.0 0.8070561592155744
644574.0 0.43698667261426816
615024.0 0.554947522525753
554949.0 0.6114340036900533
674637.0 0.4062129657573739
570309.0 0.5639856518680976
751971.0 0.143017153628406
676557.0 0.37412190990479605
520743.0 0.6318032996944931
637032.0 0.5127263944927943
794511.0 0.14266787645517037
711153.0 0.3609608080758267
570309.0 0.5896958559699289
485625.0 0.724681106059859
634782.0 0.5522415702331119
517215.0 0.6435381040493435
725736.0 0.26375888721484164
715599.0 0.28429227417235664
496044.0 0.712191541552136
510573.0 0.6643909055070966
500157.0 0.6873861648350987
508917.0 0.6747827560839423
798771.0 0.13777348867095704
727533.0 0.25596345663272885
732417.0 0.23796385040949306
500076.0 0.7044252252326549
473838.0 0.7957906688725547
715599.0 0.34381352950775135
738717.0 0.19424425439627688
806595.0 0.12537913659557814
636078.0 0.5267564448416042
738717.0 0.1539631030462344
635802.0 0.5393670566053337
475449.0 0.782094684500907
734925.0 0.2247585109268022
479625.0 0.7372078150914146
734925.0 0.20844281656806396
715599.0 0.30516574144841474
734925.0 0.23300842207283365
738717.0 0.17186534005195414
479625.0 0.756978584532613
479625.0 0.747675399878198
715599.0 0.3545594375910942
715599.0 0.31256730924527193
477051.0 0.7776583812626047
715599.0 0.33636152116096785
738717.0 0.17568340204545146
738717.0 0.18621053877818017
715599.0 0.3227106174429432
715599.0 0.3281167599352725
479625.0 0.755109680167678
479505.0 0.7745292462732013
738717.0 0.20011569936957999
715599.0 0.34290165357768365
715599.0 0.3062831911992288
738717.0 0.18857541687069063
479625.0 0.7608296408851635
806745.0 0.12324145471971447
806745.0 0.11799923779029692
715599.0 0.32541798880704986
738717.0 0.19310566933106113
738717.0 0.17211276695781227
738717.0 0.20365811436881995
738717.0 0.20056003699654543
479625.0 0.7635971363374351
738717.0 0.1984177510110025
738717.0 0.19648589393287091
479625.0 0.76814417180556
738717.0 0.2054791752770526
738717.0 0.2071896477341271
479625.0 0.7693866960857699
738717.0 0.19679965456239798
738717.0 0.2042273161356466
479625.0 0.7663568725640855
806745.0 0.12475074554384943
738717.0 0.2063749712899683
479625.0 0.7707157108962766
738717.0 0.19992880307368666
479625.0 0.7719624049490088
479625.0 0.7709718299632442
479625.0 0.7689077163083916
479625.0 0.7652071404236312
479625.0 0.7738103544454933
738717.0 0.19388722757207263
479625.0 0.7653803226415569
479625.0 0.7641665091723018
479625.0 0.7728132925644976
479625.0 0.7663383304851217
479625.0 0.7723336146149763
479625.0 0.7641000804100585
479625.0 0.7741713085460048
479625.0 0.772775614211007
479625.0 0.7740077563430232
738717.0 0.1999796747140841
738717.0 0.20008605185876616
474927.0 0.8066571321191295
806949.0 0.12159715570230543
525642.0 0.6391062640817428
571842.0 0.6312653748926101
686313.0 0.39301136488285354
653091.0 0.4495531008491905
606651.0 0.5871283405280994
775737.0 0.14957929765672615
645369.0 0.4986377719856139
676248.0 0.43254812482437643
583581.0 0.5885178158082927
518973.0 0.675643509508651
617802.0 0.5706146127409196
711303.0 0.387212232171918
572235.0 0.5983677615540806
668694.0 0.4393211665243127
627033.0 0.5556522349873382
790593.0 0.1458088436531167
752955.0 0.15644679967824374
481638.0 0.7405476362815835
502359.0 0.7100976209090993
508167.0 0.6923341219281047
731913.0 0.2645507442875722
719421.0 0.3407439038962362
509595.0 0.6827077930652216
479883.0 0.7566163486494549
500313.0 0.7221003951418437
489465.0 0.7300879546716028
639444.0 0.5535029690359297
475464.0 0.7835556589313576
728493.0 0.2862797576166354
751971.0 0.17641138431273728
643953.0 0.5154156519242549
641952.0 0.5352678260921699
719823.0 0.31555707078527956
492048.0 0.7266411028894936
719421.0 0.355296849324669
800481.0 0.1416968175906377
738717.0 0.22799933536715408
719883.0 0.28889713505934206
479625.0 0.7745691282089271
642639.0 0.5236566532395984
639681.0 0.548065575238804
732579.0 0.2530858339120715
719883.0 0.29919595696723117
727791.0 0.28846479618987336
715599.0 0.37032357926922504
715599.0 0.38225771887390975
734925.0 0.24183440436224093
719883.0 0.311231864518811
751971.0 0.17918190486934746
715599.0 0.37686871424323176
751971.0 0.18836298357700185
715599.0 0.36284416938483405
734925.0 0.24730561167616788
751971.0 0.17169471715684517
752955.0 0.16535366405898552
752955.0 0.15465265164918818
806529.0 0.14114435833393119
802881.0 0.14120749479603936
738717.0 0.2138677928016251
715599.0 0.36617555180947425
751971.0 0.16547602646441584
806745.0 0.12661086928734758
734925.0 0.24766852901096997
802497.0 0.14145405270243214
738717.0 0.23555095574763904
751971.0 0.17556717762187068
751971.0 0.1923624925396539
738717.0 0.23265907487548723
734925.0 0.23857919276221348
751971.0 0.19059729937849962
751971.0 0.19491038507230968
751971.0 0.20323294297798367
738717.0 0.23804205746803592
751971.0 0.19301956219736538
751971.0 0.19909501369703012
738717.0 0.210851283420125
738717.0 0.21234966805576624
751971.0 0.20260769839562176
738717.0 0.22082624847574717
751971.0 0.2010624180229557
751971.0 0.20516956125901126
738717.0 0.22266757972264087
806745.0 0.1339214386535188
738717.0 0.2285092823084589
738717.0 0.2299822476510933
751971.0 0.1911112656901103
738717.0 0.215243408653757
806745.0 0.1322771946296685
738717.0 0.2086767200997781
738717.0 0.22461991470119916
738717.0 0.22350288718830374
751971.0 0.20566428389503147
738717.0 0.21958455856469314
751971.0 0.20741017580412052
738717.0 0.22676020818281234
738717.0 0.23108198025574175
751971.0 0.2068880640122629
751971.0 0.2005238846913163
738717.0 0.21394922832915736
738717.0 0.22629793952810384
751971.0 0.19663166981452357
806736.0 0.1402863341219702
806745.0 0.12749712686425693
806745.0 0.12935679484258997
738717.0 0.21653215734909984
751971.0 0.19802770639797854
751971.0 0.19774965548354578
806745.0 0.13167212989148178
738717.0 0.21869845505494698
738717.0 0.22515341737740413
806745.0 0.12960113935806808
479625.0 0.7780351679998542
806745.0 0.12830968905906096
738717.0 0.20992368016962407
738717.0 0.23030183141797428
806745.0 0.13049859576957998
479625.0 0.7764190003639624
806745.0 0.13098409129694852
479625.0 0.7755562717032936
738717.0 0.21771680932039048
806745.0 0.13666152591874983
738717.0 0.22042693622241946
738717.0 0.2170335139352437
479625.0 0.77748229812987
479625.0 0.7813332003065908
738717.0 0.20905323673100487
479625.0 0.7820052778711937
479625.0 0.7810459969364806
738717.0 0.21887919731748862
751971.0 0.1955912460867948
806745.0 0.13410314439495585
738717.0 0.21578654934870442
806745.0 0.13630797903083397
479625.0 0.7749565902088814
738717.0 0.23175644631149714
479625.0 0.7804204323517733
479625.0 0.7786207205048109
738717.0 0.2131047991282612
806745.0 0.13442627745816116
738717.0 0.23205995633522142
806745.0 0.13515656426333827
479625.0 0.7770684780424008
806745.0 0.13730399570481158
738717.0 0.20962967320051099
738717.0 0.2136847551960995
806745.0 0.13582561958399722
479625.0 0.7829594819392699
738717.0 0.2229931826107957
738717.0 0.21750380799008415
751971.0 0.19639797190844654
479625.0 0.7800446894990184
479625.0 0.7791461483652253
806745.0 0.13220410024678872
751971.0 0.19597489496203743
479625.0 0.7754042614903754
479625.0 0.7796145170852431
738717.0 0.21313458663715754
806745.0 0.13775618473681178
479625.0 0.7822597375408425
738717.0 0.2156672262204626
751971.0 0.20053031910713784
806745.0 0.1279231488998572
738717.0 0.22514152760601236
738717.0 0.2281657774181824
751971.0 0.20526949647232154
806745.0 0.13563262313053104
479625.0 0.7833072481613598
806745.0 0.1306544010145646
738717.0 0.2382779405135012
738717.0 0.22652211075440443
806745.0 0.13734909523232244
806745.0 0.13861343562663792
806745.0 0.13904443353247278
806745.0 0.13533197950526504
738717.0 0.22056899005861205
479625.0 0.7767791328562829
479625.0 0.7825547184914753
751971.0 0.19579421979750514
479625.0 0.7802500422434839
806745.0 0.13791562600932292
479625.0 0.7794463204239434
806745.0 0.1392441915690042
738717.0 0.22284409138961944
806745.0 0.13437796971539198
479625.0 0.7826443553827145
806745.0 0.1280313476399268
738717.0 0.2318976659503284
751971.0 0.20718134387196407
738717.0 0.23857335967439985
479625.0 0.7790647300453435
738717.0 0.209739411942066
751971.0 0.20710692380637266
479625.0 0.7792794515844792
806745.0 0.12822879625108868
751971.0 0.19785906917075038
479625.0 0.7766049870089171
806745.0 0.14021673612913468
806745.0 0.1381290387036324
479625.0 0.7788495285470171
738717.0 0.23810757208336442
806745.0 0.13851665984147057
479625.0 0.7788248681963551
738717.0 0.21769224794993397
806745.0 0.13836580023000972
806745.0 0.13937789285303204
806745.0 0.13905111360788044
479625.0 0.7834514018832287
806745.0 0.13961371133801379
806745.0 0.14002812171864565
806745.0 0.1381575021015186
738717.0 0.21381067748522495
806745.0 0.13972916482328152
479625.0 0.7766819085750377
806745.0 0.13950727347751263
806745.0 0.13831331960362167
806745.0 0.13521868287146976
806745.0 0.13986092000257963
479625.0 0.7791570958413827
806745.0 0.13944531840907706
806745.0 0.13968300121042654
479625.0 0.7835018863691146
479625.0 0.7826437250794023
806745.0 0.1385965752373984
806745.0 0.13993185989051055
806745.0 0.139969666319816
806745.0 0.14027774223833575
806745.0 0.13518287045711944
806745.0 0.13989208072090661
806745.0 0.14000935397795944
806745.0 0.13831333238905108
806745.0 0.13987305451257692
806745.0 0.14002812171864565
806745.0 0.1386055479245887
808938.0 0.1223847649093687
475143.0 0.8293120552696843
535221.0 0.6424573135595074
573234.0 0.6292316167313894
688686.0 0.415470818923926
673092.0 0.4431390561289454
642336.0 0.5391145409474852
657723.0 0.45327548333312034
707469.0 0.39673502155385193
579177.0 0.6093329286773346
598614.0 0.6029519722452952
633009.0 0.5623204103838866
603477.0 0.5901825395666621
526383.0 0.6664301799670408
496827.0 0.7276834895636458
621825.0 0.5825659720661877
509244.0 0.7109412021892515
653688.0 0.5177587012908841
656202.0 0.49286995165586983
521574.0 0.6828044093568795
715599.0 0.3905572648086508
626898.0 0.5760553493468176
491451.0 0.7310603644925983
764301.0 0.16548692893883857
481593.0 0.7702597357036839
519996.0 0.6969099531368171
487779.0 0.741174865826526
790677.0 0.14897858649031498
475269.0 0.8082711700973991
725736.0 0.29218405107982093
775737.0 0.16058216125139957
764412.0 0.1633491584330917
719823.0 0.3470221621580749
719883.0 0.31654963989392654
752955.0 0.1984126325436246
515340.0 0.7004530395730456
718581.0 0.38468332258003
719565.0 0.36756233815303085
510387.0 0.7021257205899659
723669.0 0.30917026337886105
487434.0 0.7526264672383952
654360.0 0.5117480461101938
483909.0 0.761863530417069
782559.0 0.15253770621645646
807138.0 0.13948119631985953
808935.0 0.12393880655544944
778977.0 0.15781521300863185
746781.0 0.22928958681127853
794022.0 0.1470717162222482
734925.0 0.2695073674355611
738717.0 0.24490476376548856
798393.0 0.14591987167229434
746781.0 0.23703729758753142
655503.0 0.49936453025184113
477282.0 0.8042803511245565
624630.0 0.5786070119877789
719883.0 0.3268152451233664
732252.0 0.2902703540352989
738717.0 0.24903480291798774
477282.0 0.790988060801123
483909.0 0.7555598048914687
723684.0 0.300628196323033
479625.0 0.7838281502118157
802362.0 0.14192773404068243
732579.0 0.28339382844992234
719883.0 0.33334703941041344
719421.0 0.3738525209807057
802224.0 0.14555296403959292
781599.0 0.15312114198258742
751971.0 0.22201551305983697
734925.0 0.2738795324368252
806574.0 0.14128355060446565
734925.0 0.27614273493935215
477282.0 0.7895060425692343
734925.0 0.25591772775395083
752955.0 0.17124194864972098
723669.0 0.30193267363232995
477501.0 0.7861817426610573
775737.0 0.16220509092555796
734925.0 0.26278634599691225
719883.0 0.33974456782369317
655866.0 0.49756875180315346
719823.0 0.3415172529011107
719565.0 0.37016856892992783
734925.0 0.25770721965318844
732579.0 0.28607410443273223
752955.0 0.18857934927907916
746781.0 0.2321653441615989
746781.0 0.22701279461152937
479625.0 0.7843562948235516
732279.0 0.28961404776980515
746781.0 0.22427433791900295
479625.0 0.7839415404465913
738717.0 0.24313516791768836
752955.0 0.1973181335642093
752955.0 0.1865026740708288
752955.0 0.17406643136607197
719421.0 0.37359083442810437
752955.0 0.17891796006780092
752955.0 0.19421398543858104
734925.0 0.26124159757323473
752955.0 0.1844472009329685
752955.0 0.19159465753702382
751971.0 0.21673198486348555
732579.0 0.2843565858696422
751971.0 0.21987360143477247
752955.0 0.18289735023932352
751971.0 0.21378886837149522
738717.0 0.24062559710862508
738717.0 0.24761581098322666
782559.0 0.15303490321330634
752955.0 0.1814182776045962
751971.0 0.2095645217624668
746781.0 0.2316174785930744
746781.0 0.22962407172845892
751971.0 0.2117530956547437
738717.0 0.24628314669677778
752955.0 0.20186182672231961
752955.0 0.1773697317746998
752955.0 0.20079457627341835
746781.0 0.22224599405111242
752955.0 0.17546301769228198
752955.0 0.19974008354213546
752955.0 0.2049050521238386
738717.0 0.2402933250312265
746781.0 0.23872377360815375
746781.0 0.23860590697905565
752955.0 0.19369819424721282
751971.0 0.212947291336745
775737.0 0.16183566825778403
752955.0 0.1776519606981385
734925.0 0.2613221662299195
752955.0 0.2080786280323562
752955.0 0.1815163119509542
752955.0 0.20377620249500292
752955.0 0.1925485300516603
752955.0 0.17536457310606512
751971.0 0.21418799706048797
751971.0 0.2151780551717118
752955.0 0.1988611068413251
751971.0 0.22098614796062688
806745.0 0.14112957882449056
752955.0 0.20248879792954852
752955.0 0.20682909786187884
738717.0 0.24532268573905272
752955.0 0.20603907977974723
751971.0 0.21065017452210485
752955.0 0.20568168582597884
479625.0 0.7850546484080364
752955.0 0.2018546025588041
806745.0 0.140301219666279
752955.0 0.20720614180835786
751971.0 0.21046749387946137
479625.0 0.785475379897311
752955.0 0.2034070376692252
752955.0 0.2078871848826029
751971.0 0.22075518916203576
751971.0 0.21341831363811095
751971.0 0.21582493310842404
751971.0 0.2201395798898642
806745.0 0.14054687621109657
479625.0 0.7860155399214844
751971.0 0.21638860187321582
752955.0 0.19195335707490835
752955.0 0.19224471708815588
746781.0 0.23195630046236249
806745.0 0.14076777580999075
752955.0 0.20216171184594448
751971.0 0.21552937222776403
738717.0 0.245124116542022
752955.0 0.20344734625674732
751971.0 0.21651639634137096
752955.0 0.20205180647752347
751971.0 0.21560548170452054
751971.0 0.22004213275877918
751971.0 0.22217190638803275
806745.0 0.14064672489721486
479625.0 0.7841776620658112
752955.0 0.20806350312308786
751971.0 0.21060695591791104
479625.0 0.7842442964200713
806745.0 0.14119336553944314
479625.0 0.7840523385252671
479625.0 0.7839500413203727
479625.0 0.7840481721013248
806745.0 0.14127356617531658
752955.0 0.2034261462716
475449.0 0.8245855572863886
814977.0 0.13717463800109467
581016.0 0.6113682375194223
621492.0 0.5998135538521244
676674.0 0.4484980909176496
688809.0 0.4239660156576365
568668.0 0.6432686097493109
529062.0 0.6775385060146389
656772.0 0.5186498879358535
658734.0 0.49589963198015524
542391.0 0.6438174457403355
524730.0 0.6907637276705708
541200.0 0.6563546014568474
513294.0 0.7053044107306063
647994.0 0.539745716246541
658980.0 0.4601156587707283
705231.0 0.41641601186736116
696576.0 0.41670852269612435
667560.0 0.4556366090888579
622032.0 0.5828586864401074
578562.0 0.6352766760961526
753669.0 0.1880919958376147
630987.0 0.5789070925150693
789261.0 0.1530326077527614
644499.0 0.5438603090054335
716103.0 0.4140025174004198
741165.0 0.24152458379022193
760269.0 0.18752492868639292
574593.0 0.6377703809342116
739596.0 0.25539125680656405
642393.0 0.5596485992297061
492471.0 0.7316327759332703
509307.0 0.7248226636759215
736497.0 0.2751031456377668
634926.0 0.5640887512262035
719883.0 0.3798235875025994
501540.0 0.7285586791482531
487890.0 0.7431499369552371
633978.0 0.5737324962460045
752955.0 0.2104680132476385
720015.0 0.3494935426839267
720519.0 0.3360418719268215
511662.0 0.7147458820036503
772941.0 0.1665125020812597
662223.0 0.459931410022082
499581.0 0.7292878125864457
475695.0 0.820239824150822
492267.0 0.7402426054365954
736497.0 0.26002120927919575
723669.0 0.3185880386764475
485301.0 0.7661856782468478
782559.0 0.1582343332580827
640554.0 0.5626329152476318
487731.0 0.7541996816409321
481965.0 0.7728408324090289
794511.0 0.14987956596358964
478329.0 0.7931288631384875
769149.0 0.1680063831163505
764301.0 0.18116501737204288
723789.0 0.3053499758206671
749046.0 0.2319757540905295
477390.0 0.8073096764070927
798249.0 0.149180256912922
477432.0 0.8065963988775005
778911.0 0.16563587900051
720015.0 0.36491298263407534
719883.0 0.36500508887180133
717690.0 0.4020391749619327
541659.0 0.6500904081312785
509541.0 0.7198814622194007
732579.0 0.2897636272627
727791.0 0.30011533452868566
718725.0 0.39570223295750273
720519.0 0.3276142871820501
720015.0 0.3435822648288504
746991.0 0.2394631009671833
481641.0 0.7774666374989629
746781.0 0.24074609559769167
802497.0 0.145674439707056
717690.0 0.4088782287387436
719565.0 0.38908047473097657
764967.0 0.1683301281053901
810717.0 0.140359865410034
810999.0 0.13808120296006451
736164.0 0.28253585246253243
487434.0 0.7614339356582659
734154.0 0.2853748029225699
725706.0 0.30087131960574537
486336.0 0.7617930058720875
479625.0 0.7863474052907108
779685.0 0.1612597168497913
727791.0 0.29491506344961926
724209.0 0.30204854758579247
718725.0 0.3902900627621066
796488.0 0.14959209497753545
806745.0 0.14215683602315046
764967.0 0.17231395732323335
736164.0 0.27845923163694847
781599.0 0.15918004302774166
751242.0 0.23053212094517658
733440.0 0.28669094424662395
723669.0 0.32346055575755994
764361.0 0.17522833066491103
732579.0 0.2917924273054171
764361.0 0.17805983266495176
778977.0 0.16279006955080294
804603.0 0.1436847228122752
481665.0 0.7771987781874605
804357.0 0.1446877843682825
727791.0 0.29626269424910756
717690.0 0.4119044898845817
802605.0 0.1448613711786718
806745.0 0.1430965294118731
723669.0 0.3204389088159636
479625.0 0.7928200947850758
782559.0 0.1591612025487755
479625.0 0.791705530724096
752955.0 0.21935405432155688
751971.0 0.22968806545923445
752955.0 0.21434824102850467
751971.0 0.22656918886888952
751971.0 0.229973561533422
723669.0 0.3190908470387421
751971.0 0.22283690579462745
751971.0 0.22818881396767607
752955.0 0.21966227599243424
752955.0 0.21258342430115154
752955.0 0.21106996788311477
752955.0 0.22103526381115857
752955.0 0.2180883437375963
752955.0 0.21655652850799112
752955.0 0.21523462098806012
751971.0 0.22951565724871398
752955.0 0.21914626053635297
751971.0 0.22841756278902106
751971.0 0.22403156345314576
746781.0 0.24131880841309902
806745.0 0.14128386146372754
752955.0 0.22171922326427548
751971.0 0.22453092785096954
751971.0 0.2260964919433513
752955.0 0.21415379981152635
752955.0 0.21350191268536517
751971.0 0.22525078085336311
479625.0 0.7907271442546784
751971.0 0.2257103823605636
752955.0 0.21719191277337074
479625.0 0.7873641554945808
752955.0 0.22117042920996977
752955.0 0.2222517917720793
752955.0 0.21769087206364104
479625.0 0.7885074390607024
479625.0 0.7901418259088566
752955.0 0.21481043400811511
479625.0 0.789959447069959
479625.0 0.7878994198417331
752955.0 0.21067773863330974
751971.0 0.23024765835253583
479625.0 0.7865120251691561
752955.0 0.2130948660012278
752955.0 0.21670146092963938
479625.0 0.7880595379742477
752955.0 0.21262365044411036
479625.0 0.7915373138847926
752955.0 0.21742887119472568
479625.0 0.7895046591764793
751971.0 0.22428957627451182
806745.0 0.1416974963676532
751971.0 0.22536296635479158
752955.0 0.2221360864957632
479625.0 0.7886875313800785
479625.0 0.7926222092118003
479625.0 0.7911819334387444
479625.0 0.7920770197144035
752955.0 0.21103376530798598
479625.0 0.7868814731825933
479625.0 0.7919177869913412
752955.0 0.2149686430436738
479625.0 0.7889253120034042
806745.0 0.14226332392366323
479625.0 0.7890441996592616
752955.0 0.213316337327589
806745.0 0.14342298442178583
806745.0 0.14200496197625898
479625.0 0.7923229351557151
806745.0 0.142506997301161
479625.0 0.7924046732416443
806745.0 0.14272689517828938
752955.0 0.21517109034876206
751971.0 0.22405348257334926
479625.0 0.7892713401494473
806745.0 0.14153599641345718
479625.0 0.7909660861191958
479625.0 0.7930099653843831
479625.0 0.7872147534057768
751971.0 0.22826135455879598
752955.0 0.2131561793062338
479625.0 0.7911297595709215
479625.0 0.7928200947850758
806745.0 0.14352685728683706
806745.0 0.14290480781889264
479625.0 0.7901048947719764
479625.0 0.7916904667422487
479625.0 0.7893436913727325
479625.0 0.7894673960729043
806745.0 0.1414296454578579
806745.0 0.1436717469497974
479625.0 0.7909815269660934
752955.0 0.21666476587337083
479625.0 0.7871343020767925
479625.0 0.7870725630621658
806745.0 0.14260941380778222
479625.0 0.7930586834908455
806745.0 0.14205573644755273
752955.0 0.2221740143976181
806745.0 0.14144363329163978
479625.0 0.787985943164641
479625.0 0.786897513650178
479625.0 0.7869851594656875
806745.0 0.1429239872207419
806745.0 0.14256576747778416
806745.0 0.14300877882896562
479625.0 0.7869981696859935
479625.0 0.78795341242684
806745.0 0.14347845837557957
806745.0 0.14307025994752856
479625.0 0.7893000123670011
806745.0 0.14301305727686228
806745.0 0.1434417894137074
806745.0 0.14203972041876467
806745.0 0.14259703160043666
806745.0 0.14291114968014504
479625.0 0.7909732378146855
479625.0 0.7909778113522729
479625.0 0.7928200947850758
814827.0 0.13885222410277537
477264.0 0.8232494686464505
611520.0 0.611995579594962
554052.0 0.6477587678542823
628380.0 0.5911628994328981
579372.0 0.6422862218182739
584040.0 0.6133822919035389
669261.0 0.46340918708692147
659790.0 0.483346313006442
633711.0 0.5815310644424663
659583.0 0.5324274130869474
693435.0 0.4356684529029722
524952.0 0.6986156000663619
705543.0 0.4228936539991406
682386.0 0.44976855509833863
515340.0 0.7057135544743277
713490.0 0.4182603864970277
543807.0 0.6573335206188262
640638.0 0.5647422732818431
679113.0 0.45169317938062997
663132.0 0.482058203231484
649455.0 0.540705574768322
694206.0 0.42533070987542937
532626.0 0.6931476492613899
504045.0 0.7332993234560864
724101.0 0.3134910881751509
509595.0 0.7247366396301136
756963.0 0.20981408486732508
646797.0 0.5492440267459375
514320.0 0.7218874061987686
581412.0 0.6354819827381746
535221.0 0.6824655648022372
657495.0 0.5331523515673005
542142.0 0.665699587558195
643491.0 0.559915066026113
584040.0 0.6223581364247337
717825.0 0.405668787960156
728994.0 0.3008177173095337
723669.0 0.3370405657940657
775737.0 0.17391539221466923
790389.0 0.15329123850958595
720537.0 0.3627647654647064
790389.0 0.15817026198619633
482667.0 0.7739563521100572
497703.0 0.7350821303723417
725658.0 0.308575428474385
723597.0 0.35208184179458973
782559.0 0.16106961691998914
720015.0 0.3855932307496719
753669.0 0.2196974470011135
798093.0 0.14980775929273263
477513.0 0.8113105474882605
760269.0 0.20116855039961606
481974.0 0.7867386107246515
749163.0 0.23750494502183564
810807.0 0.1412910548676348
541467.0 0.6809137597753907
768621.0 0.17477736176234474
731751.0 0.29560333189022275
479289.0 0.7987362864960392
493983.0 0.7361098018423603
720015.0 0.37147746886639194
745275.0 0.2552285848758694
745275.0 0.24731142733927905
488337.0 0.7512678333261569
541200.0 0.681431545581846
741393.0 0.2558108147505172
485403.0 0.7701353841729969
488349.0 0.7452174036855352
760269.0 0.19867189395919557
491514.0 0.7439664609832327
488247.0 0.7596151960298229
493539.0 0.742113366869854
768621.0 0.17691847827710508
477432.0 0.8147279044937389
779685.0 0.16823851269727805
738717.0 0.26756779340916165
723669.0 0.34677664665109975
736497.0 0.2855120821684136
738717.0 0.27865346760634896
738456.0 0.27908796061758495
765372.0 0.18220752159729925
734493.0 0.2924444055865063
740520.0 0.2594397496629946
807129.0 0.1413228052836126
778911.0 0.17161588861169652
781599.0 0.16359924801797648
764361.0 0.19067141841303556
487434.0 0.7672275436368601
798621.0 0.1493268549801969
802497.0 0.14921092038881748
481581.0 0.7906992453840808
802899.0 0.14493593851073666
720081.0 0.36888496396447995
745275.0 0.24887296415076696
806745.0 0.14459769478466108
738717.0 0.26087991040864794
723669.0 0.34001099873133683
718725.0 0.40256834031374883
720015.0 0.39241781011320215
760269.0 0.19414266793410714
480273.0 0.7919480774267037
734493.0 0.2946148646855335
736107.0 0.2898973559541662
487434.0 0.7643575767938756
751971.0 0.2373681589705133
719565.0 0.39936953168540423
738717.0 0.26463495453341324
745275.0 0.24206247137994236
768621.0 0.18084377616868885
752955.0 0.2231916757101936
764361.0 0.18670695053220426
659556.0 0.5326866418978773
778911.0 0.17049138901475733
752955.0 0.22749159326888882
487434.0 0.7626531539395085
745275.0 0.24192826438826825
781599.0 0.16231168555767814
719565.0 0.39641120752539516
751971.0 0.23457821284152874
802569.0 0.1485421208450565
802623.0 0.1451131631869306
719565.0 0.3949104583311956
764361.0 0.18557254180480373
719421.0 0.4010416439025414
736164.0 0.2895752078293972
736164.0 0.2871622338348203
764361.0 0.18288659042961936
764361.0 0.18970369845121637
806826.0 0.14325076468739206
752955.0 0.22512726407304526
752955.0 0.22991724693049106
738717.0 0.2663695677695418
487434.0 0.769836955806303
720015.0 0.3702117875068901
751971.0 0.23372706612187255
720015.0 0.3926410313444685
764361.0 0.1920550956743162
752955.0 0.2243269968073558
751971.0 0.236191081629716
751971.0 0.2320475176040272
723669.0 0.33855730402355605
719421.0 0.40172434190630135
723669.0 0.33771483705797734
723669.0 0.3394703178202625
738717.0 0.26055536448325806
736164.0 0.2862054941540669
479619.0 0.7983439366199949
479625.0 0.7954360299085688
479625.0 0.793187214896825
764361.0 0.19134697988599075
764361.0 0.18666957688822122
751971.0 0.23077029266289686
751971.0 0.2365585239714767
751971.0 0.23148175132988652
764361.0 0.1899376582933394
738717.0 0.27884986946596746
752955.0 0.23046240400824808
751971.0 0.23720583868732434
736164.0 0.285731118490183
752955.0 0.2244302733235672
752955.0 0.22394615031198273
764361.0 0.19191657510888188
479625.0 0.7950446796303599
751971.0 0.23177391209526993
479625.0 0.7944560093475432
752955.0 0.22353046032530682
806745.0 0.14368785797835967
479625.0 0.7971693757141165
479625.0 0.7954272849242895
752955.0 0.22431783252287446
479625.0 0.7968294004700979
479625.0 0.798037162345533
479625.0 0.7940808968323975
479625.0 0.7937801172493093
479625.0 0.7979553162564123
806745.0 0.14390345990826897
479625.0 0.7954580688223768
479625.0 0.797652808160466
479625.0 0.796062739773471
479625.0 0.7958844370770248
479625.0 0.7957487829589182
752955.0 0.2233337537717079
479625.0 0.7941823396499113
479625.0 0.79651660068893
806745.0 0.14433523828678443
479625.0 0.7948019622078575
479625.0 0.797482619345339
806745.0 0.14451947041834695
479625.0 0.7935941124067939
806745.0 0.1437604674989592
479625.0 0.796401377437733
806745.0 0.1440478449350714
479625.0 0.7962197517469096
479625.0 0.7966999377694689
479625.0 0.794645557555866
752955.0 0.22348395153354414
479625.0 0.7973402631467098
479625.0 0.7937467239766077
479625.0 0.7933349872063301
479625.0 0.7934665123403898
806745.0 0.1448953512618407
806745.0 0.14475269425313067
806745.0 0.14478162042715687
806745.0 0.14391996891205425
479625.0 0.796190792043655
751971.0 0.23737922579573575
479625.0 0.7957572290038709
806745.0 0.14462780743590078
479625.0 0.7947843722277456
479625.0 0.7975991324339967
479625.0 0.796430358563176
479625.0 0.7946833953252612
806745.0 0.1441291718316583
479625.0 0.7932453832105913
479625.0 0.7972550033890199
806745.0 0.14424993610058356
479625.0 0.7932830717232742
479625.0 0.7935124837086706
479625.0 0.7967171453503645
806745.0 0.14416694472353533
806745.0 0.14424149842864487
479625.0 0.797979457967164
806745.0 0.14459009990355293
479625.0 0.7972891995973643
806745.0 0.1436894763660994
479625.0 0.7967888059354808
479625.0 0.7941695725196042
479625.0 0.7976481669178218
479625.0 0.7975991324339967
479625.0 0.7941232148544343
479625.0 0.7935046091793397
479625.0 0.7941232148544343
479625.0 0.7967888059354808
479625.0 0.7972643688572967
479625.0 0.7946543053139795
479625.0 0.7946766252859675
479625.0 0.7961999838675119
806745.0 0.1441497095391644
479625.0 0.7954411935822915
806745.0 0.14461822403880775
806745.0 0.14415510112258603
806745.0 0.14390804661531534
806745.0 0.14460736820213052
806745.0 0.14460235119123055
479625.0 0.7976481669178218
479625.0 0.7976481669178218
