806745.0 0.12359773909959375
471723.0 0.8070561592155744
644574.0 0.43698667261426816
615024.0 0.554947522525753
554949.0 0.6114340036900533
570309.0 0.5896958559699289
674637.0 0.4062129657573739
752955.0 0.1776519606981385
802899.0 0.14631846782987815
676557.0 0.37412190990479605
520743.0 0.6318032996944931
637032.0 0.5127263944927943
711153.0 0.3609608080758267
570309.0 0.5639856518680976
485625.0 0.724681106059859
634782.0 0.5522415702331119
517215.0 0.6435381040493435
725736.0 0.26375888721484164
496044.0 0.712191541552136
510573.0 0.6643909055070966
500157.0 0.6873861648350987
508917.0 0.6747827560839423
715599.0 0.28429227417235664
727533.0 0.25596345663272885
732417.0 0.23796385040949306
751971.0 0.19597489496203743
500076.0 0.7044252252326549
473838.0 0.7957906688725547
715599.0 0.34381352950775135
752955.0 0.15644679967824374
636078.0 0.5267564448416042
738717.0 0.2071896477341271
635802.0 0.5393670566053337
734925.0 0.20844281656806396
475449.0 0.782094684500907
734925.0 0.2247585109268022
479625.0 0.7372078150914146
715599.0 0.30516574144841474
806745.0 0.1381290387036324
734925.0 0.23300842207283365
752955.0 0.1814182776045962
479625.0 0.747675399878198
715599.0 0.3545594375910942
715599.0 0.31256730924527193
477051.0 0.7776583812626047
715599.0 0.33636152116096785
752955.0 0.19369819424721282
715599.0 0.32541798880704986
738717.0 0.2063749712899683
715599.0 0.3227106174429432
479625.0 0.772775614211007
715599.0 0.3281167599352725
738717.0 0.20056003699654543
806745.0 0.14259703160043666
479625.0 0.755109680167678
479505.0 0.7745292462732013
715599.0 0.34290165357768365
715599.0 0.3062831911992288
479625.0 0.7608296408851635
479625.0 0.756978584532613
806745.0 0.14226332392366323
479625.0 0.7635971363374351
806745.0 0.14460736820213052
479625.0 0.76814417180556
479625.0 0.7693866960857699
479625.0 0.7663568725640855
479625.0 0.7707157108962766
479625.0 0.7709718299632442
806745.0 0.14579020251833946
479625.0 0.7719624049490088
479625.0 0.7689077163083916
479625.0 0.7652071404236312
479625.0 0.7738103544454933
479625.0 0.7653803226415569
479625.0 0.7641665091723018
479625.0 0.7728132925644976
479625.0 0.7663383304851217
479625.0 0.7723336146149763
479625.0 0.7641000804100585
806745.0 0.14598029695618622
479625.0 0.7741713085460048
479625.0 0.7740077563430232
819741.0 0.144788334781675
474927.0 0.8066571321191295
525642.0 0.6391062640817428
571842.0 0.6312653748926101
686313.0 0.39301136488285354
653091.0 0.4495531008491905
606651.0 0.5871283405280994
645369.0 0.4986377719856139
676248.0 0.43254812482437643
583581.0 0.5885178158082927
518973.0 0.675643509508651
617802.0 0.5706146127409196
711303.0 0.387212232171918
572235.0 0.5983677615540806
668694.0 0.4393211665243127
753669.0 0.1880919958376147
627033.0 0.5556522349873382
751971.0 0.20323294297798367
768621.0 0.17477736176234474
481638.0 0.7405476362815835
502359.0 0.7100976209090993
738717.0 0.23804205746803592
772941.0 0.1665125020812597
508167.0 0.6923341219281047
731913.0 0.2645507442875722
719421.0 0.3407439038962362
479883.0 0.7566163486494549
719883.0 0.29919595696723117
509595.0 0.6827077930652216
790224.0 0.1657376160265191
500313.0 0.7221003951418437
489465.0 0.7300879546716028
475464.0 0.7835556589313576
639444.0 0.5535029690359297
728493.0 0.2862797576166354
719823.0 0.31555707078527956
643953.0 0.5154156519242549
641952.0 0.5352678260921699
719421.0 0.355296849324669
492048.0 0.7266411028894936
806745.0 0.15562000570654197
642639.0 0.5236566532395984
639681.0 0.548065575238804
732579.0 0.2530858339120715
796395.0 0.1573429860543216
738717.0 0.22042693622241946
715599.0 0.37686871424323176
727791.0 0.28846479618987336
479625.0 0.7745691282089271
715599.0 0.36284416938483405
802365.0 0.1565526113184194
793170.0 0.1600631970557986
769149.0 0.1680063831163505
719883.0 0.311231864518811
751971.0 0.21341831363811095
734925.0 0.24766852901096997
790593.0 0.16310905588158756
738717.0 0.21750380799008415
719883.0 0.28889713505934206
715599.0 0.37032357926922504
715599.0 0.38225771887390975
804705.0 0.15612715951738787
479625.0 0.7786207205048109
734925.0 0.24183440436224093
734925.0 0.23857919276221348
715599.0 0.36617555180947425
751971.0 0.21651639634137096
734925.0 0.24730561167616788
806745.0 0.14882254801026085
806745.0 0.15523008561639426
806745.0 0.14997569291856988
806745.0 0.1526088053104625
806745.0 0.14922633755538642
806745.0 0.1516660880085085
806745.0 0.1507917240606209
479625.0 0.7780351679998542
479625.0 0.7764190003639624
479625.0 0.7755562717032936
479625.0 0.77748229812987
479625.0 0.7813332003065908
479625.0 0.7820052778711937
479625.0 0.7810459969364806
479625.0 0.7749565902088814
806745.0 0.15320067313953167
479625.0 0.7804204323517733
806745.0 0.15403494868967452
806745.0 0.15462990928364342
479625.0 0.7770684780424008
806745.0 0.15341548781146472
806745.0 0.1511158494848721
479625.0 0.7829594819392699
479625.0 0.7800446894990184
806745.0 0.15389495236124115
479625.0 0.7754042614903754
479625.0 0.7796145170852431
479625.0 0.7791461483652253
806745.0 0.15146279735308035
479625.0 0.7822597375408425
806745.0 0.15596606707024813
479625.0 0.7833072481613598
806745.0 0.1550484007535364
806745.0 0.15476226792797196
806745.0 0.1552390480852736
479625.0 0.7767791328562829
479625.0 0.7825547184914753
479625.0 0.7802500422434839
806745.0 0.1556215539821324
479625.0 0.7794463204239434
479625.0 0.7826443553827145
479625.0 0.7790647300453435
479625.0 0.7792794515844792
479625.0 0.7766049870089171
479625.0 0.7788495285470171
479625.0 0.7788248681963551
479625.0 0.7834514018832287
479625.0 0.7766819085750377
479625.0 0.7791570958413827
479625.0 0.7835018863691146
479625.0 0.7826437250794023
806745.0 0.15721325765158098
806745.0 0.1565253452229404
475143.0 0.8293120552696843
535221.0 0.6424573135595074
573234.0 0.6292316167313894
688686.0 0.415470818923926
673092.0 0.4431390561289454
642336.0 0.5391145409474852
657723.0 0.45327548333312034
707469.0 0.39673502155385193
579177.0 0.6093329286773346
598614.0 0.6029519722452952
633009.0 0.5623204103838866
526383.0 0.6664301799670408
603477.0 0.5901825395666621
496827.0 0.7276834895636458
621825.0 0.5825659720661877
509244.0 0.7109412021892515
653688.0 0.5177587012908841
656202.0 0.49286995165586983
774879.0 0.17493480379594728
738717.0 0.24062559710862508
521574.0 0.6828044093568795
789261.0 0.17152179551261937
760269.0 0.20116855039961606
715599.0 0.3905572648086508
626898.0 0.5760553493468176
749163.0 0.23750494502183564
491451.0 0.7310603644925983
481593.0 0.7702597357036839
519996.0 0.6969099531368171
487779.0 0.741174865826526
475269.0 0.8082711700973991
796872.0 0.15918155703531767
725736.0 0.29218405107982093
719823.0 0.3470221621580749
752955.0 0.2244302733235672
769149.0 0.19672388608835525
719883.0 0.31654963989392654
515340.0 0.7004530395730456
718581.0 0.38468332258003
719565.0 0.36756233815303085
510387.0 0.7021257205899659
769149.0 0.2008587986424615
487434.0 0.7526264672383952
654360.0 0.5117480461101938
734925.0 0.25591772775395083
804486.0 0.1587102835476883
483909.0 0.761863530417069
769149.0 0.1868967692613889
479625.0 0.7838281502118157
477282.0 0.8042803511245565
655503.0 0.49936453025184113
793170.0 0.1640231836935706
624630.0 0.5786070119877789
719883.0 0.3268152451233664
483909.0 0.7555598048914687
723669.0 0.30193267363232995
732252.0 0.2902703540352989
792468.0 0.1673987311647905
477282.0 0.790988060801123
723669.0 0.30917026337886105
734925.0 0.2738795324368252
752955.0 0.21666476587337083
723684.0 0.300628196323033
752955.0 0.2104680132476385
732579.0 0.28339382844992234
719883.0 0.33334703941041344
769149.0 0.17825471448744415
719421.0 0.3738525209807057
752955.0 0.20344734625674732
734925.0 0.2695073674355611
734925.0 0.27614273493935215
477282.0 0.7895060425692343
719883.0 0.33974456782369317
477501.0 0.7861817426610573
734925.0 0.26278634599691225
655866.0 0.49756875180315346
751971.0 0.23457821284152874
719823.0 0.3415172529011107
751971.0 0.22968806545923445
751971.0 0.22951565724871398
719565.0 0.37016856892992783
732579.0 0.28607410443273223
719421.0 0.37359083442810437
734925.0 0.25770721965318844
806745.0 0.1576347208748281
732279.0 0.28961404776980515
479625.0 0.7840523385252671
751971.0 0.22826135455879598
734925.0 0.26124159757323473
732579.0 0.2843565858696422
734925.0 0.2613221662299195
751971.0 0.22841756278902106
479625.0 0.7850546484080364
479625.0 0.785475379897311
479625.0 0.7843562948235516
479625.0 0.7860155399214844
806745.0 0.1566686320352277
806745.0 0.15810339825893668
806745.0 0.15770074083065397
806745.0 0.1586683443198587
806745.0 0.15825981099861414
806745.0 0.15733657594962042
479625.0 0.7841776620658112
479625.0 0.7842442964200713
806745.0 0.15819093343641297
479625.0 0.7839415404465913
479625.0 0.7839500413203727
479625.0 0.7840481721013248
806745.0 0.15824476728494757
808785.0 0.15661169683451948
475449.0 0.8245855572863886
581016.0 0.6113682375194223
621492.0 0.5998135538521244
676674.0 0.4484980909176496
688809.0 0.4239660156576365
568668.0 0.6432686097493109
529062.0 0.6775385060146389
656772.0 0.5186498879358535
658734.0 0.49589963198015524
542391.0 0.6438174457403355
524730.0 0.6907637276705708
541200.0 0.6563546014568474
513294.0 0.7053044107306063
647994.0 0.539745716246541
658980.0 0.4601156587707283
705231.0 0.41641601186736116
769857.0 0.1885127590932912
696576.0 0.41670852269612435
667560.0 0.4556366090888579
622032.0 0.5828586864401074
578562.0 0.6352766760961526
756963.0 0.20981408486732508
630987.0 0.5789070925150693
781467.0 0.17539552247805099
644499.0 0.5438603090054335
736497.0 0.2751031456377668
716103.0 0.4140025174004198
741165.0 0.24152458379022193
739596.0 0.25539125680656405
574593.0 0.6377703809342116
790677.0 0.1739569212825931
642393.0 0.5596485992297061
736497.0 0.26002120927919575
492471.0 0.7316327759332703
509307.0 0.7248226636759215
719883.0 0.3798235875025994
634926.0 0.5640887512262035
774879.0 0.18089822484928145
501540.0 0.7285586791482531
487890.0 0.7431499369552371
633978.0 0.5737324962460045
763683.0 0.20200474349565256
720015.0 0.3494935426839267
746781.0 0.24131880841309902
511662.0 0.7147458820036503
662223.0 0.459931410022082
499581.0 0.7292878125864457
475695.0 0.820239824150822
492267.0 0.7402426054365954
753669.0 0.2267107844230675
485301.0 0.7661856782468478
640554.0 0.5626329152476318
794022.0 0.17320573396886602
487731.0 0.7541996816409321
720519.0 0.3276142871820501
775737.0 0.17621131651577213
753669.0 0.2196974470011135
481965.0 0.7728408324090289
478329.0 0.7931288631384875
734154.0 0.2853748029225699
796401.0 0.16609026911234162
723789.0 0.3053499758206671
477390.0 0.8073096764070927
720519.0 0.3360418719268215
477432.0 0.8065963988775005
720015.0 0.36491298263407534
752955.0 0.23328142322921339
719883.0 0.36500508887180133
717690.0 0.4020391749619327
541659.0 0.6500904081312785
764361.0 0.20149614797285278
509541.0 0.7198814622194007
732579.0 0.2897636272627
798393.0 0.16430708774393932
727791.0 0.29491506344961926
718725.0 0.39570223295750273
723669.0 0.3185880386764475
720015.0 0.3435822648288504
481641.0 0.7774666374989629
717690.0 0.4088782287387436
719565.0 0.38908047473097657
751971.0 0.24090413033484528
802569.0 0.1606814980375929
801033.0 0.16118432218070197
764361.0 0.20196758394396955
723669.0 0.3204389088159636
487434.0 0.7614339356582659
751971.0 0.23900964193779953
725706.0 0.30087131960574537
479625.0 0.7863474052907108
486336.0 0.7617930058720875
727791.0 0.30011533452868566
806745.0 0.15980905409388285
724209.0 0.30204854758579247
718725.0 0.3902900627621066
733440.0 0.28669094424662395
723669.0 0.32346055575755994
732579.0 0.2917924273054171
481665.0 0.7771987781874605
727791.0 0.29626269424910756
717690.0 0.4119044898845817
806745.0 0.1601894515073337
479625.0 0.7923229351557151
479625.0 0.7892713401494473
806745.0 0.1589587350522598
723669.0 0.3190908470387421
479625.0 0.7907271442546784
479625.0 0.7873641554945808
479625.0 0.7885074390607024
479625.0 0.7901418259088566
479625.0 0.789959447069959
479625.0 0.7878994198417331
479625.0 0.7865120251691561
479625.0 0.7880595379742477
806745.0 0.159710799413345
479625.0 0.7915373138847926
479625.0 0.7895046591764793
806745.0 0.15927461503337942
479625.0 0.7886875313800785
479625.0 0.7926222092118003
479625.0 0.7911819334387444
479625.0 0.7920770197144035
479625.0 0.7868814731825933
806745.0 0.15992731071874783
479625.0 0.7919177869913412
806745.0 0.16036226012277752
479625.0 0.7889253120034042
479625.0 0.7890441996592616
479625.0 0.7924046732416443
806745.0 0.15906396930102198
479625.0 0.7909660861191958
479625.0 0.7930099653843831
479625.0 0.7872147534057768
479625.0 0.791705530724096
806745.0 0.1592243308113357
479625.0 0.7911297595709215
479625.0 0.7928200947850758
479625.0 0.7928200947850758
479625.0 0.7901048947719764
479625.0 0.7916904667422487
479625.0 0.7893436913727325
479625.0 0.7894673960729043
479625.0 0.7909815269660934
479625.0 0.7871343020767925
479625.0 0.7870725630621658
806745.0 0.16028966342412798
479625.0 0.7930586834908455
479625.0 0.787985943164641
479625.0 0.786897513650178
479625.0 0.7869851594656875
806745.0 0.15978856468069574
479625.0 0.7869981696859935
479625.0 0.78795341242684
479625.0 0.7893000123670011
806745.0 0.1603167790087514
806745.0 0.1603167790087514
479625.0 0.7909732378146855
479625.0 0.7909778113522729
479625.0 0.7928200947850758
815910.0 0.15661310721300378
477264.0 0.8232494686464505
611520.0 0.611995579594962
554052.0 0.6477587678542823
584040.0 0.6223581364247337
628380.0 0.5911628994328981
579372.0 0.6422862218182739
669261.0 0.46340918708692147
659790.0 0.483346313006442
633711.0 0.5815310644424663
659583.0 0.5324274130869474
693435.0 0.4356684529029722
524952.0 0.6986156000663619
705543.0 0.4228936539991406
682386.0 0.44976855509833863
515340.0 0.7057135544743277
713490.0 0.4182603864970277
543807.0 0.6573335206188262
640638.0 0.5647422732818431
679113.0 0.45169317938062997
770505.0 0.19235095769783458
663132.0 0.482058203231484
649455.0 0.540705574768322
694206.0 0.42533070987542937
532626.0 0.6931476492613899
504045.0 0.7332993234560864
758514.0 0.2122701071625435
724101.0 0.3134910881751509
509595.0 0.7247366396301136
766191.0 0.20338506449238347
646797.0 0.5492440267459375
514320.0 0.7218874061987686
581412.0 0.6354819827381746
738717.0 0.26463495453341324
535221.0 0.6824655648022372
796488.0 0.16635657851319782
542142.0 0.665699587558195
657495.0 0.5331523515673005
643491.0 0.559915066026113
789261.0 0.17722336286874893
778911.0 0.17959974249033922
754281.0 0.22440769166380053
717825.0 0.405668787960156
754281.0 0.23914898240990623
738456.0 0.27908796061758495
728994.0 0.3008177173095337
745275.0 0.2552285848758694
776646.0 0.18502891309620792
723669.0 0.3370405657940657
802305.0 0.16266744163301372
763683.0 0.21050220785718185
720537.0 0.3627647654647064
482667.0 0.7739563521100572
497703.0 0.7350821303723417
741393.0 0.2558108147505172
725658.0 0.308575428474385
723597.0 0.35208184179458973
720015.0 0.3855932307496719
754281.0 0.24162047747634788
477513.0 0.8113105474882605
810969.0 0.15885629024233644
481974.0 0.7867386107246515
541467.0 0.6809137597753907
794421.0 0.17544770167563845
479289.0 0.7987362864960392
731751.0 0.29560333189022275
584040.0 0.6133822919035389
736497.0 0.2855120821684136
720015.0 0.37147746886639194
493983.0 0.7361098018423603
488337.0 0.7512678333261569
541200.0 0.681431545581846
488349.0 0.7452174036855352
485403.0 0.7701353841729969
491514.0 0.7439664609832327
488247.0 0.7596151960298229
493539.0 0.742113366869854
477432.0 0.8147279044937389
723669.0 0.34677664665109975
814977.0 0.15731451895627885
736107.0 0.2898973559541662
778695.0 0.18392704008095845
806745.0 0.16123985898128765
481581.0 0.7906992453840808
734493.0 0.2946148646855335
720081.0 0.36888496396447995
806745.0 0.1618086739345092
745275.0 0.24192826438826825
745275.0 0.24887296415076696
734493.0 0.2924444055865063
791490.0 0.17682488433378776
723669.0 0.34001099873133683
792468.0 0.1757792250686837
718725.0 0.40256834031374883
720015.0 0.39241781011320215
487434.0 0.769836955806303
745275.0 0.24731142733927905
487434.0 0.7626531539395085
480273.0 0.7919480774267037
719565.0 0.39936953168540423
487434.0 0.7672275436368601
745275.0 0.24206247137994236
659556.0 0.5326866418978773
487434.0 0.7643575767938756
719565.0 0.39641120752539516
719565.0 0.3949104583311956
720015.0 0.3926410313444685
719421.0 0.40172434190630135
719421.0 0.4010416439025414
723669.0 0.33855730402355605
720015.0 0.3702117875068901
806745.0 0.16072173425585098
723669.0 0.33771483705797734
723669.0 0.3394703178202625
479619.0 0.7983439366199949
479625.0 0.7946543053139795
479625.0 0.793187214896825
479625.0 0.7950446796303599
479625.0 0.7944560093475432
806745.0 0.16228078698330392
479625.0 0.7971693757141165
479625.0 0.7954272849242895
806745.0 0.16207411657826956
479625.0 0.7968294004700979
479625.0 0.798037162345533
806745.0 0.1616578089945579
479625.0 0.7940808968323975
479625.0 0.7937801172493093
479625.0 0.7979553162564123
479625.0 0.7954580688223768
479625.0 0.797652808160466
479625.0 0.796062739773471
479625.0 0.7958844370770248
479625.0 0.7957487829589182
479625.0 0.7941823396499113
479625.0 0.79651660068893
806745.0 0.16185489669572115
479625.0 0.7948019622078575
479625.0 0.797482619345339
806745.0 0.16143877962628286
479625.0 0.7935941124067939
479625.0 0.796401377437733
806745.0 0.1622386014238899
479625.0 0.7962197517469096
479625.0 0.7966999377694689
479625.0 0.794645557555866
479625.0 0.7973402631467098
479625.0 0.7937467239766077
479625.0 0.7933349872063301
479625.0 0.7934665123403898
806745.0 0.16179705606750652
479625.0 0.796190792043655
479625.0 0.7957572290038709
479625.0 0.7947843722277456
479625.0 0.7975991324339967
479625.0 0.796430358563176
479625.0 0.7946833953252612
806745.0 0.16135074870577706
479625.0 0.7932453832105913
479625.0 0.7972550033890199
479625.0 0.7932830717232742
479625.0 0.7935124837086706
479625.0 0.7967171453503645
806745.0 0.16140676621845737
479625.0 0.797979457967164
479625.0 0.7972891995973643
479625.0 0.7967888059354808
806745.0 0.16129977417143743
806745.0 0.1612831801995821
479625.0 0.7941695725196042
479625.0 0.7941232148544343
479625.0 0.7975991324339967
479625.0 0.7976481669178218
479625.0 0.7941232148544343
479625.0 0.7935046091793397
479625.0 0.7967888059354808
479625.0 0.7972643688572967
479625.0 0.7946766252859675
479625.0 0.7961999838675119
479625.0 0.7954411935822915
479625.0 0.7954360299085688
479625.0 0.7976481669178218
479625.0 0.7976481669178218
810993.0 0.16013232973204164
477495.0 0.8484574873796412
620739.0 0.6122333181782575
585447.0 0.6146751104536817
699159.0 0.43258065980403615
671337.0 0.46545799820697403
655020.0 0.5519258863333417
682734.0 0.4534171407098898
660405.0 0.5054769575817921
582549.0 0.6394160607862508
661752.0 0.4989180628107979
543807.0 0.668281017731167
554892.0 0.656863676884748
516192.0 0.7060761933473051
629490.0 0.6116494135740199
635868.0 0.5858361188004374
566703.0 0.6525534142029266
511602.0 0.7248501988155239
530331.0 0.7053802124508272
786765.0 0.18096077151792683
477501.0 0.8157120372443495
541476.0 0.6882867838791822
709656.0 0.4290367240112807
680103.0 0.4611000070911335
771147.0 0.1947543024796685
754431.0 0.23664829591255968
479715.0 0.7935101762964213
584997.0 0.6240781289049556
483687.0 0.7759024124856055
565869.0 0.6552111269299618
769149.0 0.20741905101163377
496212.0 0.7417940275951374
536991.0 0.6929807139403862
534423.0 0.7000213859324669
719883.0 0.39495404820883123
720519.0 0.387203735365489
724239.0 0.3350163724774654
640860.0 0.5799178027500368
746781.0 0.24404998864047417
797745.0 0.1668550833921674
793902.0 0.17707073467109688
487890.0 0.7629518412501651
757869.0 0.22516272624051897
723789.0 0.34940337199837923
739539.0 0.2859426236511971
508167.0 0.7333835990414306
760269.0 0.2156798424984333
721023.0 0.37204966720867
746781.0 0.2621929238442291
647754.0 0.570150379436477
736290.0 0.2925865988688708
802683.0 0.16442139208696907
502044.0 0.7384438951169202
778695.0 0.18785056823803237
755742.0 0.2300039139790212
740316.0 0.2791257784433725
717690.0 0.42724860897524913
746781.0 0.24551323238977232
727533.0 0.31014949969149597
719565.0 0.4105198712170731
491730.0 0.7524153228765733
778695.0 0.1926451717204464
487434.0 0.7739103693350299
649914.0 0.5686091302596513
652017.0 0.5601148545744038
719421.0 0.41681212100653137
642639.0 0.5733101776780531
489528.0 0.754323879530115
725706.0 0.31796340223384606
505827.0 0.7341199812320321
714711.0 0.4286466738445015
491730.0 0.744831416007666
723669.0 0.3564584916359436
725706.0 0.32102066139976365
651021.0 0.5601522075319794
796824.0 0.1763592310736442
745017.0 0.2664595773137927
741009.0 0.2689630543197358
729846.0 0.30848443290439737
502359.0 0.7356547308392167
765372.0 0.2114154863926213
762267.0 0.21368199478179684
722658.0 0.3638657265810089
740520.0 0.2696530238048639
808986.0 0.1622703580701676
729846.0 0.3028902933774728
735627.0 0.29754093556236894
642372.0 0.5745219914680685
722658.0 0.3713968001694095
805872.0 0.16403720443600608
719421.0 0.4116896730105684
485709.0 0.7753576770766476
723597.0 0.3627967485288597
732252.0 0.30283064332171017
716103.0 0.4281130310415486
725706.0 0.3282747958220044
479619.0 0.8127392072006308
764967.0 0.21272488845310597
733215.0 0.3019594190560969
778695.0 0.18698913960891417
796515.0 0.17705885572616437
725706.0 0.32844266196061633
490182.0 0.7528330988611067
745275.0 0.2625548083678049
734016.0 0.2995310410379361
734493.0 0.29918050332939594
806745.0 0.16269183475829407
479625.0 0.7983637230653254
806685.0 0.1627452527304733
778695.0 0.1899594089030684
745275.0 0.2647034461193793
745251.0 0.2650182000478795
778695.0 0.1916630595361321
765351.0 0.21170950377266118
778695.0 0.18905089346435086
764967.0 0.21330587413061142
778695.0 0.19361458987107213
778695.0 0.19214754591539696
778695.0 0.19354447237833883
479625.0 0.7984088497151559
479625.0 0.7990302018836022
479625.0 0.8117745317188462
479625.0 0.8046036832702554
479625.0 0.8078112732373932
479625.0 0.8040574625542881
479625.0 0.80211930395971
479625.0 0.8036544088707293
479625.0 0.8015263030066025
479625.0 0.8122546377061501
479625.0 0.8049389306114544
479625.0 0.8010609000278577
479625.0 0.8081319828406563
479625.0 0.8032193702055859
479625.0 0.7999907216423904
479625.0 0.8023962976172643
479625.0 0.8061796538656644
479625.0 0.8071833201049461
479625.0 0.8086262020532107
479625.0 0.811315313000112
479625.0 0.7993674332280357
479625.0 0.8103411811978946
479625.0 0.7997439741580786
479625.0 0.8082973277723113
479625.0 0.7990453463247634
479625.0 0.8100298951075463
479625.0 0.8115938037979842
479625.0 0.80461960502287
479625.0 0.8074252542321699
479625.0 0.8050919346499287
479625.0 0.8094671481015917
479625.0 0.8126812133532014
479625.0 0.8075707280733236
479625.0 0.8109758448341072
479625.0 0.8064308192802625
479625.0 0.8059319232373143
479625.0 0.8090996190503851
479625.0 0.8017013431929872
479625.0 0.8089343851403744
479625.0 0.8124060957515643
479625.0 0.8009770945805315
479625.0 0.8066563513901477
479625.0 0.8018921174608021
479625.0 0.8107353530406992
479625.0 0.8092649394200891
479625.0 0.8108049677399607
479625.0 0.8052503166946684
479625.0 0.8002396779425346
479625.0 0.8007635997933897
479625.0 0.8005350912120223
479625.0 0.803861801631732
479625.0 0.8097598042446014
479625.0 0.8004485066299484
479625.0 0.8110945813401282
479625.0 0.8001742337787443
479625.0 0.8095698770050797
479625.0 0.8112019662178782
479625.0 0.8029539757576477
479625.0 0.7994102999718602
479625.0 0.8025619931325861
479625.0 0.8103932413491345
479625.0 0.8027483131845401
479625.0 0.8007930665410671
479625.0 0.8097769130573901
479625.0 0.8054619379091397
479625.0 0.8063402693841524
479625.0 0.8040336790475592
479625.0 0.8055455542144757
479625.0 0.8099563250375607
479625.0 0.8086899799285587
479625.0 0.8116508327387684
479625.0 0.810554822007184
479625.0 0.8027839832752879
806745.0 0.16272168266094933
479625.0 0.7995830314525576
479625.0 0.8058451583557248
479625.0 0.8096887796441196
479625.0 0.8025345363857906
479625.0 0.8082760343568466
479625.0 0.8092190458434432
479625.0 0.80185256051219
479625.0 0.807021301166909
479625.0 0.810554822007184
479625.0 0.8067933162494542
479625.0 0.8015696003756081
479625.0 0.8068910957194595
479625.0 0.7996390821902597
479625.0 0.807518025639712
479625.0 0.805722151549812
479625.0 0.8038037316933211
479625.0 0.8053525597273753
479625.0 0.808807577335501
479625.0 0.8056484698241446
479625.0 0.8088200131875811
479625.0 0.8070095923616211
479625.0 0.812351086994101
479625.0 0.805330933941602
479625.0 0.8031099216276815
479625.0 0.8066984690746273
479625.0 0.8068588263168232
479625.0 0.8037275141150022
479625.0 0.8122546377061501
479625.0 0.8031355160413649
479625.0 0.8058945748044226
479625.0 0.8031985491343998
479625.0 0.8010574407744715
479625.0 0.8030337910522632
479625.0 0.8030040907159804
479625.0 0.8037063416829628
479625.0 0.8100055721616276
479625.0 0.8097356762573528
479625.0 0.8005327261512906
479625.0 0.8004659866089845
479625.0 0.8002138143609816
479625.0 0.8063705591230005
479625.0 0.8127076533471542
479625.0 0.8056731255303493
479625.0 0.8099585839487299
479625.0 0.8057048100377018
479625.0 0.8123620474201915
479625.0 0.8124060957515643
479625.0 0.7995954949136013
479625.0 0.8066917022575045
479625.0 0.8018650970066635
479625.0 0.8027738758526707
479625.0 0.8063705591230005
479625.0 0.8030274663397479
479625.0 0.8007665122443792
479625.0 0.8040498223558746
479625.0 0.8015464018292396
479625.0 0.8015464018292396
479625.0 0.8004659866089845
479625.0 0.7995830314525576
479625.0 0.7995954949136013
479625.0 0.807021301166909
479625.0 0.8070095923616211
479625.0 0.8123612448865318
479625.0 0.8070095923616211
479625.0 0.807021301166909
479625.0 0.807021301166909
479625.0 0.8070095923616211
479625.0 0.8070095923616211
479625.0 0.807021301166909
479625.0 0.8070095923616211
814971.0 0.16095836787880413
478329.0 0.8168688132359124
614121.0 0.6189733215016306
687660.0 0.45473310276113227
587994.0 0.6225852655311102
671448.0 0.4783160619959123
675636.0 0.4674743446973828
548232.0 0.6784576705905685
541476.0 0.6984741989513118
556866.0 0.6648846394722441
701055.0 0.4505916379369905
661308.0 0.5374516535505361
526383.0 0.7067604093318184
664479.0 0.5037139268031997
642867.0 0.57769957076153
663660.0 0.5047374560567572
621231.0 0.6124733372124452
630594.0 0.6120671262722329
573234.0 0.6527487695225216
563574.0 0.6613389850738158
491793.0 0.7490305348161992
585198.0 0.6468163452445775
705303.0 0.44420824883610643
545538.0 0.6947568392553725
651858.0 0.5698249429072788
490761.0 0.7653494039826013
747549.0 0.24788468084999749
639858.0 0.6100786782027978
711231.0 0.4365311585401172
570717.0 0.6559552423009717
641262.0 0.5896096881041064
506946.0 0.7378928879788068
585447.0 0.6245394023658439
724521.0 0.3359207564980922
519471.0 0.7147399591871815
641193.0 0.60158908387401
655995.0 0.555681180535439
585447.0 0.6420174899472949
660864.0 0.5515135675026009
746001.0 0.26370318366032997
499944.0 0.7483573806011826
517053.0 0.7172423083118106
752955.0 0.2446719898828117
514416.0 0.7269014909216717
526263.0 0.7119187534133329
758271.0 0.22724664329165029
724239.0 0.3540556978107588
487782.0 0.7741408848495164
740553.0 0.28817707923367075
757662.0 0.23490481345823291
754701.0 0.23982785980108873
725736.0 0.3332505448817062
798093.0 0.1720399992421746
725736.0 0.31939733926146274
772905.0 0.20079119566952333
783351.0 0.18792874011533678
503760.0 0.743941784596435
760980.0 0.22075331067978662
787209.0 0.1859038622353564
480009.0 0.7973319048797376
770412.0 0.2114936581538961
740553.0 0.27651623535286424
794271.0 0.17941457034790934
806745.0 0.16305195096256128
717405.0 0.4281775782844051
479781.0 0.8079217916278569
485439.0 0.777205734745353
512361.0 0.7353606228953975
485439.0 0.7884602235502862
661053.0 0.5428357568302977
796113.0 0.1788256570771536
789030.0 0.18159843917569604
654075.0 0.5611433514128478
740553.0 0.2716736309995098
720537.0 0.39006274456690276
727533.0 0.3180857653828307
734925.0 0.2997942543277509
732066.0 0.3034509038840615
729846.0 0.31162130461254123
720015.0 0.400482175556219
778695.0 0.19479020814410578
652443.0 0.5633521025626306
736164.0 0.29769605843722347
719883.0 0.4112277856021404
714552.0 0.43468149172355613
774879.0 0.19704512326967505
761769.0 0.2162582166417978
730260.0 0.3044400170874265
722949.0 0.3711742537301448
802125.0 0.1717178183610555
722499.0 0.3880825191303295
502863.0 0.7483265894171732
739851.0 0.29640740083344624
481680.0 0.7945670860222104
719565.0 0.4182366840788431
766191.0 0.21307535143867126
722658.0 0.37498682171296255
778911.0 0.18827028635164803
745233.0 0.27137112168832306
719565.0 0.4177695922243112
716103.0 0.43319761550625074
770052.0 0.2118869478544493
764967.0 0.2159662251064111
720489.0 0.398056946807096
513090.0 0.7313553746729508
804705.0 0.1655713751151456
724101.0 0.36540754875407494
740553.0 0.294713323768293
483927.0 0.7911154297238987
486117.0 0.7759004667978595
772959.0 0.1978611897229404
717315.0 0.4301581086032635
724101.0 0.359209869700267
724101.0 0.35570103743521214
722658.0 0.38119108549604674
729846.0 0.3135292166948824
802788.0 0.16649970781365622
778839.0 0.1895928071240814
722658.0 0.38202625746640095
513090.0 0.7346149207714944
719565.0 0.41251675040798313
802224.0 0.16773850195837722
724101.0 0.3631953858396242
789030.0 0.18137600777707097
483927.0 0.7938121040829033
765972.0 0.2149184306516653
479625.0 0.8128361534892699
745275.0 0.270556659022338
745617.0 0.2668091786953392
806745.0 0.16475211407049498
745275.0 0.2671200696269719
720375.0 0.3989189158956441
479259.0 0.8161856670963717
483927.0 0.7934372372929788
806745.0 0.16284062318450798
479625.0 0.815088475825425
479625.0 0.815876206265386
479625.0 0.8144863096094563
479625.0 0.8153858900329828
778695.0 0.19549543059079855
806745.0 0.16320780629103648
479625.0 0.8139796013181565
806745.0 0.16378627129711343
778695.0 0.19518160734737255
778695.0 0.19642413443625084
778695.0 0.19635390353025822
778695.0 0.19574828178633316
806745.0 0.16444010472247467
806745.0 0.16532143457304313
479625.0 0.8149264086351368
806745.0 0.16482191645741215
806745.0 0.16407353187035364
479625.0 0.8137547284796871
479625.0 0.8130632287313053
479625.0 0.8134797846137037
806745.0 0.16473545456821423
479625.0 0.8161422951149837
806745.0 0.16393893676742693
778695.0 0.19568361626232023
479625.0 0.8132935353129392
806745.0 0.16291785241142326
806745.0 0.16546162236033493
479625.0 0.8133985798433456
479625.0 0.8133092029445294
806745.0 0.16549621999747355
806745.0 0.16555955634183167
806745.0 0.1647798341315967
806745.0 0.1647653374245605
