806745.0 0.12359773909959375
806745.0 0.11763879028080623
471723.0 0.8070561592155744
644574.0 0.43698667261426816
615024.0 0.554947522525753
554949.0 0.6114340036900533
570309.0 0.5896958559699289
674637.0 0.4062129657573739
676557.0 0.37412190990479605
751971.0 0.143017153628406
520743.0 0.6318032996944931
637032.0 0.5127263944927943
711153.0 0.3609608080758267
790317.0 0.14051173720014454
570309.0 0.5639856518680976
485625.0 0.724681106059859
634782.0 0.5522415702331119
517215.0 0.6435381040493435
725736.0 0.26375888721484164
496044.0 0.712191541552136
510573.0 0.6643909055070966
500157.0 0.6873861648350987
508917.0 0.6747827560839423
715599.0 0.28429227417235664
727533.0 0.25596345663272885
732417.0 0.23796385040949306
715599.0 0.31256730924527193
500076.0 0.7044252252326549
802584.0 0.12960872503205204
473838.0 0.7957906688725547
734925.0 0.2247585109268022
794412.0 0.13298123282207108
636078.0 0.5267564448416042
635802.0 0.5393670566053337
738717.0 0.2071896477341271
475449.0 0.782094684500907
479625.0 0.7372078150914146
715599.0 0.30516574144841474
734925.0 0.20844281656806396
479625.0 0.747675399878198
738717.0 0.1539631030462344
715599.0 0.3545594375910942
791673.0 0.13710215505263254
477051.0 0.7776583812626047
715599.0 0.33636152116096785
715599.0 0.32541798880704986
806595.0 0.12537913659557814
734925.0 0.23300842207283365
479625.0 0.7741713085460048
715599.0 0.3227106174429432
715599.0 0.34381352950775135
715599.0 0.3281167599352725
738717.0 0.16032067246806547
738717.0 0.16420555666623823
479625.0 0.755109680167678
479505.0 0.7745292462732013
738717.0 0.19648589393287091
715599.0 0.34290165357768365
715599.0 0.3062831911992288
479625.0 0.7608296408851635
738717.0 0.16962890391179883
806745.0 0.11799923779029692
479625.0 0.756978584532613
806745.0 0.12324145471971447
738717.0 0.18060089543933988
738717.0 0.18524844026291926
738717.0 0.17514770066384042
738717.0 0.17211276695781227
479625.0 0.7635971363374351
738717.0 0.17670078941038284
738717.0 0.1788328151220426
479625.0 0.76814417180556
738717.0 0.17029558469246017
738717.0 0.18857541687069063
738717.0 0.18673294068315258
738717.0 0.17186534005195414
479625.0 0.7693866960857699
479625.0 0.7663568725640855
806745.0 0.12475074554384943
738717.0 0.20265006072870934
738717.0 0.19007869365787466
479625.0 0.7707157108962766
738717.0 0.17568340204545146
738717.0 0.19133738964766359
738717.0 0.20129122349864867
479625.0 0.7719624049490088
479625.0 0.7641665091723018
738717.0 0.1794853079584972
479625.0 0.7709718299632442
479625.0 0.7689077163083916
479625.0 0.7652071404236312
738717.0 0.18621053877818017
479625.0 0.7738103544454933
738717.0 0.1920084773182778
479625.0 0.7653803226415569
479625.0 0.7728132925644976
479625.0 0.7663383304851217
738717.0 0.18551976141905122
738717.0 0.19507373015725663
738717.0 0.19310566933106113
738717.0 0.2079629189950856
738717.0 0.1979952917458993
479625.0 0.7723336146149763
738717.0 0.19277504725755917
738717.0 0.20672106615536603
738717.0 0.1937502714831538
738717.0 0.2074047719495343
738717.0 0.1985133227651144
738717.0 0.1992119258056664
738717.0 0.18015795443891533
738717.0 0.19159153279225521
738717.0 0.19752998830297347
738717.0 0.19939065280592547
738717.0 0.2006563590406373
738717.0 0.20126976423779921
738717.0 0.1956757446041827
738717.0 0.18967327400358927
738717.0 0.20593737879635454
479625.0 0.7641000804100585
738717.0 0.19988395578666443
738717.0 0.18893599209318862
738717.0 0.1867266402341298
738717.0 0.19601534667430814
479625.0 0.772775614211007
738717.0 0.20303249875168095
738717.0 0.2083407206145255
738717.0 0.2063749712899683
738717.0 0.20452761465375532
738717.0 0.1984177510110025
738717.0 0.20040527664942734
738717.0 0.1802735452681446
738717.0 0.18911158855588062
738717.0 0.1971004144536052
738717.0 0.19472308185859732
738717.0 0.19733528947458662
738717.0 0.203983933850905
738717.0 0.20360292678340344
738717.0 0.20323656214827224
738717.0 0.20365811436881995
738717.0 0.20509973251054583
738717.0 0.18937123972928685
479625.0 0.7740077563430232
738717.0 0.19399487471184526
738717.0 0.19679965456239798
738717.0 0.2052954692731194
738717.0 0.20640287375494165
738717.0 0.20492438593485413
738717.0 0.19569453013031665
738717.0 0.19280184931845087
738717.0 0.20011569936957999
738717.0 0.1965518926327347
738717.0 0.19424425439627688
738717.0 0.18947951406919966
738717.0 0.19690233918310424
738717.0 0.20425447239704772
738717.0 0.2058028164787988
738717.0 0.1962252665444997
738717.0 0.19458492035516292
738717.0 0.19388722757207263
738717.0 0.20408764612524172
738717.0 0.2047122747723064
738717.0 0.20475640341114895
738717.0 0.196197812642412
738717.0 0.1943773758692702
738717.0 0.20563820788485582
738717.0 0.20544978116575946
738717.0 0.19923662598467679
738717.0 0.20312551398567433
738717.0 0.2042273161356466
738717.0 0.20056003699654543
738717.0 0.19464268362108722
738717.0 0.194303179550372
738717.0 0.1999796747140841
738717.0 0.1801646496593986
738717.0 0.20319961616957963
738717.0 0.200058027259245
738717.0 0.20553068862394247
738717.0 0.20843444576932246
738717.0 0.19992880307368666
738717.0 0.19845281107423993
738717.0 0.2054791752770526
738717.0 0.20062718409410454
738717.0 0.19437576274017287
738717.0 0.20057787086936263
738717.0 0.2055816459784554
738717.0 0.20008605185876616
738717.0 0.20559370516244463
738717.0 0.20056337446529218
474927.0 0.8066571321191295
806949.0 0.12159715570230543
525642.0 0.6391062640817428
571842.0 0.6312653748926101
686313.0 0.39301136488285354
653091.0 0.4495531008491905
606651.0 0.5871283405280994
645369.0 0.4986377719856139
676248.0 0.43254812482437643
583581.0 0.5885178158082927
518973.0 0.675643509508651
617802.0 0.5706146127409196
711303.0 0.387212232171918
572235.0 0.5983677615540806
668694.0 0.4393211665243127
627033.0 0.5556522349873382
764967.0 0.15286550930549267
481638.0 0.7405476362815835
502359.0 0.7100976209090993
508167.0 0.6923341219281047
731913.0 0.2645507442875722
746781.0 0.20807515739105512
719421.0 0.3407439038962362
509595.0 0.6827077930652216
479883.0 0.7566163486494549
500313.0 0.7221003951418437
775737.0 0.14957929765672615
790593.0 0.1458088436531167
489465.0 0.7300879546716028
746781.0 0.18465733447574087
639444.0 0.5535029690359297
475464.0 0.7835556589313576
728493.0 0.2862797576166354
643953.0 0.5154156519242549
641952.0 0.5352678260921699
719823.0 0.31555707078527956
492048.0 0.7266411028894936
719421.0 0.355296849324669
752955.0 0.15465265164918818
719883.0 0.28889713505934206
775155.0 0.15216944676533187
642639.0 0.5236566532395984
639681.0 0.548065575238804
732579.0 0.2530858339120715
719883.0 0.29919595696723117
727791.0 0.28846479618987336
798669.0 0.1366426472362775
715599.0 0.36284416938483405
479625.0 0.7745691282089271
738717.0 0.23145711860929188
804357.0 0.13328211999496173
734925.0 0.24183440436224093
719883.0 0.311231864518811
715599.0 0.36617555180947425
798033.0 0.14000432684589856
751971.0 0.18124324847889264
715599.0 0.37686871424323176
794511.0 0.14266787645517037
715599.0 0.37032357926922504
734925.0 0.24730561167616788
715599.0 0.38225771887390975
792468.0 0.14451589796798603
806745.0 0.12661086928734758
751971.0 0.17169471715684517
479625.0 0.7800446894990184
738717.0 0.23666473735377158
751971.0 0.15884960803537612
752955.0 0.15644679967824374
794013.0 0.14270824420825262
751971.0 0.16324007149288244
804876.0 0.13243525229834438
734925.0 0.24766852901096997
775737.0 0.14598602011468295
751971.0 0.16802550271677458
751971.0 0.17556717762187068
734925.0 0.23857919276221348
751971.0 0.16680838865802136
751971.0 0.16477470588285315
751971.0 0.17939937195295483
751971.0 0.16547602646441584
751971.0 0.18362971286119023
751971.0 0.18201062316696442
751971.0 0.17918190486934746
751971.0 0.17772392730861328
479625.0 0.7780351679998542
806745.0 0.12830968905906096
738717.0 0.22706834006827306
806745.0 0.12935679484258997
479625.0 0.7764190003639624
751971.0 0.18401804072676306
479625.0 0.7755562717032936
738717.0 0.2222612122188936
479625.0 0.77748229812987
479625.0 0.7813332003065908
806745.0 0.1310609695208352
479625.0 0.7820052778711937
479625.0 0.7810459969364806
479625.0 0.7802500422434839
738717.0 0.2278388010309855
806745.0 0.1273221293391352
738717.0 0.21210606947886831
751971.0 0.17638456328105243
479625.0 0.7749565902088814
806745.0 0.1298995169720367
738717.0 0.2350260358868335
479625.0 0.7804204323517733
479625.0 0.7786207205048109
738717.0 0.22159137228589343
738717.0 0.22350288718830374
479625.0 0.7770684780424008
751971.0 0.17689007857159386
751971.0 0.1770892437941459
479625.0 0.7829594819392699
738717.0 0.21150487141477486
738717.0 0.2200618949787408
738717.0 0.2229931826107957
738717.0 0.22568874270883515
738717.0 0.23602970224319672
751971.0 0.17756486593808157
738717.0 0.23728652357117958
806745.0 0.1314992457491481
738717.0 0.2262567994303011
738717.0 0.20865124460448614
806745.0 0.12749712686425693
479625.0 0.7754042614903754
479625.0 0.7796145170852431
738717.0 0.20962967320051099
738717.0 0.23323076801395398
738717.0 0.20906490601074967
738717.0 0.23783096927953198
738717.0 0.2293937893776019
751971.0 0.1815600923813052
479625.0 0.7822597375408425
806745.0 0.13041281981293676
738717.0 0.22423439210760848
738717.0 0.23464502590740421
738717.0 0.22154098882676565
738717.0 0.21278717401808075
806745.0 0.12960113935806808
751971.0 0.17641138431273728
738717.0 0.23030183141797428
806745.0 0.1279231488998572
738717.0 0.2291599695871219
479625.0 0.7833072481613598
738717.0 0.22514152760601236
806745.0 0.1306544010145646
738717.0 0.21326856426362037
738717.0 0.22466416678139467
738717.0 0.22106978671503535
738717.0 0.23544960458312403
806745.0 0.13208863953185976
738717.0 0.2363992424943497
738717.0 0.21234966805576624
738717.0 0.23366983352114004
751971.0 0.18180585827804016
738717.0 0.23247457993514692
738717.0 0.22676020818281234
738717.0 0.23175644631149714
738717.0 0.21932000142404157
738717.0 0.21027997968588497
738717.0 0.23720481029808924
738717.0 0.214672108653346
738717.0 0.2382779405135012
806745.0 0.13173174353932682
738717.0 0.2136187939574652
738717.0 0.2321216796877819
738717.0 0.21144461095841627
806745.0 0.13098409129694852
738717.0 0.22257634374720578
738717.0 0.22388402775430527
738717.0 0.21653215734909984
738717.0 0.23401864687854138
738717.0 0.21958455856469314
738717.0 0.2287833335943679
479625.0 0.7767791328562829
738717.0 0.22442570073030266
479625.0 0.7825547184914753
738717.0 0.22542165207808315
738717.0 0.21433346120204883
738717.0 0.22889595844999705
738717.0 0.20891918045934155
738717.0 0.22972457540364277
738717.0 0.21609785148107932
738717.0 0.22040119977229616
738717.0 0.2168516327068416
738717.0 0.21109232367162725
738717.0 0.21002040278471173
738717.0 0.23048665761616993
738717.0 0.21974067644671602
738717.0 0.21044702890780426
738717.0 0.236860041516849
738717.0 0.21716443031335764
738717.0 0.23576206494198984
738717.0 0.23429315025839934
738717.0 0.2299822476510933
479625.0 0.7794463204239434
738717.0 0.23389790929900298
738717.0 0.2285092823084589
738717.0 0.23284932319455998
738717.0 0.21308670622711265
479625.0 0.7826443553827145
738717.0 0.22370771160858235
738717.0 0.21821271855901825
479625.0 0.7790647300453435
738717.0 0.23852466038141346
479625.0 0.7792794515844792
738717.0 0.2154757441823968
738717.0 0.23108198025574175
738717.0 0.21832266435246156
738717.0 0.2106297591345402
738717.0 0.22827020032342382
806745.0 0.12822879625108868
738717.0 0.2313558051465884
738717.0 0.22082624847574717
738717.0 0.21914685539226345
738717.0 0.23117904913902992
738717.0 0.215243408653757
738717.0 0.2281657774181824
738717.0 0.22056899005861205
738717.0 0.2086767200997781
738717.0 0.23649802700419859
738717.0 0.2158843403154626
479625.0 0.7766049870089171
738717.0 0.21801418487230542
738717.0 0.2252098939065916
738717.0 0.23265907487548723
738717.0 0.2156672262204626
738717.0 0.23065517493941698
738717.0 0.21394922832915736
738717.0 0.22266757972264087
738717.0 0.2162520715276481
738717.0 0.21737936502805383
738717.0 0.22106513041633538
479625.0 0.7788495285470171
738717.0 0.22661924959389257
738717.0 0.2329795572750496
738717.0 0.2297676785979239
738717.0 0.23810757208336442
806745.0 0.13167212989148178
738717.0 0.22461991470119916
806745.0 0.1280313476399268
479625.0 0.7788248681963551
738717.0 0.23368494413906937
738717.0 0.21097670590197543
806745.0 0.12939044426089977
738717.0 0.21849575433822704
738717.0 0.21412073201859874
738717.0 0.2308947971204645
738717.0 0.22647700308043112
738717.0 0.22629793952810384
738717.0 0.21256904901217977
738717.0 0.2206958093061268
738717.0 0.21256938280508647
806745.0 0.1322771946296685
738717.0 0.22996118793622505
738717.0 0.23449404737924168
806745.0 0.13049859576957998
738717.0 0.21072800957164992
738717.0 0.23073974582982906
738717.0 0.22799933536715408
738717.0 0.21634459515897098
738717.0 0.2318976659503284
738717.0 0.2149449643632513
479625.0 0.7834514018832287
738717.0 0.23675469366582857
738717.0 0.2136847551960995
738717.0 0.2155297434648829
806745.0 0.13220410024678872
738717.0 0.21753657144497457
738717.0 0.21644969783065915
738717.0 0.21475955795416077
738717.0 0.22844587952956244
738717.0 0.20985707376255897
738717.0 0.21381067748522495
738717.0 0.22558794460034912
738717.0 0.21879436271771063
738717.0 0.21769224794993397
738717.0 0.21887919731748862
738717.0 0.22282312032628485
479625.0 0.7766819085750377
738717.0 0.2190438972006283
738717.0 0.2179525237155144
738717.0 0.22284409138961944
738717.0 0.23205995633522142
738717.0 0.22042693622241946
738717.0 0.21578654934870442
738717.0 0.21897288865055622
738717.0 0.21313458663715754
738717.0 0.20992368016962407
738717.0 0.2319538881631129
738717.0 0.22796789253447353
806745.0 0.13241906909857637
738717.0 0.2379801903516669
738717.0 0.21971139038359877
738717.0 0.2308591249062866
738717.0 0.21869845505494698
738717.0 0.2150143234635388
738717.0 0.23785972647941386
738717.0 0.21771680932039048
738717.0 0.20905323673100487
738717.0 0.23555095574763904
738717.0 0.2330929278155908
738717.0 0.2170335139352437
738717.0 0.234363793381359
738717.0 0.209739411942066
738717.0 0.2138677928016251
738717.0 0.21417333852777634
479625.0 0.7791570958413827
738717.0 0.21510744739635573
738717.0 0.22078725052829168
738717.0 0.23443356509494215
738717.0 0.235643555713236
738717.0 0.21750380799008415
738717.0 0.2168953409276712
738717.0 0.21697743632127336
738717.0 0.21085883749598044
738717.0 0.2238184406286171
738717.0 0.2174099563100959
738717.0 0.21784033144551057
738717.0 0.21083684257958737
738717.0 0.23257085671753905
738717.0 0.2110860162293673
738717.0 0.2330871866220624
738717.0 0.21784081762410065
806745.0 0.12799916806353928
738717.0 0.2368585943671425
738717.0 0.21425457999952655
479625.0 0.7835018863691146
738717.0 0.2354998392192762
738717.0 0.22560356878201576
738717.0 0.22652211075440443
738717.0 0.21583264637960012
738717.0 0.2151472251060154
738717.0 0.21520473238822066
738717.0 0.21854838437379062
479625.0 0.7791461483652253
738717.0 0.23804205746803592
479625.0 0.7826437250794023
738717.0 0.20965538068019848
738717.0 0.23259198520183794
738717.0 0.21475824125462584
806745.0 0.13044581385124687
738717.0 0.21858825672368656
738717.0 0.20971844397708744
738717.0 0.2356844873115648
738717.0 0.21495651039580913
738717.0 0.22383222108992082
738717.0 0.21864341532778336
738717.0 0.22845586401985946
738717.0 0.23801737085697905
738717.0 0.2170210422767732
738717.0 0.21429443567813514
738717.0 0.21863294931683122
738717.0 0.23857335967439985
738717.0 0.2251640738422046
738717.0 0.2131047991282612
738717.0 0.22651880566634397
738717.0 0.22465796867080493
738717.0 0.2356791014567936
738717.0 0.21427779697373325
806745.0 0.12937514642787182
738717.0 0.210851283420125
738717.0 0.22515341737740413
738717.0 0.22515893683570445
738717.0 0.23857774643117083
808938.0 0.1223847649093687
475143.0 0.8293120552696843
535221.0 0.6424573135595074
573234.0 0.6292316167313894
688686.0 0.415470818923926
673092.0 0.4431390561289454
642336.0 0.5391145409474852
657723.0 0.45327548333312034
707469.0 0.39673502155385193
579177.0 0.6093329286773346
598614.0 0.6029519722452952
633009.0 0.5623204103838866
603477.0 0.5901825395666621
526383.0 0.6664301799670408
496827.0 0.7276834895636458
621825.0 0.5825659720661877
509244.0 0.7109412021892515
653688.0 0.5177587012908841
656202.0 0.49286995165586983
521574.0 0.6828044093568795
764361.0 0.16330954523514662
715599.0 0.3905572648086508
626898.0 0.5760553493468176
491451.0 0.7310603644925983
481593.0 0.7702597357036839
519996.0 0.6969099531368171
487779.0 0.741174865826526
475269.0 0.8082711700973991
725736.0 0.29218405107982093
778911.0 0.15096590480867778
790317.0 0.1489988401359215
798771.0 0.13777348867095704
719823.0 0.3470221621580749
778977.0 0.14999153938154616
515340.0 0.7004530395730456
719883.0 0.3268152451233664
718581.0 0.38468332258003
752955.0 0.18367403089348205
806736.0 0.1326025248976639
719565.0 0.36756233815303085
510387.0 0.7021257205899659
487434.0 0.7526264672383952
654360.0 0.5117480461101938
769149.0 0.16279305685010806
477282.0 0.8042803511245565
483909.0 0.761863530417069
746781.0 0.22928958681127853
719883.0 0.31654963989392654
655503.0 0.49936453025184113
624630.0 0.5786070119877789
738717.0 0.2402933250312265
483909.0 0.7555598048914687
723669.0 0.30193267363232995
769149.0 0.16227964655275648
732252.0 0.2902703540352989
477282.0 0.790988060801123
723669.0 0.30917026337886105
723684.0 0.300628196323033
479625.0 0.7838281502118157
798621.0 0.14194219383013845
806955.0 0.13062209219466953
719883.0 0.33334703941041344
794715.0 0.14276302356171294
808935.0 0.12393880655544944
794022.0 0.1450838500284623
734925.0 0.27614273493935215
734925.0 0.2738795324368252
746781.0 0.22962407172845892
719421.0 0.3738525209807057
751971.0 0.19081226837896356
769149.0 0.15650377275015862
734925.0 0.2695073674355611
732579.0 0.28607410443273223
790593.0 0.1461913739329274
746781.0 0.2152261678988952
732579.0 0.28339382844992234
477501.0 0.7861817426610573
736164.0 0.25308877914317324
734925.0 0.26278634599691225
719883.0 0.33974456782369317
655866.0 0.49756875180315346
719823.0 0.3415172529011107
719565.0 0.37016856892992783
746781.0 0.21872868150598646
738717.0 0.24408033577474084
719421.0 0.37359083442810437
746781.0 0.20977843786033704
734925.0 0.25770721965318844
477282.0 0.7895060425692343
732279.0 0.28961404776980515
752955.0 0.16848414608807227
479625.0 0.7840523385252671
734925.0 0.25591772775395083
479625.0 0.7839415404465913
752955.0 0.16535366405898552
734925.0 0.26124159757323473
746781.0 0.22142064319069713
790389.0 0.14739316780878745
752955.0 0.17124194864972098
736164.0 0.25299201510549807
752955.0 0.17406643136607197
746781.0 0.22551101606028182
732579.0 0.2843565858696422
751971.0 0.1985208581616632
752955.0 0.1800319354578729
746781.0 0.22701279461152937
752955.0 0.17023160591482053
746781.0 0.22224599405111242
752955.0 0.1844472009329685
752955.0 0.17891796006780092
752955.0 0.16463565212217715
752955.0 0.17692304796635322
746781.0 0.23309755949014277
746781.0 0.22427433791900295
746781.0 0.23617263289863857
751971.0 0.186554141722026
752955.0 0.17546301769228198
734925.0 0.2613221662299195
738717.0 0.250463817687629
751971.0 0.1855845277289946
751971.0 0.1889298583673672
752955.0 0.1814182776045962
746781.0 0.22359985009571193
751971.0 0.1900771489531049
738717.0 0.2491008989386476
746781.0 0.22787853869676053
738717.0 0.2419547734739665
746781.0 0.23077546018709644
751971.0 0.19491038507230968
752955.0 0.17446396632065234
752955.0 0.17785918318338292
751971.0 0.18719631161606648
752955.0 0.18289735023932352
746781.0 0.23423691578701347
746781.0 0.233997328354564
479625.0 0.7850546484080364
751971.0 0.18502713521202976
746781.0 0.2321653441615989
751971.0 0.1938866939126425
738717.0 0.24105021530222268
738717.0 0.25152261627739586
751971.0 0.1911112656901103
738717.0 0.2488995838567757
746781.0 0.235209167313176
751971.0 0.19982859674896897
746781.0 0.22979621154740137
752955.0 0.17073126990955612
738717.0 0.2395808386806326
752955.0 0.17536457310606512
746781.0 0.2351493540299751
738717.0 0.24800854170949904
479625.0 0.785475379897311
752955.0 0.1815163119509542
751971.0 0.19198647257750986
751971.0 0.2088692385684577
746781.0 0.22855419557883425
746781.0 0.23689121528034696
752955.0 0.1823616973945101
751971.0 0.20323294297798367
746781.0 0.23113923794642824
746781.0 0.2316174785930744
751971.0 0.19301956219736538
479625.0 0.7843562948235516
738717.0 0.25114456938909174
738717.0 0.24718843338395996
751971.0 0.18836298357700185
752955.0 0.18357866239719137
751971.0 0.2044347133876219
751971.0 0.20397672188535845
738717.0 0.24589923851268014
752955.0 0.1773697317746998
738717.0 0.24027245035054423
479625.0 0.7860155399214844
751971.0 0.2005238846913163
738717.0 0.25220478802212093
738717.0 0.2437277380151876
746781.0 0.22842475281272426
746781.0 0.2237120174851904
746781.0 0.23831211154723142
738717.0 0.24467014339165202
751971.0 0.199502986156168
751971.0 0.18776643186344938
751971.0 0.1955912460867948
751971.0 0.19733423286333307
751971.0 0.18780771396623427
746781.0 0.2373467145411012
738717.0 0.24661550598215112
752955.0 0.18446702104668325
738717.0 0.24554213261896612
751971.0 0.19663166981452357
751971.0 0.2067492101328969
751971.0 0.18858983789657371
751971.0 0.20841393913357692
738717.0 0.24334841059919265
738717.0 0.23907455945978823
751971.0 0.20495120795665558
751971.0 0.2062565907042298
752955.0 0.1823757079967851
751971.0 0.20812922851104113
752955.0 0.18394197909042573
751971.0 0.2027259750316755
751971.0 0.1903640157809888
751971.0 0.1971454023882297
751971.0 0.20138595828021275
738717.0 0.25071978178248405
738717.0 0.24245802735860553
751971.0 0.20313233622841392
738717.0 0.23926330443973345
751971.0 0.19774965548354578
751971.0 0.19805174931093641
752955.0 0.1776519606981385
751971.0 0.20777294460565246
751971.0 0.19900323883056206
746781.0 0.23763227476630683
751971.0 0.19855389148867478
746781.0 0.23797548845750918
751971.0 0.20929347995163025
751971.0 0.19255777707280897
751971.0 0.20226586076902967
746781.0 0.23872377360815375
751971.0 0.19380754902984126
751971.0 0.20074129233196586
751971.0 0.20260769839562176
746781.0 0.23703729758753142
751971.0 0.2041758352754133
738717.0 0.2427160673710222
751971.0 0.19059729937849962
751971.0 0.2062124488350256
751971.0 0.19342263795013845
751971.0 0.2010624180229557
752955.0 0.1842020009161605
738717.0 0.24741254525411888
751971.0 0.20580915838661568
738717.0 0.24085931823548662
738717.0 0.2526122171331892
751971.0 0.1951876979428999
746781.0 0.23860590697905565
738717.0 0.24062559710862508
751971.0 0.19920942585259763
738717.0 0.25221660382573025
751971.0 0.19337336149246828
752955.0 0.17408144791253669
738717.0 0.24532268573905272
738717.0 0.24627680842219482
751971.0 0.20174570043454362
751971.0 0.19579421979750514
751971.0 0.20566428389503147
738717.0 0.24490476376548856
738717.0 0.25263037051264287
746781.0 0.23195630046236249
738717.0 0.24792946159643514
751971.0 0.20764412866371926
751971.0 0.20741017580412052
751971.0 0.19639797190844654
738717.0 0.2440247095934074
751971.0 0.20198425573480577
751971.0 0.1922862289249537
746781.0 0.23783045099738426
746781.0 0.22933437125200834
738717.0 0.24633689896075014
738717.0 0.24764268404130116
738717.0 0.24291326310247466
751971.0 0.20540294129768671
751971.0 0.1920147618993817
751971.0 0.19093324544085707
751971.0 0.20830306135989762
738717.0 0.24660779900371962
751971.0 0.19517815821450538
751971.0 0.1923624925396539
738717.0 0.24246275266639375
738717.0 0.2506344630957975
752955.0 0.18437267429185394
751971.0 0.20176973296558087
738717.0 0.2404508536712223
738717.0 0.24470574670763695
751971.0 0.2095645217624668
751971.0 0.19657071976367888
738717.0 0.24761581098322666
751971.0 0.20728464965956947
738717.0 0.2430196595508883
738717.0 0.24508726910173337
751971.0 0.19621418367871848
751971.0 0.20691793014192686
751971.0 0.19617892501300835
751971.0 0.20123036930243385
738717.0 0.2431869772144532
751971.0 0.20060073692514543
746781.0 0.2319891492822343
751971.0 0.20975893962101388
751971.0 0.19599746475064175
751971.0 0.20710692380637266
751971.0 0.19597489496203743
738717.0 0.24903480291798774
751971.0 0.19785906917075038
751971.0 0.2039806329822149
738717.0 0.24514563368565592
751971.0 0.19254568029089725
751971.0 0.19802770639797854
751971.0 0.20526949647232154
479625.0 0.7841776620658112
751971.0 0.19715004537010297
479625.0 0.7842442964200713
746781.0 0.22975517728748227
751971.0 0.19909501369703012
751971.0 0.20117270383469646
738717.0 0.24313516791768836
751971.0 0.20499261338615166
738717.0 0.2403888533872546
751971.0 0.20513872969797675
751971.0 0.20212019163000747
751971.0 0.20578530825078575
751971.0 0.2068307707273239
751971.0 0.20213548996239772
751971.0 0.2053619404861466
751971.0 0.20516956125901126
751971.0 0.2095250265033868
751971.0 0.20935047286516742
751971.0 0.20943763174201083
751971.0 0.19782853687559754
751971.0 0.20718134387196407
479625.0 0.7839500413203727
479625.0 0.7840481721013248
751971.0 0.1990377512663046
751971.0 0.2068880640122629
751971.0 0.20941447918547795
751971.0 0.20053031910713784
751971.0 0.20712185868407504
751971.0 0.2071761560403916
738717.0 0.245124116542022
738717.0 0.24628745756239254
751971.0 0.20497207789001703
751971.0 0.20513933727329225
751971.0 0.2097724853536288
751971.0 0.20213093403636642
738717.0 0.24628314669677778
810999.0 0.12555453875353279
475449.0 0.8245855572863886
581016.0 0.6113682375194223
621492.0 0.5998135538521244
676674.0 0.4484980909176496
688809.0 0.4239660156576365
568668.0 0.6432686097493109
529062.0 0.6775385060146389
656772.0 0.5186498879358535
658734.0 0.49589963198015524
542391.0 0.6438174457403355
524730.0 0.6907637276705708
541200.0 0.6563546014568474
513294.0 0.7053044107306063
647994.0 0.539745716246541
705231.0 0.41641601186736116
760269.0 0.17225833393634848
658980.0 0.4601156587707283
696576.0 0.41670852269612435
667560.0 0.4556366090888579
622032.0 0.5828586864401074
578562.0 0.6352766760961526
630987.0 0.5789070925150693
644499.0 0.5438603090054335
716103.0 0.4140025174004198
574593.0 0.6377703809342116
642393.0 0.5596485992297061
492471.0 0.7316327759332703
764412.0 0.1633491584330917
509307.0 0.7248226636759215
775155.0 0.16211512073032577
741165.0 0.24152458379022193
634926.0 0.5640887512262035
501540.0 0.7285586791482531
781671.0 0.15029141530362464
719883.0 0.3798235875025994
487890.0 0.7431499369552371
633978.0 0.5737324962460045
720519.0 0.3360418719268215
511662.0 0.7147458820036503
662223.0 0.459931410022082
499581.0 0.7292878125864457
790593.0 0.1482407172477047
720015.0 0.3494935426839267
475695.0 0.820239824150822
492267.0 0.7402426054365954
485301.0 0.7661856782468478
640554.0 0.5626329152476318
487731.0 0.7541996816409321
481965.0 0.7728408324090289
478329.0 0.7931288631384875
749046.0 0.2319757540905295
723789.0 0.3053499758206671
764301.0 0.16548692893883857
740520.0 0.2531827026605249
477390.0 0.8073096764070927
477432.0 0.8065963988775005
720015.0 0.36491298263407534
719883.0 0.36500508887180133
752955.0 0.19245122963337025
732579.0 0.2917924273054171
541659.0 0.6500904081312785
509541.0 0.7198814622194007
727791.0 0.30011533452868566
720015.0 0.3435822648288504
718725.0 0.39570223295750273
723669.0 0.3185880386764475
723669.0 0.32346055575755994
720519.0 0.3276142871820501
481641.0 0.7774666374989629
717690.0 0.4020391749619327
752955.0 0.18509532249603988
802125.0 0.1378430688702997
719565.0 0.38908047473097657
775737.0 0.15690374887476788
746781.0 0.24074609559769167
717690.0 0.4088782287387436
796824.0 0.1436642230288335
778977.0 0.15421148226591094
810747.0 0.13223848397568932
794022.0 0.1470717162222482
487434.0 0.7614339356582659
736164.0 0.2722174490616639
806745.0 0.1338133507043344
725706.0 0.30087131960574537
736164.0 0.2630338155140434
794271.0 0.1451596809874937
486336.0 0.7617930058720875
790593.0 0.14995306850270898
479625.0 0.7863474052907108
727791.0 0.29491506344961926
798717.0 0.14302144723974336
806745.0 0.1346522932170285
724209.0 0.30204854758579247
717690.0 0.4119044898845817
718725.0 0.3902900627621066
751242.0 0.23053212094517658
733440.0 0.28669094424662395
736164.0 0.2804236865385345
746781.0 0.2392755299221823
801033.0 0.13886094761923132
734154.0 0.2853748029225699
810783.0 0.1304098039770088
736164.0 0.2562670157458891
732579.0 0.2897636272627
736164.0 0.2629581973478133
779685.0 0.15417083154959713
738717.0 0.2554331260176604
779685.0 0.15193889150585224
481665.0 0.7771987781874605
746781.0 0.24098251174651553
736164.0 0.2851166694250546
727791.0 0.29626269424910756
738717.0 0.2537109492145199
800445.0 0.1425386661957086
736164.0 0.27410970483271235
800481.0 0.1416968175906377
723669.0 0.3204389088159636
736164.0 0.27839085170733396
479625.0 0.7909732378146855
775737.0 0.16000314016528283
479625.0 0.7893000123670011
752955.0 0.20682909786187884
751971.0 0.21167989670094212
723669.0 0.3190908470387421
736164.0 0.2792754933606752
775737.0 0.16058216125139957
736164.0 0.27346160254309093
736164.0 0.2834322481726927
752955.0 0.1950182520643287
736164.0 0.2843420219657224
751971.0 0.21215036491765102
752955.0 0.19660444251892395
736164.0 0.28253585246253243
738717.0 0.25455925229040677
736164.0 0.28155821380901846
775737.0 0.16183566825778403
752955.0 0.19000874097792855
752955.0 0.19092209011339475
752955.0 0.18957867869953798
775737.0 0.1607420239489009
752955.0 0.20248879792954852
751971.0 0.21857616824826231
751971.0 0.2196293444436292
752955.0 0.19813666637506083
752955.0 0.18718607076722674
806745.0 0.1327440502545341
752955.0 0.18762768064080387
752955.0 0.188732964191412
736164.0 0.2817982600157038
751971.0 0.2277920096190658
752955.0 0.188196029897057
752955.0 0.2034070376692252
746781.0 0.24005755540458495
736164.0 0.27845923163694847
738717.0 0.25523371276252205
751971.0 0.22697261974304023
752955.0 0.1973181335642093
479625.0 0.7907271442546784
751971.0 0.223066299642947
751971.0 0.2237046212241404
752955.0 0.19369819424721282
752955.0 0.2094843039494269
752955.0 0.20897086904397583
752955.0 0.18575082734779888
752955.0 0.19667516086253603
746781.0 0.24041147503448515
479625.0 0.7873641554945808
752955.0 0.18656083352270458
752955.0 0.2043157529456154
752955.0 0.191315042382542
752955.0 0.20137567749571825
752955.0 0.18540184259442716
751971.0 0.22841756278902106
752955.0 0.19195335707490835
752955.0 0.19730975319605706
752955.0 0.19159465753702382
479625.0 0.7885074390607024
752955.0 0.2051236212709263
479625.0 0.7901418259088566
751971.0 0.22046094846867206
751971.0 0.22525078085336311
479625.0 0.789959447069959
746781.0 0.23949418556399799
751971.0 0.21720089348045307
479625.0 0.7878994198417331
751971.0 0.21759954952258395
752955.0 0.19436477088509443
752955.0 0.20479495990766575
806745.0 0.13327287979806637
752955.0 0.1947829896687704
746781.0 0.24131880841309902
752955.0 0.18857934927907916
751971.0 0.2289164169997214
479625.0 0.7865120251691561
751971.0 0.21008737017559403
752955.0 0.18612081673834127
479625.0 0.7880595379742477
751971.0 0.22475305851462848
752955.0 0.1932175384489625
752955.0 0.19401612352564332
751971.0 0.22075518916203576
479625.0 0.7915373138847926
806745.0 0.1337694287637982
751971.0 0.2214303342936245
806745.0 0.13330110656525168
752955.0 0.19974008354213546
806745.0 0.13469561546226316
479625.0 0.7895046591764793
751971.0 0.21120915937135037
751971.0 0.212947291336745
752955.0 0.2018546025588041
751971.0 0.21046749387946137
752955.0 0.20850517096484278
751971.0 0.21327117398543152
752955.0 0.2055313412624621
751971.0 0.21678034407780905
751971.0 0.229973561533422
806745.0 0.13514479137647628
751971.0 0.22968806545923445
752955.0 0.2066007748061078
751971.0 0.21795880094105832
752955.0 0.2080786280323562
752955.0 0.20637126983251486
751971.0 0.2151780551717118
752955.0 0.20216171184594448
752955.0 0.20720614180835786
479625.0 0.7886875313800785
751971.0 0.21418799706048797
479625.0 0.7926222092118003
752955.0 0.1990109436330162
479625.0 0.7911819334387444
479625.0 0.7920770197144035
751971.0 0.2145641344583925
751971.0 0.21378886837149522
751971.0 0.2141466965559315
751971.0 0.217377727536663
751971.0 0.2269216138663478
806745.0 0.13702276900097632
751971.0 0.22250338680078077
752955.0 0.20110992476558384
479625.0 0.7868814731825933
751971.0 0.21552937222776403
751971.0 0.22283690579462745
751971.0 0.22794254254602286
751971.0 0.22536296635479158
752955.0 0.20079457627341835
479625.0 0.7919177869913412
751971.0 0.22607555880760694
752955.0 0.1994812563335298
752955.0 0.1984126325436246
752955.0 0.2075888928611486
752955.0 0.19928721211129796
752955.0 0.20377620249500292
751971.0 0.22572531811068716
751971.0 0.21582493310842404
752955.0 0.20568168582597884
479625.0 0.7889253120034042
751971.0 0.22657721539665923
751971.0 0.23024765835253583
751971.0 0.22171633577984412
752955.0 0.19421398543858104
806745.0 0.13652156352836095
479625.0 0.7890441996592616
752955.0 0.20599624342479378
751971.0 0.21826102033090683
752955.0 0.20405753199642002
806745.0 0.13533197950526504
752955.0 0.20616003731334082
751971.0 0.22428957627451182
752955.0 0.19224471708815588
479625.0 0.7923229351557151
751971.0 0.22386595208151344
751971.0 0.220141195888026
751971.0 0.21106262894925604
738717.0 0.2556773755783983
751971.0 0.21846227843196206
751971.0 0.22453092785096954
752955.0 0.19287054417314517
752955.0 0.19313114936125367
751971.0 0.22562939107394303
751971.0 0.21237215821155095
752955.0 0.1862760537775561
738717.0 0.25575275037794903
806745.0 0.13555441745978147
752955.0 0.20205180647752347
479625.0 0.7924046732416443
752955.0 0.20781209732869324
751971.0 0.21987360143477247
806745.0 0.13730399570481158
751971.0 0.2262910312018254
752955.0 0.19997762185611287
751971.0 0.22656918886888952
736164.0 0.25598187570052566
751971.0 0.2136910565920804
752955.0 0.19850194947650213
752955.0 0.1925485300516603
752955.0 0.20369452379916483
751971.0 0.21346275488329175
751971.0 0.22229488251428234
752955.0 0.19279757655355478
751971.0 0.21497090799247318
751971.0 0.22004213275877918
752955.0 0.20118207934955243
751971.0 0.2119312205170283
751971.0 0.21560548170452054
806745.0 0.13690872739949306
752955.0 0.20411503966015956
479625.0 0.7892713401494473
752955.0 0.20874962458925314
806745.0 0.13755788794044088
752955.0 0.20066969231350956
751971.0 0.22895350387458813
752955.0 0.2004862389849967
752955.0 0.2034998195850181
752955.0 0.20002733133558978
751971.0 0.22817351313686257
752955.0 0.2049050521238386
479625.0 0.7909660861191958
751971.0 0.22441793068181412
752955.0 0.2097152338254467
479625.0 0.7930099653843831
752955.0 0.20042241597748742
752955.0 0.20744771244299667
751971.0 0.22408717239543066
752955.0 0.19491319233609627
751971.0 0.21087102832347615
751971.0 0.22097366870014226
751971.0 0.22916654555124874
479625.0 0.7872147534057768
806745.0 0.1360157094360892
751971.0 0.22288702847395064
751971.0 0.22121189518374537
738717.0 0.25598120571180066
751971.0 0.22826135455879598
479625.0 0.791705530724096
752955.0 0.18642695487567087
751971.0 0.2127836248942655
751971.0 0.22934493680377055
751971.0 0.21251598828083054
806745.0 0.13630797903083397
751971.0 0.2247319194088999
751971.0 0.21220963185647407
806745.0 0.13621988950794284
752955.0 0.20022453492289824
806745.0 0.13410314439495585
752955.0 0.1986943893485915
746781.0 0.23945989415004176
751971.0 0.2162497743520526
751971.0 0.2210485588058953
752955.0 0.2078871848826029
751971.0 0.21459023983888537
751971.0 0.2181183597930817
806745.0 0.13750554908361354
751971.0 0.22244361858638476
752955.0 0.19228183152458797
751971.0 0.21477383784459603
751971.0 0.2260964919433513
751971.0 0.22951565724871398
806745.0 0.13775618473681178
806745.0 0.13607790368714137
751971.0 0.2125951561162994
479625.0 0.7911297595709215
751971.0 0.23015069801932111
806745.0 0.1345523793049776
479625.0 0.7928200947850758
752955.0 0.20024765248848017
752955.0 0.20186182672231961
751971.0 0.2147966711398349
752955.0 0.20735074702232742
806745.0 0.13676438580540184
751971.0 0.22628169667490058
751971.0 0.2117530956547437
752955.0 0.1993740013284587
751971.0 0.21341831363811095
806745.0 0.13427459215056578
751971.0 0.2159648234724973
806745.0 0.13584831085173274
751971.0 0.21974525409203527
479625.0 0.7928200947850758
751971.0 0.22403156345314576
806745.0 0.13734909523232244
751971.0 0.2099374272691055
751971.0 0.21638860187321582
479625.0 0.7901048947719764
806745.0 0.13394281209044864
751971.0 0.21673198486348555
806745.0 0.13570510878150896
751971.0 0.2160161085463626
752955.0 0.20802438663485232
806745.0 0.13416253461287356
751971.0 0.21660093962080607
479625.0 0.7916904667422487
479625.0 0.7893436913727325
751971.0 0.2212010163836153
752955.0 0.19872114507951866
479625.0 0.7894673960729043
751971.0 0.22925907109532387
751971.0 0.21805199314270682
751971.0 0.21614237931462124
751971.0 0.22217190638803275
479625.0 0.7909815269660934
751971.0 0.2106839885735194
752955.0 0.19887750362576284
806745.0 0.13521868287146976
751971.0 0.21119143132588292
751971.0 0.21080113766530206
752955.0 0.20725080956901096
806745.0 0.13582561958399722
479625.0 0.7871343020767925
806745.0 0.1366551366620273
752955.0 0.19885619361751153
751971.0 0.21056227379438794
751971.0 0.2294826764158527
479625.0 0.7870725630621658
751971.0 0.22183827700112368
752955.0 0.1865026740708288
751971.0 0.2120181609932204
752955.0 0.20603907977974723
751971.0 0.21206438998791002
752955.0 0.2086258061682341
751971.0 0.22191649304866193
751971.0 0.2164340512453865
751971.0 0.21271650238095782
806745.0 0.1344542489336753
752955.0 0.20073661135121304
751971.0 0.22213849626038415
751971.0 0.22204721913468278
751971.0 0.2217806389268087
752955.0 0.20855043906642917
751971.0 0.2150657515478568
479625.0 0.7930586834908455
751971.0 0.2196835617467574
752955.0 0.20982436376024333
751971.0 0.21509047759293262
751971.0 0.21651639634137096
752955.0 0.2048774652079021
806745.0 0.1338591936381735
751971.0 0.2161730187019093
479625.0 0.787985943164641
479625.0 0.786897513650178
752955.0 0.205593318770947
806745.0 0.1367120600760881
752955.0 0.20976516017321242
479625.0 0.7869851594656875
806745.0 0.13435408244642374
751971.0 0.2201395798898642
751971.0 0.22196895821907947
751971.0 0.21374669989337575
752955.0 0.19251781290727785
752955.0 0.20868211523448318
806745.0 0.13563262313053104
751971.0 0.2291842240328757
806745.0 0.1362989686184301
751971.0 0.21060695591791104
751971.0 0.22818881396767607
479625.0 0.7869981696859935
479625.0 0.78795341242684
752955.0 0.19318114576523665
806745.0 0.1339214386535188
806745.0 0.1378145588853614
752955.0 0.2098784757411263
751971.0 0.22201551305983697
751971.0 0.21065017452210485
806745.0 0.13442627745816116
751971.0 0.21556214000322288
751971.0 0.22098614796062688
751971.0 0.23018102922844144
752955.0 0.20344734625674732
751971.0 0.21173714810405828
752955.0 0.1928191019097214
806745.0 0.1356471566031187
751971.0 0.21082885784429817
752955.0 0.20871906816898445
751971.0 0.21272139853399827
752955.0 0.20990298812934885
806745.0 0.13776228866108176
806745.0 0.13518287045711944
806745.0 0.13666152591874983
751971.0 0.22405348257334926
751971.0 0.22567217220893265
751971.0 0.21656102200705485
752955.0 0.20806350312308786
806745.0 0.13437796971539198
752955.0 0.20972321688740658
752955.0 0.2056381557219162
806745.0 0.13731829755130787
752955.0 0.2056344423256035
751971.0 0.21654621383049596
806745.0 0.13380935298993912
752955.0 0.20602722566343917
752955.0 0.2034261462716
751971.0 0.22568421502975805
751971.0 0.22948289630376625
751971.0 0.23017386278584567
751971.0 0.2257103823605636
806745.0 0.13784174978610658
806745.0 0.1351612580848233
806745.0 0.13437475209110686
752955.0 0.1988611068413251
806745.0 0.13515656426333827
751971.0 0.2257138117909898
479625.0 0.7909778113522729
479625.0 0.7928200947850758
