778695.0 0.18698913960891417
503682.0 0.7814542204603866
644574.0 0.43698667261426816
674637.0 0.4062129657573739
676557.0 0.37412190990479605
637032.0 0.5127263944927943
711153.0 0.3609608080758267
615024.0 0.554947522525753
579177.0 0.6093329286773346
732579.0 0.2530858339120715
761769.0 0.2162582166417978
749163.0 0.23750494502183564
539763.0 0.7174216224920636
598614.0 0.6029519722452952
725736.0 0.26375888721484164
778695.0 0.203996696286096
545538.0 0.6947568392553725
634782.0 0.5522415702331119
606651.0 0.5871283405280994
573234.0 0.6292316167313894
715599.0 0.28429227417235664
755742.0 0.2300039139790212
535782.0 0.7453696071387009
516318.0 0.7773697425658452
527547.0 0.7527438629651072
568668.0 0.6432686097493109
715599.0 0.3227106174429432
555897.0 0.6874794970963445
522180.0 0.7617289260392582
603477.0 0.5901825395666621
636078.0 0.5267564448416042
566703.0 0.6525534142029266
635802.0 0.5393670566053337
535209.0 0.7522265405422941
558795.0 0.6702027358433962
715599.0 0.30516574144841474
563574.0 0.6613389850738158
563574.0 0.6666211298004889
557160.0 0.677496004401446
715599.0 0.3545594375910942
521610.0 0.7741324039246353
715599.0 0.31256730924527193
715599.0 0.33636152116096785
520812.0 0.775540227467884
556584.0 0.6842709730681613
715599.0 0.34381352950775135
715599.0 0.3281167599352725
715599.0 0.34290165357768365
715599.0 0.3062831911992288
715599.0 0.32541798880704986
769263.0 0.22152065120811135
508908.0 0.8194011005336742
617802.0 0.5706146127409196
581016.0 0.6113682375194223
686313.0 0.39301136488285354
653091.0 0.4495531008491905
645369.0 0.4986377719856139
676248.0 0.43254812482437643
711303.0 0.387212232171918
668694.0 0.4393211665243127
627033.0 0.5556522349873382
573234.0 0.6527487695225216
731913.0 0.2645507442875722
578562.0 0.6352766760961526
719421.0 0.3407439038962362
542010.0 0.7284736247088388
639444.0 0.5535029690359297
540378.0 0.7423119723872519
719883.0 0.311231864518811
511644.0 0.8020842306669056
556068.0 0.6915621061411722
728493.0 0.2862797576166354
524424.0 0.7653068663873418
546672.0 0.7197505444663573
757545.0 0.24918528440231077
533706.0 0.7613400082382924
739596.0 0.25539125680656405
643953.0 0.5154156519242549
641952.0 0.5352678260921699
719421.0 0.355296849324669
719823.0 0.31555707078527956
747564.0 0.2535148411009777
574593.0 0.6377703809342116
765711.0 0.23271315053501201
751767.0 0.2534962656592857
736497.0 0.26002120927919575
517086.0 0.7933508676152115
757662.0 0.23490481345823291
537855.0 0.7545044386379681
564474.0 0.6674565173089472
520422.0 0.7863549485088311
558330.0 0.677836152246881
642639.0 0.5236566532395984
639681.0 0.548065575238804
520878.0 0.7770492893104497
727791.0 0.28846479618987336
719883.0 0.29919595696723117
554958.0 0.7036927501569766
513192.0 0.7954577947288326
761769.0 0.23319694827299486
524424.0 0.7727982761556307
715599.0 0.36284416938483405
551580.0 0.7179969761661397
715599.0 0.36617555180947425
554529.0 0.709752929223832
560334.0 0.6764024622401339
552432.0 0.7145185755254427
564474.0 0.6635230158798164
534870.0 0.7572391635292337
715599.0 0.37686871424323176
563718.0 0.674533764161303
719883.0 0.28889713505934206
715599.0 0.37032357926922504
715599.0 0.38225771887390975
564474.0 0.6742791729001149
564474.0 0.668720842344881
534870.0 0.7551217706293378
564474.0 0.6743749988951833
511644.0 0.8197384571037382
761769.0 0.2371949138464207
688686.0 0.415470818923926
673092.0 0.4431390561289454
611520.0 0.611995579594962
642336.0 0.5391145409474852
657723.0 0.45327548333312034
707469.0 0.39673502155385193
584040.0 0.6133822919035389
633009.0 0.5623204103838866
653688.0 0.5177587012908841
621492.0 0.5998135538521244
656202.0 0.49286995165586983
741393.0 0.2558108147505172
525192.0 0.7754841759123048
755505.0 0.2555843792329903
715599.0 0.3905572648086508
626898.0 0.5760553493468176
560334.0 0.6874263885816779
533706.0 0.7686543653341823
546042.0 0.733289938781665
581412.0 0.6354819827381746
725736.0 0.29218405107982093
736497.0 0.2751031456377668
575319.0 0.6581637501305921
621825.0 0.5825659720661877
584040.0 0.6223581364247337
579372.0 0.6422862218182739
551190.0 0.7220583349981327
719883.0 0.31654963989392654
512961.0 0.8093112758913791
719823.0 0.3470221621580749
718581.0 0.38468332258003
579003.0 0.6577370561646678
568746.0 0.6637088855752624
719565.0 0.36756233815303085
654360.0 0.5117480461101938
559272.0 0.7006890028007496
524424.0 0.7862928409358456
564330.0 0.6778084780473975
516552.0 0.8047147872110121
539676.0 0.7551303928074762
624630.0 0.5786070119877789
741009.0 0.2689630543197358
732252.0 0.2902703540352989
655503.0 0.49936453025184113
723669.0 0.30193267363232995
534678.0 0.763048914340974
556584.0 0.7161812638331915
566865.0 0.6693188569709748
757773.0 0.23964286450466896
719883.0 0.3268152451233664
740553.0 0.2716736309995098
757545.0 0.25436012498083066
540576.0 0.7464056127192542
557523.0 0.7057180063998078
723669.0 0.30917026337886105
723684.0 0.300628196323033
554826.0 0.7166129406843245
732579.0 0.28607410443273223
552432.0 0.720924319484339
542604.0 0.7388618015897794
543438.0 0.735246710562359
719883.0 0.33334703941041344
518619.0 0.8019909441673397
542010.0 0.7455382095205104
564474.0 0.6752174889254597
757845.0 0.2380570298486608
719421.0 0.3738525209807057
538182.0 0.7618755351566978
521391.0 0.7886942570797079
538200.0 0.7601544877376443
519087.0 0.7979856609861407
568044.0 0.6665286261320212
732579.0 0.28339382844992234
719883.0 0.33974456782369317
655866.0 0.49756875180315346
719823.0 0.3415172529011107
520812.0 0.797018487513589
557910.0 0.7041797663476087
719565.0 0.37016856892992783
757545.0 0.254647422457148
719421.0 0.37359083442810437
732279.0 0.28961404776980515
520812.0 0.7947020459519286
564468.0 0.6756267594854418
732579.0 0.2843565858696422
520812.0 0.7903018266458313
557910.0 0.704317933148105
520812.0 0.7921991161233856
521040.0 0.7888254295297255
520812.0 0.794058004580626
520812.0 0.789671588560688
520812.0 0.7928614716756657
520812.0 0.7926880234636768
761769.0 0.23862044809864963
512304.0 0.8441404099786125
761769.0 0.24097606252498344
620739.0 0.6122333181782575
585447.0 0.6146751104536817
676674.0 0.4484980909176496
688809.0 0.4239660156576365
656772.0 0.5186498879358535
658734.0 0.49589963198015524
622032.0 0.5828586864401074
647994.0 0.539745716246541
705231.0 0.41641601186736116
752931.0 0.256112742471392
696576.0 0.41670852269612435
667560.0 0.4556366090888579
658980.0 0.4601156587707283
569406.0 0.6641379567603071
745017.0 0.2664595773137927
581205.0 0.6605928150012302
630987.0 0.5789070925150693
582549.0 0.6394160607862508
716103.0 0.4140025174004198
644499.0 0.5438603090054335
584997.0 0.6240781289049556
513192.0 0.8215422910226511
550584.0 0.7343455576102251
642393.0 0.5596485992297061
634926.0 0.5640887512262035
525252.0 0.7814387540614213
541524.0 0.7535498044666994
662223.0 0.459931410022082
719883.0 0.3798235875025994
512376.0 0.8345848057410823
581619.0 0.6536469973520244
633978.0 0.5737324962460045
558339.0 0.7060936761364119
547470.0 0.7495152094858601
757836.0 0.24792099757347208
720519.0 0.3360418719268215
640554.0 0.5626329152476318
522552.0 0.7905633666410871
720015.0 0.3494935426839267
529254.0 0.7810059393725549
744189.0 0.27533731336790596
551580.0 0.7288309982916241
568686.0 0.6745045712315842
736497.0 0.2855120821684136
556686.0 0.7165784647016616
738456.0 0.27908796061758495
757836.0 0.24194056222506716
547356.0 0.7507524723796538
555762.0 0.7265032537022424
518865.0 0.8035084032722282
723789.0 0.3053499758206671
740553.0 0.27651623535286424
516318.0 0.8127759328020994
732579.0 0.2917924273054171
720015.0 0.36491298263407534
539007.0 0.7667716593485472
727791.0 0.29491506344961926
535605.0 0.7696941749501267
719883.0 0.36500508887180133
560241.0 0.7009217946274005
566253.0 0.6763839661547275
516858.0 0.80944728185274
541257.0 0.7615449146131033
723669.0 0.3185880386764475
720519.0 0.3276142871820501
718725.0 0.39570223295750273
733440.0 0.28669094424662395
717690.0 0.4088782287387436
532932.0 0.7787417895867713
720015.0 0.3435822648288504
719565.0 0.38908047473097657
535209.0 0.7734154660323047
717690.0 0.4020391749619327
520899.0 0.7930268011106293
562281.0 0.6909198982314507
723669.0 0.3204389088159636
533706.0 0.7783588972243694
540576.0 0.7655554045922189
725706.0 0.30087131960574537
560862.0 0.6935556253070219
727791.0 0.30011533452868566
718725.0 0.3902900627621066
724209.0 0.30204854758579247
560430.0 0.6962139337094773
520368.0 0.7998278030449635
717690.0 0.4119044898845817
520812.0 0.7991452543950527
556038.0 0.7214780955755629
732579.0 0.2897636272627
723669.0 0.32346055575755994
556086.0 0.7200167138768925
564474.0 0.6845203480566229
564474.0 0.6867481821049649
727791.0 0.29626269424910756
516318.0 0.8117107154302629
564474.0 0.6788784373225609
564474.0 0.682229268166955
761769.0 0.23944653252548465
564474.0 0.680425269996914
723669.0 0.3190908470387421
564474.0 0.6857239605862996
564474.0 0.6829214056286264
564474.0 0.6887322832898881
564474.0 0.683987308562379
564474.0 0.684695241583179
564474.0 0.6799147620075567
564474.0 0.689624570142518
564474.0 0.6789389852479076
564474.0 0.6876075017115751
564474.0 0.6901584093787754
761769.0 0.2413031034080649
564474.0 0.6879172137468363
564474.0 0.6864927716910016
520812.0 0.7994888127366395
564474.0 0.6841839917641821
564474.0 0.6800734554691061
564474.0 0.6899097560418208
564474.0 0.6803326940875383
520812.0 0.799317779008692
520812.0 0.7995663041285097
564474.0 0.6877842234474205
564474.0 0.6844131287823361
564474.0 0.6897688291526481
564474.0 0.6866366165910319
564474.0 0.6844757011561086
763866.0 0.24167811464764677
512436.0 0.8448433754465966
512436.0 0.847082314133095
614121.0 0.6189733215016306
585447.0 0.6420174899472949
669261.0 0.46340918708692147
621231.0 0.6124733372124452
628380.0 0.5911628994328981
659790.0 0.483346313006442
633711.0 0.5815310644424663
705543.0 0.4228936539991406
693435.0 0.4356684529029722
682386.0 0.44976855509833863
659583.0 0.5324274130869474
724101.0 0.3134910881751509
740316.0 0.2791257784433725
713490.0 0.4182603864970277
679113.0 0.45169317938062997
640638.0 0.5647422732818431
663132.0 0.482058203231484
520554.0 0.8011619543363052
694206.0 0.42533070987542937
649455.0 0.540705574768322
525402.0 0.7833425940608018
728994.0 0.3008177173095337
534996.0 0.780265922920885
516462.0 0.8159739836999658
646797.0 0.5492440267459375
657495.0 0.5331523515673005
570084.0 0.668251260227722
643491.0 0.559915066026113
524457.0 0.7929422260952246
577377.0 0.6682449418908338
583986.0 0.658053059142919
717825.0 0.405668787960156
581112.0 0.665737118155723
537120.0 0.770529140384046
753201.0 0.2660540387797428
720537.0 0.3627647654647064
542118.0 0.7612667368684716
568332.0 0.6776998870016645
723669.0 0.3370405657940657
585447.0 0.6245394023658439
723597.0 0.35208184179458973
543606.0 0.7571907498813293
745233.0 0.27137112168832306
734493.0 0.2924444055865063
720015.0 0.3855932307496719
745617.0 0.2668091786953392
514938.0 0.8232300295125489
559272.0 0.710886595298349
549633.0 0.7529633593434747
558381.0 0.7238288996814378
585198.0 0.6468163452445775
731751.0 0.29560333189022275
514506.0 0.8328517506227884
734493.0 0.2946148646855335
562218.0 0.7007990489312625
512961.0 0.8365061358683291
555081.0 0.7322892924922536
720015.0 0.37147746886639194
757662.0 0.2562736077147495
535782.0 0.7720809640227784
564555.0 0.6793117766196045
723669.0 0.34677664665109975
761688.0 0.25325828338875506
560718.0 0.7029707840885527
755421.0 0.26493855325375953
564354.0 0.6945712675154643
555894.0 0.7286394477577276
556332.0 0.7240598564673404
551580.0 0.7500703522569319
559272.0 0.7062034104526346
720081.0 0.36888496396447995
551580.0 0.7423207966739658
718725.0 0.40256834031374883
551580.0 0.7385199815311535
542232.0 0.7582555954551309
723669.0 0.34001099873133683
720015.0 0.39241781011320215
757383.0 0.2640053860782243
551580.0 0.7345344117240732
659556.0 0.5326866418978773
550602.0 0.7529292578876879
719565.0 0.39641120752539516
745431.0 0.2690776333899919
761769.0 0.2519047272316473
564546.0 0.6819494830676298
564528.0 0.6845981926897355
719565.0 0.39936953168540423
564504.0 0.6888169925394134
761769.0 0.2501678969034554
551580.0 0.7457977288751352
564510.0 0.686817371896101
761769.0 0.24440439388475294
719565.0 0.3949104583311956
551355.0 0.7513731537787761
761769.0 0.2474965222691104
719421.0 0.40172434190630135
757545.0 0.26259706537265926
757545.0 0.2584581899766527
551580.0 0.7479700958340244
564474.0 0.6912313477668168
757545.0 0.25975766947261386
719421.0 0.4010416439025414
720015.0 0.3702117875068901
720015.0 0.3926410313444685
761769.0 0.24585515469298383
723669.0 0.33855730402355605
761769.0 0.25165045553053145
761769.0 0.24617484961771274
723669.0 0.3394703178202625
723669.0 0.33771483705797734
551580.0 0.7471209602077413
551580.0 0.7466042405117814
761769.0 0.2520124921881644
761769.0 0.2531843193805108
757545.0 0.2634490763537059
551580.0 0.7506384088250124
757545.0 0.2592230161010496
564474.0 0.6940179898147978
564474.0 0.6935111598880596
757545.0 0.2593339435703987
564474.0 0.693103975937428
564474.0 0.6918593288932444
551580.0 0.7501026430827785
564474.0 0.6945390816859174
757545.0 0.262954898113124
564474.0 0.692794165811284
757545.0 0.2593299904366871
564474.0 0.6923073833468457
564474.0 0.6923546776538486
564474.0 0.6917094910372856
564474.0 0.6939383224638457
757545.0 0.25972794141171535
551580.0 0.7509797987970511
757545.0 0.2629273883514945
551580.0 0.7512534882244674
564474.0 0.6928714389490446
551580.0 0.7510178402469657
564474.0 0.6917122386178007
564474.0 0.6939683812651477
564474.0 0.6939785922371312
765993.0 0.24660420864796362
514248.0 0.8539592861735643
699159.0 0.43258065980403615
671337.0 0.46545799820697403
655020.0 0.5519258863333417
682734.0 0.4534171407098898
594339.0 0.6251129829795651
660405.0 0.5054769575817921
617442.0 0.623712356725295
661752.0 0.4989180628107979
635868.0 0.5858361188004374
629490.0 0.6116494135740199
556344.0 0.7243834448219869
709656.0 0.4290367240112807
680103.0 0.4611000070911335
572118.0 0.6732824995300786
589740.0 0.6469300963183172
594186.0 0.6387073860095266
515025.0 0.8333425882600854
626712.0 0.6150930827128455
619848.0 0.6199159620258358
640860.0 0.5799178027500368
551820.0 0.7357384038334902
720519.0 0.387203735365489
719883.0 0.39495404820883123
724239.0 0.3350163724774654
525501.0 0.7928248857831838
566823.0 0.6823671078417113
535887.0 0.7831830648225729
560280.0 0.7102712119229837
516729.0 0.8201069354426506
723789.0 0.34940337199837923
586386.0 0.6538369690997954
647754.0 0.570150379436477
736290.0 0.2925865988688708
721023.0 0.37204966720867
551580.0 0.7542642494005116
520590.0 0.8096307625358214
540615.0 0.7724391668017706
531324.0 0.7876691354393718
717690.0 0.42724860897524913
529638.0 0.7877615054096004
551652.0 0.7389083266734869
649914.0 0.5686091302596513
652017.0 0.5601148545744038
719565.0 0.4105198712170731
725706.0 0.31796340223384606
642639.0 0.5733101776780531
740553.0 0.28817707923367075
763368.0 0.2526466137003856
753111.0 0.2678918854599124
714711.0 0.4286466738445015
585447.0 0.6633736812114104
729846.0 0.3135292166948824
577185.0 0.6701006721439374
719421.0 0.41681212100653137
581619.0 0.666491752665754
743070.0 0.2866395340784071
744189.0 0.27917474982440293
729846.0 0.30848443290439737
564798.0 0.6835094316880965
723669.0 0.3564584916359436
537747.0 0.776815284507859
516492.0 0.8269720707578802
651021.0 0.5601522075319794
546042.0 0.7593928160662724
542349.0 0.7673102603027425
581205.0 0.6687572740054842
560862.0 0.7049391849636997
562281.0 0.70089232253254
543072.0 0.760183605753396
524592.0 0.8008171399343836
722658.0 0.3638657265810089
585606.0 0.6597723523811206
564474.0 0.6945878249014527
524190.0 0.802274767565135
577374.0 0.6696683542537726
757545.0 0.26532155928119316
725706.0 0.3282747958220044
735627.0 0.29754093556236894
642372.0 0.5745219914680685
537348.0 0.7784059661182975
719421.0 0.4116896730105684
722658.0 0.3713968001694095
745431.0 0.27196785958170255
725706.0 0.32102066139976365
745431.0 0.27707046016554926
547968.0 0.7584768882068186
758043.0 0.25930863953573713
549390.0 0.7572839952313051
723597.0 0.3627967485288597
761298.0 0.2592407304347101
732252.0 0.30283064332171017
543018.0 0.7647811466319709
750855.0 0.2681221199359141
520812.0 0.8092610700797909
716103.0 0.4281130310415486
747564.0 0.27184879891550534
741117.0 0.28708642723555056
733215.0 0.3019594190560969
516513.0 0.8233302326999705
757581.0 0.2603628878476322
748707.0 0.2713857511469308
725706.0 0.32844266196061633
560460.0 0.7098284707425163
565743.0 0.6831178058668002
734493.0 0.29918050332939594
734016.0 0.2995310410379361
729846.0 0.3028902933774728
749385.0 0.26943539510761005
564474.0 0.6965699724337299
729846.0 0.31162130461254123
761769.0 0.25339529058173516
757545.0 0.26498128854828584
749832.0 0.2687885894822039
520812.0 0.8061380363894747
761769.0 0.25858503001510175
761769.0 0.25622975459395164
520812.0 0.8084763664126889
551580.0 0.7558762966707484
520812.0 0.8028295572079871
551580.0 0.7549506793033771
757545.0 0.2667484616454916
761769.0 0.25404995898322263
520812.0 0.8054516131612717
757545.0 0.26729689300229736
564474.0 0.6974009368945836
520812.0 0.8049717964687692
761769.0 0.25423341485025974
761769.0 0.2551081859332503
520812.0 0.8033971182825036
520812.0 0.8042826565548135
757545.0 0.2659576225827679
564474.0 0.6967062205505148
564474.0 0.6979751562452451
551580.0 0.7566232303192255
761769.0 0.2559269367273116
761769.0 0.25526751474105347
560370.0 0.709941566088851
564474.0 0.6995420735115626
520812.0 0.8043930248832055
761769.0 0.258897742810733
564474.0 0.7001718001949454
564474.0 0.6997417572446419
520812.0 0.8088301525756996
761769.0 0.2538281157765125
520812.0 0.8032719217931636
564474.0 0.6968680107473663
551580.0 0.7544444422525152
560298.0 0.7101722581441886
564474.0 0.6990304957281586
551580.0 0.756732813828891
757545.0 0.26556774756821416
564474.0 0.6958421278520469
551580.0 0.7570962481184257
520812.0 0.8091616513584179
757545.0 0.2657937625153617
564474.0 0.6951113350829983
564474.0 0.6954656337951748
551580.0 0.7543911853364917
520812.0 0.8085333280206167
757545.0 0.2652287364765694
564474.0 0.6960874513372257
564474.0 0.6987021425681654
564474.0 0.7005278214036991
564474.0 0.6947886886619145
761769.0 0.2561104691457791
564474.0 0.6982689986128522
564474.0 0.6985261196264719
564474.0 0.6961805485241807
564474.0 0.6988600289131315
564474.0 0.70073699308988
564474.0 0.6963496051789959
761769.0 0.25400866848490083
564474.0 0.7003790227700633
564474.0 0.6946756674662066
564474.0 0.6956414100313545
564474.0 0.6949790173596666
551580.0 0.7571684521168656
564474.0 0.6954658242218298
564474.0 0.6956414100313545
564474.0 0.6984228013875741
564474.0 0.6968368848814056
564474.0 0.7007609053544057
564474.0 0.6965395950168188
564474.0 0.7004247002092642
564474.0 0.6965699724337299
564474.0 0.6964213135612993
564474.0 0.6967094915307337
564474.0 0.698945226915
564474.0 0.6983267976138674
564474.0 0.6950599128025825
564474.0 0.6949790173596666
564474.0 0.6989962218854591
564474.0 0.6983545975090248
564474.0 0.6982689986128522
564474.0 0.6964040317607401
564474.0 0.6989500475310457
564474.0 0.7003799362989269
564474.0 0.6950599128025825
564474.0 0.6950903548857997
564474.0 0.6965699724337299
564474.0 0.6983499907457552
564474.0 0.6950903548857997
564474.0 0.6964067867517495
564474.0 0.698945226915
564474.0 0.6989500475310457
564474.0 0.6964067867517495
564474.0 0.6989500475310457
564474.0 0.698945226915
564474.0 0.6989500475310457
564474.0 0.6989500475310457
564474.0 0.6989500475310457
766155.0 0.24840281876174491
516318.0 0.8742184227854847
766155.0 0.24790356418990242
687660.0 0.45473310276113227
675636.0 0.4674743446973828
671448.0 0.4783160619959123
630381.0 0.6240631757221086
611136.0 0.6270563557903585
597663.0 0.6337148251200907
701055.0 0.4505916379369905
587184.0 0.6610418243583566
642867.0 0.57769957076153
664479.0 0.5037139268031997
661308.0 0.5374516535505361
663660.0 0.5047374560567572
609228.0 0.6319498184050586
725736.0 0.31939733926146274
705303.0 0.44420824883610643
651858.0 0.5698249429072788
630594.0 0.6120671262722329
639858.0 0.6100786782027978
516426.0 0.8584846188776819
711231.0 0.4365311585401172
594132.0 0.6512386220122014
541320.0 0.7747999558728829
730260.0 0.3044400170874265
580416.0 0.6717659259613277
641262.0 0.5896096881041064
593799.0 0.6563961372925071
537540.0 0.7880063536408938
576126.0 0.6795030794517902
655995.0 0.555681180535439
660864.0 0.5515135675026009
724521.0 0.3359207564980922
641193.0 0.60158908387401
529740.0 0.7901919049883211
568782.0 0.6872233303651732
516456.0 0.83639020749051
559458.0 0.7273821396180321
560583.0 0.7113516698644198
537717.0 0.7830129734202248
516879.0 0.8209156208164275
555462.0 0.7372847485907694
763650.0 0.255977334517669
724239.0 0.3540556978107588
725736.0 0.3332505448817062
551580.0 0.7580019928575249
735627.0 0.3017643574647535
523092.0 0.8047163785394694
717405.0 0.4281775782844051
748251.0 0.2730658615218574
551670.0 0.7474127170966968
755886.0 0.26805186582523494
752964.0 0.2698267840727842
520680.0 0.8142482316502423
654075.0 0.5611433514128478
526908.0 0.8016671098714132
732066.0 0.3034509038840615
516330.0 0.8728731564277944
737385.0 0.2983221554399716
558030.0 0.7288585443818459
714552.0 0.43468149172355613
661053.0 0.5428357568302977
545016.0 0.7692957638641161
749958.0 0.26997951936652065
720537.0 0.39006274456690276
547086.0 0.7635595560163332
746757.0 0.2792467348823656
652443.0 0.5633521025626306
742653.0 0.292289942494847
565053.0 0.6941831211714451
720015.0 0.400482175556219
548136.0 0.7618081500315279
722499.0 0.3880825191303295
553359.0 0.739396169913623
722949.0 0.3711742537301448
719883.0 0.4112277856021404
564474.0 0.7009035483468674
525357.0 0.8032058838894156
568782.0 0.6856066690749264
578475.0 0.6758383280319741
744822.0 0.28630196948128794
551706.0 0.7411443227446189
561138.0 0.7086450154797544
719565.0 0.41251675040798313
745041.0 0.27951049364752184
528564.0 0.7949999377434407
757833.0 0.2633877502658361
739851.0 0.29640740083344624
562749.0 0.7046892484849536
716103.0 0.43319761550625074
744822.0 0.29125256400540145
719565.0 0.4182366840788431
740553.0 0.294713323768293
545016.0 0.7688970149248775
722658.0 0.37498682171296255
566865.0 0.6904671287024833
516552.0 0.8264433378324042
761769.0 0.2632167086467673
516552.0 0.8311212162680137
577038.0 0.6791447930140633
757749.0 0.26499731312108865
720489.0 0.398056946807096
724101.0 0.3631953858396242
579225.0 0.6722068804618498
717315.0 0.4301581086032635
566820.0 0.6927980033363043
562773.0 0.7012001611222053
724101.0 0.36540754875407494
724101.0 0.359209869700267
722658.0 0.38202625746640095
722658.0 0.38119108549604674
529644.0 0.7920408916275584
520812.0 0.814190222323075
719565.0 0.4177695922243112
528888.0 0.7948846906933658
520812.0 0.810124886056004
724101.0 0.35570103743521214
516456.0 0.8356498972414029
761769.0 0.262306162945677
558264.0 0.728579569602297
761769.0 0.2594845126291054
720375.0 0.3989189158956441
551580.0 0.7593209630904291
551580.0 0.7603198207667797
761769.0 0.26072636345436084
551580.0 0.7583013276560898
761769.0 0.2596582151789063
520812.0 0.8113290454806459
520812.0 0.8102928083590999
520812.0 0.8114723668263283
520812.0 0.8120502856263445
761769.0 0.26143035626378935
761769.0 0.26195718919262234
761769.0 0.2609892609764869
551580.0 0.7610159476084051
551580.0 0.7614206619136772
520812.0 0.8137051332137654
520812.0 0.8125087041506922
520812.0 0.8129755174930607
520812.0 0.8126379393604
761769.0 0.2625713593999206
551580.0 0.7613346857266291
520812.0 0.8134633317574173
761769.0 0.263026063565324
520812.0 0.8131746641283282
551580.0 0.7610232258036035
761769.0 0.26276849878838526
761769.0 0.2628722204460337
520812.0 0.8131412502544584
520812.0 0.8135714647467379
761769.0 0.26336368598003196
520812.0 0.8102414299135728
520812.0 0.8135220061969102
520812.0 0.8102430303495851
516513.0 0.8838455826206036
769263.0 0.24981177629790885
692817.0 0.45484484003403175
681567.0 0.4729120444101571
633906.0 0.6147936433255851
615720.0 0.6314570861135859
661230.0 0.5446832949634934
516669.0 0.8397890928152599
675714.0 0.48160606887464746
674691.0 0.5079562520941573
664227.0 0.5227687055968169
602826.0 0.6382553890994292
667986.0 0.5124748761430522
703188.0 0.45348209017095525
658341.0 0.5839379381842045
614988.0 0.6336308339436177
598488.0 0.6407036362622787
648828.0 0.5874399475908919
718725.0 0.4370926947393968
727791.0 0.32171071826103786
658509.0 0.5655794465293222
641547.0 0.6007599116601287
588180.0 0.6656494007053168
635754.0 0.6147075753749905
581061.0 0.6755288642943287
595662.0 0.6575230766255686
724305.0 0.35944648876062035
585924.0 0.6727513802545109
569406.0 0.6859520440982569
732066.0 0.31168859035328716
595176.0 0.6627381109499592
553926.0 0.7395922929184796
711231.0 0.4505835745152319
551820.0 0.7418141993254884
576618.0 0.6831417221356224
766167.0 0.25049948449215814
707490.0 0.4514787756889245
538014.0 0.7866389224906315
711231.0 0.4449750226407522
545994.0 0.7709139644470435
723669.0 0.37589843964486763
736497.0 0.30525314027542777
560598.0 0.7193873201156517
558264.0 0.732302380003335
764058.0 0.2610213688979526
727599.0 0.3351018755977318
541578.0 0.7781219839050748
551736.0 0.7591069901182778
658428.0 0.5714691250889309
558381.0 0.7294900568475616
576771.0 0.6801364599895221
542118.0 0.7773406517037226
721764.0 0.39154563923460495
646380.0 0.5953918333222494
732579.0 0.3065586145255397
643020.0 0.5994032893015842
547182.0 0.7674670841747718
533718.0 0.7964250773194091
529392.0 0.7999886490484139
562641.0 0.70912045922833
720081.0 0.402553308089734
560598.0 0.7129129974694525
740481.0 0.3042400122557364
720081.0 0.4069377008900569
524748.0 0.8093238957892243
753795.0 0.27078776906787144
647544.0 0.5931430130314411
747501.0 0.28496226057501417
520362.0 0.8238243905028205
722949.0 0.3856719612697386
549387.0 0.7624112025713091
537426.0 0.7907172765192919
759255.0 0.26435883377254926
516702.0 0.8272457688424946
516729.0 0.8269226709007235
720015.0 0.42183012962947813
723597.0 0.38010299096671213
527073.0 0.803828859150873
566550.0 0.6964447238298824
757545.0 0.26844878631862185
521040.0 0.8110130985263373
743070.0 0.2959044256296107
725706.0 0.34663287109073715
568554.0 0.694093350074688
740991.0 0.29654779373879725
745734.0 0.2900137310170301
568554.0 0.6905493313119236
566226.0 0.6997188638262262
528987.0 0.8011292683584926
750045.0 0.27202632570601176
740541.0 0.30037855921472895
719421.0 0.43079650738251857
725706.0 0.3522401421275585
722658.0 0.39139379688295206
725706.0 0.3380737482774086
720015.0 0.4141598177264716
744189.0 0.29319975898319706
725706.0 0.3491886468343984
534996.0 0.7937071724848677
757773.0 0.26663924694616253
762690.0 0.262557989652772
720015.0 0.42588887923351065
520524.0 0.8224484660211674
748926.0 0.2840166773543194
564330.0 0.7062535407546467
550470.0 0.7623583029839669
526803.0 0.8072178262065792
525576.0 0.8074787380114749
720015.0 0.4132507666895252
749385.0 0.27616589820436466
761769.0 0.2636327373251498
752310.0 0.27142908496142754
725706.0 0.3505630763076875
551670.0 0.7607061984382407
751533.0 0.27193630831686244
520764.0 0.8170813227139156
533940.0 0.7945508457025278
534996.0 0.7921854769847935
749319.0 0.2773503112336165
749253.0 0.2814682432467158
564474.0 0.702544975788884
720015.0 0.4288054184704503
520902.0 0.8110939056437035
745017.0 0.29206865113943725
719565.0 0.4302810992764783
520812.0 0.814447783691402
761769.0 0.26361179343258756
749163.0 0.28150467539374224
745713.0 0.29118780769145786
725706.0 0.33612057020452285
745146.0 0.2916154787416602
725706.0 0.337825250862311
564474.0 0.7013043963400554
757545.0 0.26868069798986344
757545.0 0.26987613768796725
520812.0 0.816479245442608
520812.0 0.8146878970103222
757545.0 0.26933748531437146
520812.0 0.8152044028801297
520812.0 0.8169783378738504
757545.0 0.2693491884479156
520812.0 0.8157356719878253
520812.0 0.8160770031803244
564474.0 0.7016418897479265
520812.0 0.8155522761811882
564474.0 0.7025936641992913
564474.0 0.702989424744957
520812.0 0.8144952561978305
520812.0 0.815323718214953
564474.0 0.7054130307740105
564474.0 0.7046244883204699
564474.0 0.7056986555855582
564474.0 0.7041401588652457
564474.0 0.7043673652844346
564474.0 0.7032740590361275
564474.0 0.7019988412357712
564474.0 0.7022214365829463
564474.0 0.7039011934714521
520812.0 0.815823534662233
564474.0 0.703538254480077
564474.0 0.7049544941091317
520812.0 0.8160063943529323
564474.0 0.7031898832556158
564474.0 0.7013939479813394
564474.0 0.7048771925835374
564474.0 0.7018202435952102
564474.0 0.7028114471379966
564474.0 0.7051385775156804
564474.0 0.7036690519434512
564474.0 0.7042081003706766
564474.0 0.7038186261334652
564474.0 0.7058313274184572
564474.0 0.7022755991251494
564474.0 0.7043200180378948
564474.0 0.7061583092442353
564474.0 0.7052422410316995
564474.0 0.7047264836688851
564474.0 0.7023836055903305
564474.0 0.7059813278476732
564474.0 0.7057287240583632
564474.0 0.7060350521377691
564474.0 0.7024981435028661
564474.0 0.703636185890877
564474.0 0.7053593907799353
564474.0 0.7024174705132664
564474.0 0.7019293284258424
520812.0 0.8170522211124122
564474.0 0.703542542465455
564474.0 0.7013043963400554
564474.0 0.7013939479813394
564474.0 0.7058929941132347
564474.0 0.702738115882645
564474.0 0.7026978034991034
564474.0 0.7052074776602681
564474.0 0.7032409764193841
564474.0 0.7026516202705136
564474.0 0.7046918412961753
564474.0 0.7018944365038768
564474.0 0.70184905076395
564474.0 0.702784664196037
564474.0 0.7051562330722887
564474.0 0.7062050607632584
564474.0 0.7038685850569268
564474.0 0.7058929941132347
564474.0 0.7026147263351683
564474.0 0.7060283249492093
564474.0 0.7053604965867077
564474.0 0.7038389637249853
564474.0 0.706251536433391
564474.0 0.7061875556404492
564474.0 0.7047054187514183
564474.0 0.7047264836688851
564474.0 0.7025936641992913
