806745.0 0.15341548781146472
479625.0 0.7825547184914753
644574.0 0.43698667261426816
520743.0 0.6318032996944931
772941.0 0.1665125020812597
573234.0 0.6292316167313894
674637.0 0.4062129657573739
676557.0 0.37412190990479605
753669.0 0.1880919958376147
637032.0 0.5127263944927943
711153.0 0.3609608080758267
510573.0 0.6643909055070966
615024.0 0.554947522525753
579177.0 0.6093329286773346
598614.0 0.6029519722452952
734925.0 0.2247585109268022
510387.0 0.7021257205899659
606651.0 0.5871283405280994
634782.0 0.5522415702331119
725736.0 0.26375888721484164
715599.0 0.28429227417235664
734925.0 0.20844281656806396
492048.0 0.7266411028894936
727533.0 0.25596345663272885
496044.0 0.712191541552136
500076.0 0.7044252252326549
732417.0 0.23796385040949306
491514.0 0.7439664609832327
603477.0 0.5901825395666621
715599.0 0.3281167599352725
636078.0 0.5267564448416042
635802.0 0.5393670566053337
481641.0 0.7774666374989629
715599.0 0.30516574144841474
485403.0 0.7701353841729969
487434.0 0.7526264672383952
715599.0 0.3545594375910942
715599.0 0.31256730924527193
715599.0 0.33636152116096785
734925.0 0.23300842207283365
715599.0 0.3227106174429432
715599.0 0.34381352950775135
487434.0 0.7626531539395085
487434.0 0.7614339356582659
487434.0 0.7672275436368601
715599.0 0.34290165357768365
715599.0 0.3062831911992288
715599.0 0.32541798880704986
487434.0 0.7643575767938756
487434.0 0.769836955806303
814977.0 0.15731451895627885
481641.0 0.8424562237381275
535221.0 0.6424573135595074
617802.0 0.5706146127409196
581016.0 0.6113682375194223
686313.0 0.39301136488285354
518973.0 0.675643509508651
653091.0 0.4495531008491905
574593.0 0.6377703809342116
513294.0 0.7053044107306063
645369.0 0.4986377719856139
676248.0 0.43254812482437643
711303.0 0.387212232171918
797745.0 0.1668550833921674
668694.0 0.4393211665243127
499581.0 0.7292878125864457
627033.0 0.5556522349873382
786765.0 0.18096077151792683
749163.0 0.23750494502183564
763683.0 0.20200474349565256
811437.0 0.16684525438188014
769857.0 0.1885127590932912
731913.0 0.2645507442875722
719421.0 0.3407439038962362
578562.0 0.6352766760961526
756963.0 0.20981408486732508
734925.0 0.23857919276221348
639444.0 0.5535029690359297
719883.0 0.311231864518811
728493.0 0.2862797576166354
643953.0 0.5154156519242549
641952.0 0.5352678260921699
719823.0 0.31555707078527956
489528.0 0.754323879530115
719421.0 0.355296849324669
487434.0 0.7739103693350299
481641.0 0.8296530204335173
753669.0 0.2267107844230675
778695.0 0.18392704008095845
642639.0 0.5236566532395984
753669.0 0.2196974470011135
639681.0 0.548065575238804
481641.0 0.813685505541645
732579.0 0.2530858339120715
776646.0 0.18502891309620792
719883.0 0.29919595696723117
715599.0 0.37686871424323176
727791.0 0.28846479618987336
497703.0 0.7350821303723417
715599.0 0.38225771887390975
485439.0 0.7884602235502862
493983.0 0.7361098018423603
485118.0 0.7931506660309829
483258.0 0.8097590674231694
491730.0 0.744831416007666
491730.0 0.7524153228765733
485439.0 0.777205734745353
483390.0 0.7997029043095407
493539.0 0.742113366869854
715599.0 0.36284416938483405
719883.0 0.28889713505934206
715599.0 0.37032357926922504
734925.0 0.24766852901096997
483351.0 0.8029863820405618
734925.0 0.24183440436224093
715599.0 0.36617555180947425
485709.0 0.7753576770766476
734925.0 0.24730561167616788
483048.0 0.878394479872716
815445.0 0.1610555386430619
688686.0 0.415470818923926
673092.0 0.4431390561289454
611520.0 0.611995579594962
642336.0 0.5391145409474852
657723.0 0.45327548333312034
707469.0 0.39673502155385193
584040.0 0.6223581364247337
541200.0 0.681431545581846
633009.0 0.5623204103838866
483048.0 0.8240342320916125
565869.0 0.6552111269299618
754281.0 0.22440769166380053
653688.0 0.5177587012908841
621492.0 0.5998135538521244
656202.0 0.49286995165586983
741165.0 0.24152458379022193
521574.0 0.6828044093568795
535221.0 0.6824655648022372
541200.0 0.6563546014568474
770505.0 0.19235095769783458
568668.0 0.6432686097493109
516192.0 0.7060761933473051
787209.0 0.1859038622353564
715599.0 0.3905572648086508
579372.0 0.6422862218182739
519996.0 0.6969099531368171
626898.0 0.5760553493468176
758514.0 0.2122701071625435
805521.0 0.17029462242013493
766191.0 0.20338506449238347
514320.0 0.7218874061987686
505827.0 0.7341199812320321
513090.0 0.7313553746729508
581412.0 0.6354819827381746
483492.0 0.802500962896993
725736.0 0.29218405107982093
621825.0 0.5825659720661877
739596.0 0.25539125680656405
502044.0 0.7384438951169202
754281.0 0.23914898240990623
719823.0 0.3470221621580749
763683.0 0.21050220785718185
493983.0 0.7508608580891607
719883.0 0.3268152451233664
718581.0 0.38468332258003
485709.0 0.7875140791801165
719565.0 0.36756233815303085
491610.0 0.7657969197175793
794145.0 0.18327363355123072
654360.0 0.5117480461101938
814977.0 0.1699843377256302
778695.0 0.1899594089030684
491850.0 0.7596226191586246
487782.0 0.7741408848495164
734925.0 0.27614273493935215
778695.0 0.19214754591539696
499944.0 0.7483573806011826
566703.0 0.6525534142029266
719883.0 0.31654963989392654
624630.0 0.5786070119877789
655503.0 0.49936453025184113
723669.0 0.30193267363232995
732252.0 0.2902703540352989
584040.0 0.6133822919035389
499422.0 0.7508044816594459
483420.0 0.8116578104133555
796398.0 0.18257393545175493
723669.0 0.30917026337886105
723684.0 0.300628196323033
483078.0 0.8165884337496855
719883.0 0.33334703941041344
800559.0 0.18208621835141298
719421.0 0.3738525209807057
734925.0 0.2695073674355611
800559.0 0.18145898900280405
814977.0 0.1686582666767394
732579.0 0.28339382844992234
485709.0 0.7832161736880909
800559.0 0.1729345208085321
734925.0 0.26278634599691225
719883.0 0.33974456782369317
655866.0 0.49756875180315346
719823.0 0.3415172529011107
732579.0 0.2843565858696422
800559.0 0.17861072918148
734925.0 0.2738795324368252
734925.0 0.2613221662299195
719565.0 0.37016856892992783
487434.0 0.7817511210219813
719421.0 0.37359083442810437
734925.0 0.25770721965318844
732579.0 0.28607410443273223
732279.0 0.28961404776980515
487434.0 0.7766909881697979
734925.0 0.26124159757323473
800559.0 0.18019964349612821
487434.0 0.7799969685429956
734925.0 0.25591772775395083
778695.0 0.1916630595361321
778695.0 0.18905089346435086
778695.0 0.18785056823803237
778695.0 0.18698913960891417
487434.0 0.7781697457053212
487434.0 0.7785898830542182
487434.0 0.7825989051141108
487434.0 0.7797916328236022
800559.0 0.18231726779485816
483078.0 0.8462878748712235
817074.0 0.161689579657066
620739.0 0.6122333181782575
585447.0 0.6146751104536817
524730.0 0.6907637276705708
676674.0 0.4484980909176496
688809.0 0.4239660156576365
543807.0 0.6573335206188262
656772.0 0.5186498879358535
570717.0 0.6559552423009717
658734.0 0.49589963198015524
541467.0 0.6809137597753907
622032.0 0.5828586864401074
582549.0 0.6394160607862508
519471.0 0.7147399591871815
647994.0 0.539745716246541
658980.0 0.4601156587707283
705231.0 0.41641601186736116
696576.0 0.41670852269612435
667560.0 0.4556366090888579
573234.0 0.6527487695225216
499521.0 0.7536920013289686
771147.0 0.1947543024796685
736497.0 0.2751031456377668
791934.0 0.18782571879326487
630987.0 0.5789070925150693
506946.0 0.7378928879788068
518067.0 0.72985128257099
644499.0 0.5438603090054335
491865.0 0.7643535670910596
513090.0 0.7346149207714944
584997.0 0.6240781289049556
716103.0 0.4140025174004198
783351.0 0.18792874011533678
770052.0 0.2118869478544493
542142.0 0.665699587558195
642393.0 0.5596485992297061
745275.0 0.2552285848758694
483582.0 0.8027559780991889
719883.0 0.3798235875025994
634926.0 0.5640887512262035
736497.0 0.26002120927919575
491442.0 0.7804255006218086
633978.0 0.5737324962460045
741393.0 0.2558108147505172
797787.0 0.18323890707551194
720519.0 0.3360418719268215
720015.0 0.3494935426839267
662223.0 0.459931410022082
483078.0 0.8281754149475514
754281.0 0.24162047747634788
755742.0 0.2300039139790212
806013.0 0.1761716874467651
757869.0 0.22516272624051897
640554.0 0.5626329152476318
812946.0 0.17419036386680145
483438.0 0.8179709759571535
800559.0 0.18272657383743657
503748.0 0.7484511321229539
734154.0 0.2853748029225699
766191.0 0.21307535143867126
806013.0 0.1816535880488248
723789.0 0.3053499758206671
491622.0 0.7683734564135188
760980.0 0.22075331067978662
778695.0 0.19354447237833883
720015.0 0.36491298263407534
719883.0 0.36500508887180133
732579.0 0.2897636272627
745275.0 0.24731142733927905
754701.0 0.23982785980108873
727791.0 0.29491506344961926
778839.0 0.1895928071240814
503682.0 0.749356773697892
723669.0 0.3185880386764475
487068.0 0.8004271344636527
720519.0 0.3276142871820501
718725.0 0.39570223295750273
720015.0 0.3435822648288504
816222.0 0.1631950239906401
717690.0 0.4020391749619327
719565.0 0.38908047473097657
762267.0 0.21368199478179684
717690.0 0.4088782287387436
761769.0 0.2162582166417978
727791.0 0.29626269424910756
725706.0 0.30087131960574537
487434.0 0.792990821254412
718725.0 0.3902900627621066
724209.0 0.30204854758579247
717690.0 0.4119044898845817
723669.0 0.3190908470387421
745275.0 0.24887296415076696
483258.0 0.8249337561124109
814977.0 0.1707677889159744
733440.0 0.28669094424662395
723669.0 0.32346055575755994
483330.0 0.8207781538884021
732579.0 0.2917924273054171
487284.0 0.7966878129368005
814977.0 0.17206789762396815
745275.0 0.24206247137994236
487434.0 0.7832676757803183
727791.0 0.30011533452868566
723669.0 0.3204389088159636
778695.0 0.1926451717204464
814977.0 0.17273125054662844
487434.0 0.7852456339212062
487302.0 0.7948126960056648
487434.0 0.7879954447907053
806013.0 0.1747077213312681
487434.0 0.7860757198653077
487434.0 0.7905327484502909
487434.0 0.7894268543899001
487434.0 0.7924713201839104
778695.0 0.19361458987107213
814977.0 0.1730910072144239
487434.0 0.7871465969688066
814977.0 0.1740147165281532
487434.0 0.7914545845680333
814977.0 0.17131851427650888
487434.0 0.7932722471461731
487434.0 0.7940510512299649
487434.0 0.7897786266269115
487434.0 0.7872918422553525
487434.0 0.7917774515028777
487434.0 0.7945479318540979
745275.0 0.24192826438826825
487434.0 0.7896824114500447
814977.0 0.17106628571652086
814977.0 0.1728149098133609
487434.0 0.7943678231822567
814977.0 0.17094743921088942
487434.0 0.7915784405402635
487434.0 0.7896234838515229
487434.0 0.7917435815241638
487434.0 0.7942192405139844
487434.0 0.7931186781863385
487434.0 0.7941396101821
487434.0 0.7872360569043731
487434.0 0.793110655829525
487434.0 0.7942028993677099
487434.0 0.7917774515028777
487434.0 0.7931186781863385
483501.0 0.8297704623490767
817089.0 0.16916683210732636
483501.0 0.8277946309900399
614121.0 0.6189733215016306
543807.0 0.668281017731167
587994.0 0.6225852655311102
669261.0 0.46340918708692147
659790.0 0.483346313006442
621231.0 0.6124733372124452
628380.0 0.5911628994328981
633711.0 0.5815310644424663
659583.0 0.5324274130869474
693435.0 0.4356684529029722
524952.0 0.6986156000663619
563574.0 0.6666211298004889
705543.0 0.4228936539991406
521070.0 0.7178034937583754
682386.0 0.44976855509833863
787374.0 0.1891374446782463
713490.0 0.4182603864970277
640638.0 0.5647422732818431
679113.0 0.45169317938062997
507750.0 0.7406336277817135
663132.0 0.482058203231484
541476.0 0.6882867838791822
649455.0 0.540705574768322
694206.0 0.42533070987542937
575319.0 0.6581637501305921
747549.0 0.24788468084999749
724101.0 0.3134910881751509
563574.0 0.6613389850738158
516498.0 0.7350053735906349
646797.0 0.5492440267459375
532626.0 0.6931476492613899
657495.0 0.5331523515673005
643491.0 0.559915066026113
796713.0 0.18853712070846906
585447.0 0.6420174899472949
518973.0 0.7312684795950337
717825.0 0.405668787960156
728994.0 0.3008177173095337
495450.0 0.7789775475601489
723669.0 0.3370405657940657
720537.0 0.3627647654647064
581619.0 0.6536469973520244
495510.0 0.7658594058477816
770682.0 0.2124276702229193
507060.0 0.7553994847987867
536991.0 0.6929807139403862
725658.0 0.308575428474385
757662.0 0.23490481345823291
723597.0 0.35208184179458973
720015.0 0.3855932307496719
585447.0 0.6245394023658439
585198.0 0.6468163452445775
772905.0 0.20079119566952333
803166.0 0.1858481220477593
500022.0 0.7648682389348117
485709.0 0.818748565098372
814977.0 0.1744666332719489
755127.0 0.2433728281299205
810597.0 0.17485676387278967
758271.0 0.22724664329165029
778695.0 0.1978780452221075
731751.0 0.29560333189022275
738456.0 0.27908796061758495
579003.0 0.6577370561646678
745275.0 0.2625548083678049
736497.0 0.2855120821684136
720015.0 0.37147746886639194
806352.0 0.1785389705281378
754281.0 0.24777316343089353
741009.0 0.2689630543197358
489066.0 0.7857912932724197
485385.0 0.8254778022319851
488406.0 0.7927323232852448
491934.0 0.7831447185985051
745017.0 0.2664595773137927
723669.0 0.34677664665109975
761727.0 0.22476940672723786
767787.0 0.21361251464846348
740553.0 0.2716736309995098
762729.0 0.21982177184251495
487242.0 0.8105663555336253
765963.0 0.21836558461960043
736107.0 0.2898973559541662
806901.0 0.17661795326273888
504048.0 0.7557810294369048
734493.0 0.2924444055865063
774366.0 0.20024637087053898
778479.0 0.19961673864473675
800319.0 0.18715020031775562
720081.0 0.36888496396447995
765972.0 0.2149184306516653
740553.0 0.27651623535286424
723669.0 0.34001099873133683
503682.0 0.7609927960278086
718725.0 0.40256834031374883
720015.0 0.39241781011320215
491514.0 0.785101593625443
745275.0 0.2647034461193793
734493.0 0.2946148646855335
754701.0 0.24751788922696372
778695.0 0.19479020814410578
503682.0 0.7592503941176353
800559.0 0.18695082348728387
719565.0 0.39936953168540423
659556.0 0.5326866418978773
719565.0 0.3949104583311956
761727.0 0.22510131973952544
719565.0 0.39641120752539516
762729.0 0.21948663577757543
774339.0 0.2006299014946224
806853.0 0.17828570540920233
487434.0 0.7952061994824154
487290.0 0.8102082291596225
487290.0 0.8077079520454065
719421.0 0.40172434190630135
491826.0 0.7842726107040483
720015.0 0.3702117875068901
719421.0 0.4010416439025414
720015.0 0.3926410313444685
745251.0 0.2650182000478795
503682.0 0.7625354536260253
487434.0 0.8068082854168075
503682.0 0.7630950687666076
723669.0 0.33855730402355605
503682.0 0.7609669736239943
503682.0 0.7610508403345424
723669.0 0.33771483705797734
723669.0 0.3394703178202625
800559.0 0.1864050054165515
778695.0 0.19642413443625084
778695.0 0.19762986292914275
487434.0 0.7957347925960724
778695.0 0.19574828178633316
487434.0 0.8023312463348227
487434.0 0.8012662006551847
487434.0 0.7963873008411193
778695.0 0.19518160734737255
778695.0 0.19635390353025822
487434.0 0.797631683659603
487434.0 0.7970396981695801
487434.0 0.7990569406747441
487434.0 0.8074288512869428
487434.0 0.8025597320043507
487434.0 0.798442963472042
778695.0 0.1989287777503206
487434.0 0.8002892740724474
487434.0 0.8017927804089083
503682.0 0.7630184316314121
800559.0 0.18605741199971507
487434.0 0.7995361336574834
487434.0 0.7970129132663089
487434.0 0.7964723597224987
487434.0 0.7998794996803138
487434.0 0.8040337243033955
778695.0 0.19549543059079855
778695.0 0.19807027293177615
487434.0 0.8008618645822042
487434.0 0.7987006072008678
487434.0 0.8034421743725018
778695.0 0.19836950482181367
487434.0 0.8029252547873179
487434.0 0.8030117315460453
778695.0 0.1993022956714012
778695.0 0.19851998234765522
487434.0 0.8016194942457346
487434.0 0.8036532423176904
487434.0 0.8071138114184685
487434.0 0.800464410410624
778695.0 0.1991069497342436
487434.0 0.8046871836663833
487434.0 0.8066615244155131
487434.0 0.7981090609086089
487434.0 0.8053603555038567
487434.0 0.8050039820290794
487434.0 0.8063520323400731
487434.0 0.8050777830464223
487434.0 0.8058917994389316
487434.0 0.8058100179556987
487434.0 0.7978789892382907
487434.0 0.8061249744838812
487434.0 0.8055803993404386
778695.0 0.19568361626232023
778695.0 0.19763235208126345
778695.0 0.1995229648381611
487434.0 0.804561618003701
487434.0 0.8043935557053314
487434.0 0.7980862614606103
487434.0 0.7989209960941219
487434.0 0.804188074139074
487434.0 0.8006641411023688
800559.0 0.18699921903918706
487434.0 0.8034717736894761
487434.0 0.8069964213334262
487434.0 0.8036190024731606
487434.0 0.8061801599902806
778695.0 0.19851619507904864
487434.0 0.7996179577028033
487434.0 0.8068969828316948
487434.0 0.7989290065565198
487434.0 0.8062755431524193
487434.0 0.7997497342102083
487434.0 0.7997533901014161
487434.0 0.8046307301790353
487434.0 0.80425429889498
487434.0 0.8075830270612061
487434.0 0.7977758389771542
487434.0 0.7976689028061442
487434.0 0.8007525557022132
487434.0 0.8070539355237182
487434.0 0.8075130144926075
487434.0 0.8067215994990531
487434.0 0.8016772553186094
487434.0 0.8068592472037122
487434.0 0.8006666032034706
487434.0 0.8054189513112526
487434.0 0.8068082854168075
487434.0 0.8030051104119923
487434.0 0.7977550345036908
487434.0 0.7964723597224987
487434.0 0.8055247176380919
487434.0 0.7996068277956323
487434.0 0.8007879488606972
487434.0 0.8074656898716902
487434.0 0.8075830270612061
487434.0 0.8043278862808712
778695.0 0.19957715695154896
487434.0 0.8054975810630065
487434.0 0.8017110675184922
487434.0 0.8043132674915344
487434.0 0.805033880127732
487434.0 0.8067140804261865
487434.0 0.8017391990797181
778695.0 0.19954477938347917
487434.0 0.8017670968261079
487434.0 0.8068082854168075
487434.0 0.8054601540406507
487434.0 0.8063159866474691
487434.0 0.8054475704751148
778695.0 0.19961207422477206
487434.0 0.8074410906130266
487434.0 0.80078400419419
487434.0 0.8036277175468579
487434.0 0.8063335940943565
487434.0 0.8050175042707578
487434.0 0.7970129132663089
487434.0 0.7977550345036908
487434.0 0.8063207270981216
487434.0 0.8043258128784695
487434.0 0.8043152220849149
487434.0 0.8074288512869428
487434.0 0.8068082854168075
487434.0 0.7977550345036908
487434.0 0.8068082854168075
487434.0 0.8068082854168075
487434.0 0.8068082854168075
487434.0 0.8068082854168075
487434.0 0.8068082854168075
487434.0 0.8068082854168075
487434.0 0.8068082854168075
487434.0 0.8068082854168075
487434.0 0.8068082854168075
487434.0 0.7970129132663089
487434.0 0.8068082854168075
487434.0 0.8068082854168075
487434.0 0.8068082854168075
487434.0 0.8068082854168075
487434.0 0.8068082854168075
487434.0 0.8068082854168075
487434.0 0.8068082854168075
487434.0 0.7964723597224987
487434.0 0.8068082854168075
487434.0 0.8068082854168075
483648.0 0.8548119715625782
818259.0 0.17107647994170308
699159.0 0.43258065980403615
671337.0 0.46545799820697403
655020.0 0.5519258863333417
682734.0 0.4534171407098898
660405.0 0.5054769575817921
594339.0 0.6251129829795651
661752.0 0.4989180628107979
617442.0 0.623712356725295
635868.0 0.5858361188004374
629490.0 0.6116494135740199
788103.0 0.19090346382631723
581205.0 0.6605928150012302
548232.0 0.6784576705905685
537390.0 0.7122278627326549
516192.0 0.7416234972414376
521979.0 0.7309440501294412
564474.0 0.668720842344881
709656.0 0.4290367240112807
680103.0 0.4611000070911335
545538.0 0.6947568392553725
594186.0 0.6387073860095266
589740.0 0.6469300963183172
557160.0 0.677496004401446
526029.0 0.7149513598935493
780792.0 0.19592170630514757
626712.0 0.6150930827128455
619848.0 0.6199159620258358
800547.0 0.19021689060241087
483648.0 0.835626290265865
753324.0 0.24883004971559083
719883.0 0.39495404820883123
720519.0 0.387203735365489
724239.0 0.3350163724774654
640860.0 0.5799178027500368
507771.0 0.7535504274310693
558795.0 0.6702027358433962
586386.0 0.6538369690997954
723789.0 0.34940337199837923
503682.0 0.7658148035215708
541476.0 0.7080142099536195
747564.0 0.2535148411009777
739539.0 0.2859426236511971
541476.0 0.6984741989513118
524730.0 0.7217119903316923
509943.0 0.7437964108304503
763683.0 0.22332064031554696
721023.0 0.37204966720867
757773.0 0.23964286450466896
736290.0 0.2925865988688708
647754.0 0.570150379436477
564474.0 0.6635230158798164
812616.0 0.18175338141415365
496146.0 0.7807836635449608
717690.0 0.42724860897524913
727533.0 0.31014949969149597
496338.0 0.7735338989632977
772953.0 0.20259690005306827
740955.0 0.27394010906579813
719565.0 0.4105198712170731
583986.0 0.658053059142919
746001.0 0.26370318366032997
767445.0 0.21727417905023147
649914.0 0.5686091302596513
489402.0 0.7941880798637817
751767.0 0.2534962656592857
652017.0 0.5601148545744038
770919.0 0.21305576914546184
719421.0 0.41681212100653137
492210.0 0.7832794601212179
814977.0 0.17504130148880795
485244.0 0.8316961130892676
642639.0 0.5733101776780531
740316.0 0.2791257784433725
762339.0 0.2271961300478494
488202.0 0.8018197866132076
759693.0 0.22959535978482595
714711.0 0.4286466738445015
725706.0 0.31796340223384606
723669.0 0.3564584916359436
804447.0 0.1867309843431062
806853.0 0.1817615285054112
651021.0 0.5601522075319794
759093.0 0.23470027034185206
745233.0 0.27137112168832306
499539.0 0.7697940288867544
729846.0 0.30848443290439737
722658.0 0.3638657265810089
490812.0 0.7905191502018049
812772.0 0.1753948703151071
486117.0 0.8251684760697168
729846.0 0.3028902933774728
725706.0 0.32844266196061633
507771.0 0.745554417619284
776451.0 0.20081007381149632
725706.0 0.32102066139976365
735627.0 0.29754093556236894
642372.0 0.5745219914680685
722658.0 0.3713968001694095
491496.0 0.7868383567293957
802305.0 0.18696098632879074
806625.0 0.182515463748909
719421.0 0.4116896730105684
723597.0 0.3627967485288597
525906.0 0.7177458568337715
502200.0 0.7687117057865788
778695.0 0.1998819656112032
507771.0 0.7458879623911587
732252.0 0.30283064332171017
757845.0 0.2380570298486608
716103.0 0.4281130310415486
487734.0 0.805160451887072
725706.0 0.3282747958220044
733215.0 0.3019594190560969
768774.0 0.2147860353103325
500100.0 0.7690393440921283
770589.0 0.21373382299560958
503682.0 0.7676913757348766
774339.0 0.20193860388091503
734016.0 0.2995310410379361
734493.0 0.29918050332939594
768756.0 0.21684838470885764
564474.0 0.6674565173089472
778695.0 0.20042808274683366
745275.0 0.270556659022338
745617.0 0.2668091786953392
800559.0 0.18924584840670192
745275.0 0.2671200696269719
774339.0 0.20213961031035999
487434.0 0.8077130947658077
487434.0 0.8221317085836635
800559.0 0.18881251340802083
487434.0 0.8193238730575173
487434.0 0.8084035029354936
487434.0 0.8077235978475349
487434.0 0.8166337779928855
487434.0 0.8245356391476748
487434.0 0.8250650413485616
487434.0 0.8187176554950376
487434.0 0.8175050905158279
487434.0 0.8155185462303828
487434.0 0.8116485858018618
487434.0 0.8147530288053698
778695.0 0.20027016457005942
487434.0 0.8121067138754258
487434.0 0.814224324611092
487434.0 0.8145823367806102
487434.0 0.815128285551666
487434.0 0.8204707885421378
487434.0 0.8161516856008871
487434.0 0.8171418963255382
487434.0 0.821723922953514
800559.0 0.18890058067473328
487434.0 0.8200740330584436
487434.0 0.8196586026691024
487434.0 0.8158939746408217
487434.0 0.8236854274311092
487434.0 0.8208677933803399
487434.0 0.8211869535665379
487434.0 0.8106879659903277
778695.0 0.1998901691826472
487434.0 0.8232742507563671
487434.0 0.8214841189255317
487434.0 0.8223987554530341
487434.0 0.8239659476630111
487434.0 0.8230047251417187
487434.0 0.8205859495450362
487434.0 0.8123009543758029
487434.0 0.8090700467560522
487434.0 0.8185380428790602
487434.0 0.8112222672775671
487434.0 0.8093615237983411
487434.0 0.8124896966176762
487434.0 0.8219620617969277
487434.0 0.8126859723810753
487434.0 0.8091905380344592
487434.0 0.8240161007947822
487434.0 0.8242494817156961
487434.0 0.8207797466738106
487434.0 0.8086511576938844
487434.0 0.8129081100158448
487434.0 0.822710973999646
487434.0 0.8198916713260657
487434.0 0.8109070717099556
487434.0 0.8153277590615414
487434.0 0.8225084675511724
487434.0 0.8233723396359456
487434.0 0.8114413409792237
487434.0 0.8177146794014293
487434.0 0.8088871741584707
487434.0 0.8101318845841017
487434.0 0.8197654015635012
487434.0 0.81369271738912
487434.0 0.8244300092682826
487434.0 0.8213735923009153
487434.0 0.8168108961586615
487434.0 0.8140521168333839
487434.0 0.8131671835217822
487434.0 0.8135637908916948
487434.0 0.8152805846109806
487434.0 0.8100343136532814
487434.0 0.8121858952187785
487434.0 0.8181141776937181
487434.0 0.8133918151698206
487434.0 0.811558516284278
487434.0 0.821260278001844
487434.0 0.8088871741584707
487434.0 0.8182051872009043
487434.0 0.8200181067787484
487434.0 0.8140098362807721
487434.0 0.8105165469091057
487434.0 0.8235115876087846
487434.0 0.8096599265730077
487434.0 0.8180128009705395
487434.0 0.8235534636433253
487434.0 0.8183661849356354
487434.0 0.8170148216984723
487434.0 0.8102695761021649
487434.0 0.8160500127150957
487434.0 0.8186685156782971
487434.0 0.8095305814594964
487434.0 0.8094898540283407
487434.0 0.8110578437908682
487434.0 0.8111413240689188
487434.0 0.8103870665389574
487434.0 0.8097077270862724
487434.0 0.8159491981823065
487434.0 0.8179392417827837
487434.0 0.8132736498656687
487434.0 0.8182968544694577
487434.0 0.822763584572496
487434.0 0.8220223018853905
487434.0 0.8138705667954753
487434.0 0.8228560969941591
487434.0 0.8129585082160801
487434.0 0.8177411520212328
487434.0 0.8138236035815942
487434.0 0.8243115573145441
487434.0 0.810506580891191
487434.0 0.8135947317417896
487434.0 0.8086135581654869
487434.0 0.8125998207590742
487434.0 0.8084968809984563
487434.0 0.809816425701152
487434.0 0.8098288677844503
487434.0 0.8114583480170566
487434.0 0.8085255859330952
487434.0 0.8178494965542171
487434.0 0.8224735879647896
487434.0 0.822103347410007
487434.0 0.8130441598679052
487434.0 0.8099356285543604
487434.0 0.8169706669276958
487434.0 0.8229559082685766
487434.0 0.8130666104143395
487434.0 0.8109735991931
487434.0 0.8229025187574694
487434.0 0.8133221076808969
487434.0 0.8099357451826118
487434.0 0.8178575608694734
487434.0 0.8126120264850003
487434.0 0.8169097294522675
487434.0 0.8161195340535634
487434.0 0.8168507891226997
487434.0 0.8133729198845324
487434.0 0.818354664161477
487434.0 0.8242983229341134
487434.0 0.8168867278803119
487434.0 0.8109275637271076
487434.0 0.8187083304886377
487434.0 0.8109576885621552
487434.0 0.8138292413001283
487434.0 0.8103433249838348
487434.0 0.8138705032364075
487434.0 0.810302720283156
487434.0 0.8103433249838348
487434.0 0.810307170954065
487434.0 0.8161335982723028
487434.0 0.8130653545721471
487434.0 0.8183642982550758
487434.0 0.8138266891318947
487434.0 0.810307170954065
487434.0 0.8099356285543604
487434.0 0.8088871741584707
487434.0 0.8103433249838348
487434.0 0.8088871741584707
484860.0 0.8475300450258754
813459.0 0.17591482858137564
687660.0 0.45473310276113227
671448.0 0.4783160619959123
675636.0 0.4674743446973828
630381.0 0.6240631757221086
611136.0 0.6270563557903585
597663.0 0.6337148251200907
701055.0 0.4505916379369905
554928.0 0.6789995010156923
511854.0 0.7454548820220218
661308.0 0.5374516535505361
664479.0 0.5037139268031997
642867.0 0.57769957076153
781671.0 0.19641559710949955
663660.0 0.5047374560567572
568746.0 0.6637088855752624
585447.0 0.6633736812114104
546978.0 0.70052039516691
796419.0 0.19553754745287602
705303.0 0.44420824883610643
609228.0 0.6319498184050586
651858.0 0.5698249429072788
630594.0 0.6120671262722329
508734.0 0.7626033718454925
639858.0 0.6100786782027978
594018.0 0.6500884731045813
711231.0 0.4365311585401172
641262.0 0.5896096881041064
593799.0 0.6563961372925071
749055.0 0.2618343089763964
764223.0 0.22421862735484738
585606.0 0.6597723523811206
724521.0 0.3359207564980922
655995.0 0.555681180535439
542688.0 0.7091848745823016
641193.0 0.60158908387401
660864.0 0.5515135675026009
489528.0 0.7945501904669519
525894.0 0.7241227295622633
539763.0 0.7174216224920636
494379.0 0.7875275037467959
767727.0 0.21832681678307106
521070.0 0.7436995556091094
724239.0 0.3540556978107588
532626.0 0.7223715930582281
532974.0 0.7186469002306618
725736.0 0.3332505448817062
725736.0 0.31939733926146274
752931.0 0.256112742471392
546978.0 0.7010998709504256
757836.0 0.24194056222506716
489489.0 0.8103728845950801
491616.0 0.7915983995356783
498618.0 0.7837016935651823
485118.0 0.8364910590753738
717405.0 0.4281775782844051
740610.0 0.28489681541216316
808905.0 0.18330442884722475
734925.0 0.2997942543277509
524748.0 0.7424861438735288
566865.0 0.6693188569709748
661053.0 0.5428357568302977
654075.0 0.5611433514128478
804069.0 0.18928821699927134
746001.0 0.267675484492134
744189.0 0.27533731336790596
525462.0 0.7306369567229162
487722.0 0.8126333147930064
757836.0 0.24792099757347208
560334.0 0.6764024622401339
727533.0 0.3180857653828307
541455.0 0.7131736399371044
772431.0 0.2134630810222721
732066.0 0.3034509038840615
505800.0 0.7662903052722725
720537.0 0.39006274456690276
762543.0 0.23199564623246505
761337.0 0.23614260419757868
487587.0 0.8221594671263793
558330.0 0.677836152246881
737385.0 0.2983221554399716
720015.0 0.400482175556219
714552.0 0.43468149172355613
652443.0 0.5633521025626306
719883.0 0.4112277856021404
525462.0 0.737143654970767
730260.0 0.3044400170874265
722949.0 0.3711742537301448
722499.0 0.3880825191303295
744189.0 0.27917474982440293
812853.0 0.18164095365096772
740553.0 0.28817707923367075
729846.0 0.3135292166948824
778803.0 0.2007725683861885
722658.0 0.37498682171296255
563718.0 0.674533764161303
719565.0 0.4182366840788431
724101.0 0.36540754875407494
774249.0 0.20743808778855635
716103.0 0.43319761550625074
719565.0 0.4177695922243112
739851.0 0.29640740083344624
770343.0 0.21503869297721095
564474.0 0.6742791729001149
729846.0 0.31162130461254123
485418.0 0.8319216830445556
503307.0 0.7747004393243112
807129.0 0.186098222859105
568044.0 0.6665286261320212
807003.0 0.18894430923890715
499980.0 0.7750855404050336
499602.0 0.7814128132090933
755127.0 0.24910672593025618
720489.0 0.398056946807096
754281.0 0.2543948018906625
800559.0 0.19189634524345678
521142.0 0.7434708171488458
487314.0 0.8311802713441756
776502.0 0.20498456860995554
740553.0 0.294713323768293
798519.0 0.19376293125636784
717315.0 0.4301581086032635
724101.0 0.359209869700267
745431.0 0.27196785958170255
722658.0 0.38202625746640095
719565.0 0.41251675040798313
504021.0 0.767061569075199
499980.0 0.7772203531625571
774315.0 0.20711171570771345
722658.0 0.38119108549604674
754281.0 0.24989615560015707
813132.0 0.1806429428156285
745431.0 0.2690776333899919
800559.0 0.19043579300406735
724101.0 0.3631953858396242
798519.0 0.19201315659614138
489360.0 0.8113803459433174
770721.0 0.21443738649441915
776826.0 0.20375212317843
761769.0 0.23319694827299486
724101.0 0.35570103743521214
487386.0 0.8273912999596628
778695.0 0.2033810577527844
761631.0 0.23572884125440677
487434.0 0.8258470709821228
720375.0 0.3989189158956441
503682.0 0.7691390272905575
503682.0 0.7730991383414381
503682.0 0.7721157115158067
564474.0 0.6743749988951833
503682.0 0.7706231632291936
503682.0 0.7699933441125427
503682.0 0.770415118384824
503682.0 0.7725350119177813
778695.0 0.20177076972566463
778695.0 0.2011252353357912
778695.0 0.20241894726047308
778695.0 0.2020538080669712
487434.0 0.8269510947892458
778695.0 0.20270337685862874
778695.0 0.2029315626407922
487434.0 0.8265766437827774
778695.0 0.2032943349712584
487434.0 0.8258888912320066
487434.0 0.8262949466717463
778695.0 0.20100750593143776
487434.0 0.8267658674913556
503682.0 0.7701989471563478
778695.0 0.20370679305236053
778695.0 0.2027651697570688
487434.0 0.8264619419920071
503682.0 0.7700798047263052
778695.0 0.20351589311242513
487434.0 0.8266009443037426
487434.0 0.826321228783751
487434.0 0.8264498510082176
778695.0 0.20346115910537466
778695.0 0.20347973441555947
778695.0 0.20350510957126242
