0.7408785991992525
0.7408785991992525
0.7408785991992525
0.7408785991992525
0.7408785991992525
0.7408785991992525
0.7408785991992525
0.7408785991992525
0.7408785991992525
0.7408785991992525
0.7437008425532058
0.7454434505839485
0.7454434505839485
0.7454434505839485
0.7454434505839485
0.7454434505839485
0.746623522130094
0.746623522130094
0.746623522130094
0.746623522130094
0.746623522130094
0.746623522130094
0.746623522130094
0.7482484764310618
0.7482484764310618
0.7506550615053662
0.7510108250218085
0.7511534617273651
0.7511534617273651
0.7511534617273651
0.7520021570851505
0.7520021570851505
0.7520021570851505
0.7520021570851505
0.7528153282932181
0.7528153282932181
0.7539426040002735
0.7558761352906582
0.75682635189234
0.75682635189234
0.75682635189234
0.7569860341619304
0.7573082316865986
0.75772488164529
0.7588149662332256
0.7588149662332256
0.7588149662332256
0.7588149662332256
0.7588149662332256
0.7588149662332256
0.7588149662332256
0.7588149662332256
0.7588149662332256
0.7588149662332256
0.7588149662332256
0.7588149662332256
0.7588149662332256
0.7588149662332256
0.7588149662332256
0.7588149662332256
0.7588149662332256
0.7588149662332256
0.76065458012706
0.7611548478599204
0.7611548478599204
0.7611548478599204
0.7611548478599204
0.7612955839788677
0.7612955839788677
0.7612955839788677
0.7612955839788677
0.7612955839788677
0.7612955839788677
0.7612955839788677
0.7612955839788677
0.7619064111897729
0.7619064111897729
0.7619064111897729
0.7619064111897729
0.7619064111897729
0.7619064111897729
0.7619064111897729
0.7619064111897729
0.7619064111897729
0.7619064111897729
0.7619064111897729
0.7619064111897729
0.7619064111897729
0.7619064111897729
0.7619064111897729
0.7619064111897729
0.7619064111897729
0.7619064111897729
0.7619064111897729
0.7619064111897729
0.7624721238530822
0.7624721238530822
0.7624721238530822
0.7624721238530822
0.7629905216496742
0.7629905216496742
0.7629905216496742
0.7629905216496742
0.7629905216496742
0.7629905216496742
0.7635554311038542
0.763596120758533
0.763596120758533
0.7644841894316745
0.7650119808918787
0.7650119808918787
0.7650119808918787
0.7652509381167251
0.7654242437538952
0.7654242437538952
0.7654242437538952
0.7666277602596584
0.7666277602596584
0.7671932741119715
0.767258211828768
0.767258211828768
0.767258211828768
0.767258211828768
0.767258211828768
0.767366753130074
0.767366753130074
0.767366753130074
0.767366753130074
0.767366753130074
0.767366753130074
0.767366753130074
0.767366753130074
0.767366753130074
0.767366753130074
0.767366753130074
0.767366753130074
0.767366753130074
0.767366753130074
0.767366753130074
0.767366753130074
0.767366753130074
0.767366753130074
0.767366753130074
0.767366753130074
0.767366753130074
0.767366753130074
0.767366753130074
0.767366753130074
0.767366753130074
0.767366753130074
0.767366753130074
0.767366753130074
0.767366753130074
0.7677049474299313
0.7677049474299313
0.7677049474299313
0.7677049474299313
0.7677052035227475
0.7677052035227475
0.7677052035227475
0.7677052035227475
0.7677052035227475
0.7677052035227475
0.7677052035227475
0.7677052035227475
0.7677052035227475
0.7677052035227475
0.7677052035227475
0.7677052035227475
0.7677052035227475
0.7677052035227475
0.7677052035227475
0.7677052035227475
0.7677052035227475
0.7677052035227475
0.7678864571923837
0.7678864571923837
0.7678864571923837
0.7678864571923837
0.7678864571923837
0.7678864571923837
0.7688178317312834
0.7690205764331091
0.7697043902877345
0.7697043902877345
0.7697043902877345
0.7698435634551214
0.7704503133268421
0.7704503133268421
0.7709897194839466
0.771029958120358
0.7712566136095447
0.7713880649623697
0.7713880649623697
0.7713880649623697
0.7713880649623697
0.7713880649623697
0.771946829132253
0.771946829132253
0.771946829132253
0.771946829132253
0.771946829132253
0.771946829132253
0.771946829132253
0.7719586537310682
0.7719586537310682
0.7724588684723296
0.7728331275720681
0.7733092540681096
0.7744273706207969
0.7744273706207969
0.7744273706207969
0.7744273706207969
0.7744273706207969
0.7744273706207969
0.7744273706207969
0.7744273706207969
0.7744273706207969
0.7744273706207969
0.7744273706207969
0.7744273706207969
0.7747083072381128
0.7752391392673136
0.7752391392673136
0.7755538342009416
0.7766188939621186
0.7766188939621186
0.7766188939621186
0.7766188939621186
0.7766188939621186
0.7771161090018743
0.7774053810386216
0.7774053810386216
0.7784969285224741
0.7789582635964977
0.7789582635964977
0.7789582635964977
0.7789582635964977
0.7794313911804485
0.7798000428083818
0.7798000428083818
0.7802596835089138
0.7802596835089138
0.7806891979015486
0.7806891979015486
0.781838328227068
0.7818494943214693
0.7818962824145954
0.7819091299409966
0.7819091299409966
0.7819091299409966
0.7821590818819515
0.7826412159311334
0.7826412159311334
0.7831644475633845
0.7831644475633845
0.7831644475633845
0.7831644475633845
0.783442818757247
0.7840645358327083
0.7840645358327083
0.7844249550867854
0.7848706371741088
0.7848706371741088
0.7853012955485394
0.7869665970935786
0.7869665970935786
0.7872307424652566
0.78738133374803
0.7875970232660381
0.7875970232660381
0.7875970232660381
0.7875970232660381
0.7875970232660381
0.7879022849644015
0.7879022849644015
0.7879022849644015
0.7879022849644015
0.7879022849644015
0.7879022849644015
0.7882766070093197
0.7882929293131709
0.7885613259313369
0.7886019817784482
0.7886019817784482
0.7886019817784482
0.7897810945930767
0.7904988002717007
0.7905761092987618
0.7912847034368501
0.7922946877030144
0.7924120317786008
0.7927106207449888
0.7928667482341656
0.7928667482341656
0.7928667482341656
0.7928667482341656
0.7928667482341656
0.7945629576722435
0.7947115626855802
0.7947115626855802
0.7951039776468142
0.7953129917024985
0.7963455867306792
0.7963455867306792
0.796673324329784
0.7968549206604917
0.7968598198921365
0.7968598198921365
0.7968598198921365
0.7968598198921365
0.7970871369659013
0.7973790088334533
0.7981125959484142
0.7983634711004982
0.7988517929935969
0.7991047128349417
0.799327961710781
0.7999895385877281
0.8002820637945834
0.8007207730207784
0.8007216499255699
0.8009161334266321
0.8012166321843243
0.8012166321843243
0.8012166321843243
0.8016509001568135
0.8022045289676211
0.8022045289676211
0.8022376587308316
0.8034569065649761
0.8034701589520095
0.803497107775893
0.8036474876407854
0.8041615821874045
0.8042536635337055
0.8045270030357128
0.8047240822520044
0.8054958931875936
0.8055970396969805
0.8066710033979806
0.8071077168813301
0.8072705890139268
0.8073222973679055
0.8073222973679055
0.8073222973679055
0.8076177134776529
0.8077075694493051
0.8080839513642277
0.8085651271572342
0.8091248320258246
0.8096563355911154
0.8096673724316366
0.8099008529789711
0.810189607047711
0.8102258825599858
0.8106261611623883
0.8111002615418759
0.8113333932064754
0.8114892469162587
0.8116965503610682
0.811807687930972
0.8118378810908304
0.8120552583012492
0.8124035804346499
0.8128250203935251
0.8131532389341097
0.813194284759501
0.8133972729286982
0.8135237678941386
0.8140940630095992
0.8143700220418715
0.8145049195814255
0.8145469355508357
0.8146825411806206
0.8153291348808379
0.8154471251824154
0.81547386380772
0.8155727301727526
0.8155923803315325
0.8156236787987501
0.8158246720433363
0.8158359390992996
0.8159187092254832
0.8159340941838342
0.816071901405924
0.8166206201457054
0.8167039106575762
0.8172929705654217
0.8174075716240932
0.8174566383613507
0.817776304631017
0.8182002559111613
0.8182529669303524
0.8183110364650777
0.8184009385795417
0.8184472442964071
0.8185079860729443
0.8192344619548846
0.8199730039230144
0.8199766232786818
0.8200548199143881
0.8200797434654391
0.8201325049173955
0.8201906183058288
0.8202509665639924
0.8204438769524688
0.8205149263578785
0.8205373315083917
0.8207342164641952
0.8208301985311759
0.8208459913715874
0.8209142384968477
0.8209462216817566
0.821030905434924
0.8210704951388383
0.8211299388238291
0.8211365858505254
0.8211710039706119
0.8215101238443936
0.821658057732715
0.8217816349345984
0.8219329503487777
0.8220710312557177
0.8221110358754726
0.8221296832811137
0.822310902647975
0.8224162041923864
0.8228916388731604
0.8236320715044579
0.8236457816786095
0.8236590767490581
0.8239415226082322
0.8239766624641075
0.8240551858012035
0.8242832469657873
0.8244806795030855
0.8246532461400099
0.8247574143028104
0.8247594499699663
0.824891748101553
0.8248928527824905
0.8249008749159478
0.8250983090622422
0.8252523686497487
0.8253358600182326
0.8255500308282269
0.8256030663759791
0.8256873707834423
0.8259394351426436
0.8259740063909214
0.8261630024184595
0.8261934471785347
0.8262493817795273
0.8264402519572983
0.8264893205031897
0.8265031758456277
0.8268183179151337
0.8269556679968143
0.8273615068705736
0.8275311064092451
0.8276453531310162
0.8277348540761156
0.827796737087562
0.8278147870771215
0.8278216575054475
0.8278610223582954
0.8279135762784212
0.8281197923659183
0.8283109379531387
0.8284985778629415
0.828542808883415
0.8285599160841909
0.8285618256507385
0.828606405434488
0.8287676921660735
0.8287883737164661
0.8289009110896859
0.8289532221458755
0.8290755632931455
0.8290921193688557
0.8292868001914833
0.8293644313258373
0.8294053295745124
0.8296590722555859
0.829821094558626
0.8300585289516877
0.8300856747559295
0.8301051881326978
0.8301581920511286
0.8301612595171228
0.830394938160023
0.8304485248399275
0.8304907280934122
0.8305281196392258
0.830681478383456
0.830749488496089
0.8308176226294344
0.8310250952197542
0.8310368621653074
0.8310474179143769
0.8310781718938326
0.8311608377561535
0.831202368466538
0.8312157960916563
0.8312432870366746
0.8313254935226901
0.8314030431491258
0.8314294206480243
0.831496393777597
0.8315368325167924
0.8316386881413094
0.8316669681079691
0.831738944192931
0.8317515358499746
0.831893707794374
0.8320160404034586
0.8322315463069603
0.8322578731744913
0.8323426770733023
0.8324023748856342
0.832484658094847
0.8325991565170638
0.8327318805376149
0.8327497823351017
0.8328503880002213
0.8329944853446616
0.8333572822016204
0.8333903418576529
0.8334649773017855
0.8334691989238767
0.8335548941658628
0.8336104078196542
0.8336901817500301
0.8337809202059727
0.8337994619456319
0.8338698636538358
0.8340731048981338
0.8341976580153834
0.8342358822009315
0.8343153475876752
0.8343521712654958
0.83450458979271
0.8345458288335267
0.8345818963657362
0.8347185914574743
0.834731981212891
0.8347452137365672
0.8347903922797998
0.8349273204808307
0.8349747148381369
0.835000138603567
0.8350163959529792
0.8352037119757325
0.8352429530899619
0.8354222057706439
0.8354328349826831
0.8355127318472051
0.835557204084846
0.8358020913995668
0.8360052137892482
0.8361090910994269
0.8361976525556934
0.83621359180071
0.8362283813271421
0.8366478146828817
0.8366490791511854
0.8367847111878177
0.8368091308614629
0.8368140814643765
0.8369607962078436
0.8370531821622224
0.8371244025018818
0.837263174166897
0.8372770524910618
0.8373028834148759
0.8373363388767907
0.8373891496831005
0.8374221060677621
0.8375174574386075
0.8377912977433366
0.837894413580468
0.8379204340352895
0.8379880205004098
0.8380639258766021
0.8381677919145951
0.8381974301919836
0.8382797048465065
0.8383802350425339
0.8384023525990688
0.8384108093766165
0.8385166402977499
0.8385755487750335
0.8387415896836847
0.8387586879242743
0.8388052798375822
0.8388094894641476
0.8388298471656416
0.8388778617794042
0.8389264148859196
0.8389596047409292
0.8389765739303209
0.8389766725008918
0.838977435027559
0.8390182756871787
0.8390263729115003
0.8392115462997066
0.8392246431170532
0.8393131044973109
0.8393519304117728
0.8394058672879734
0.8394089920443808
0.8394358577776295
0.8394516147166035
0.839578347223695
0.8396913413366764
0.8398509154621289
0.839851428238509
0.839910451166773
0.8400285235892734
0.8400567960173093
0.8402624330022904
0.8403111270757597
0.8404299452612146
0.8405660030434634
0.8406947428186998
0.840720635771629
0.8408941189579635
0.8409411083816278
0.8410400180675089
0.8411432828779956
0.8411850849734472
0.8412375799721524
0.8413757715231097
0.8414251021338984
0.8415238863277853
0.8417630709788537
0.8418623956445098
0.8419531503412655
0.8421993830803407
0.8423481681113852
0.8423805044543984
0.8425137507301165
0.8426117499073652
0.8426132239377626
0.8426987040312385
0.8427952524263426
0.8428333458773634
0.8428593212319865
0.8429118359886731
0.8429419627430546
0.8429873961098783
0.8430046544093452
0.8430835931134638
0.8431416014087739
0.8431771754126857
0.8432413613829937
0.8432522954199204
0.8432620395276362
0.8432639435568022
0.8433019788305541
0.8435249824498386
0.8436023520755463
0.8436882035596062
0.843689668311575
0.8437175036639456
0.8437456173438869
0.8437708212142878
0.8437820165287117
0.8438088280926602
0.8438559159317821
0.8439266879039461
0.8440601633407441
0.8441301824990278
0.844260624321791
0.8442996847440523
0.8443735702557966
0.8444439884168154
0.8445309072407716
0.8445891597594328
0.8446036696095434
0.8447055363710111
0.8449214880807183
0.8449464980615183
0.8449823727858874
0.8449862321780253
0.8450381956071041
0.845144725326169
0.8451730315355728
0.8452491685405168
0.8452951793482277
0.8454257311868207
0.8456746319412501
0.8459367530203274
0.8459795318910398
0.8460432359917031
0.846107154749734
0.8461194219367849
0.8461334408344715
0.8461366255740372
0.8461783063846887
0.8462006184113523
0.846201617828863
0.8462857822498597
0.84631331650295
0.846328054906735
0.8463883056492654
0.8464496673622334
0.8466140607623456
0.8466173100432968
0.846631569502609
0.8467528195723455
0.8468241122716723
0.8468616246733842
0.8469273148192052
0.8471130433000642
0.8472725769005787
0.8473462455403549
0.8473504477229186
0.8475284891574807
0.8475295551281317
0.8475303541449773
0.8476061707889688
0.8476463159040074
0.8477714957808916
0.8479292842951872
0.8480016685866202
0.8481442440914493
0.848148052301668
0.8481750017992397
0.8481842643989865
0.8482743684876026
0.8483853326247183
0.84853144971443
0.8486287668421081
0.8486652893737952
0.8487027681972664
0.8487303986918626
0.8487644056337916
0.8488052294455396
0.8488765060149317
0.8489791925751634
0.8492195994233765
0.8492996672501988
0.8493832968967837
0.8493844083025275
0.8493871124109245
0.8493926032675876
0.8494363249449404
0.849528786832281
0.8496782441937014
0.8497219823908141
0.8498290633418658
0.8498319569862485
0.8498517091509117
0.8499001310412907
0.8499117945506407
0.8500640388792092
0.8501574915020937
0.8502080615790137
0.8502646203731895
0.8503232196032751
0.8505711605103149
0.8505888941467501
0.8506654598813019
0.8506809574588281
0.8507730915061341
0.8508026794713333
0.8508784521021721
0.8508917159282098
0.8509614901876839
0.8509823602916065
0.8510163450841626
0.8510243904894625
0.8510438454612758
0.8511009647129384
0.8512189018675282
0.8512421687581663
0.8513160180886579
0.8514217403365555
0.8514950664963175
0.8515101989776261
0.851624741196947
0.8518628426730176
0.8518653978744589
0.8518678944545576
0.8518785474243209
0.8519202843152665
0.851928449392304
0.8519715262959743
0.8521867518136813
0.8523070285246783
0.8524776724441206
0.8525908822966008
0.8528073054546976
0.8528476283741627
0.8529917536407542
0.8530254297295288
0.8530332074182968
0.8530646448746233
0.8531720488151145
0.8532130695538306
0.8532795965001287
0.8535375869187068
0.8535553722635671
0.8535748518090284
0.8536140124667074
0.853694220125541
0.8538891448148244
0.8539107601664663
0.8539461687638665
0.854076678921022
0.8541499178247809
0.8542121869622831
0.8542436814924678
0.8542516709305499
0.8542749885568944
0.8543027310637314
0.8543395224226529
0.8543799775730261
0.8544198080716363
0.8544747952150906
0.8544988116037388
0.8545731408978624
0.8546095810165443
0.8547876876293141
0.8548772855409665
0.8551397059680522
0.8551409923590165
0.855209863453483
0.8552768389498011
0.8552882229855445
0.85530889447461
0.8554888162164281
0.855528058882164
0.8555600138057955
0.8556045254757181
0.8556800643602968
0.8557418702414916
0.8557788422292252
0.8558744328585184
0.8559907790312711
0.8560624798612607
0.8561015285499808
0.856135166152915
0.8561542954008723
0.8562042853104945
0.8562956100494371
0.8563820056029995
0.8564421848908541
0.8564537101175727
0.8564572773314649
0.8565478573589848
0.8565968169756929
0.8567593179981162
0.8568490411701595
0.8571455736267662
0.8571594012688271
0.8572504258579953
0.857328931945293
0.8574041114436028
0.85745934212596
0.8575234853232436
0.8575321483813503
0.8575501238112556
0.8575528367419873
0.8575990025567265
0.8577263318532177
0.8578507865777494
0.8578966035175967
0.857914376703107
0.8580618315635988
0.8581280626123291
0.8581509748956994
0.85815809883469
0.8583430405412762
0.8583677085435373
0.8583838741534301
0.8584214376161121
0.858432078329226
0.8584543917707947
0.8585134134442639
0.8585222991508323
0.8585966308722097
0.8586086560131747
0.8587288327476569
0.8588006828922893
0.8588403011043271
0.8589443960328793
0.858981455425666
0.8590780555579172
0.8591348222766916
0.8591376664167516
0.8592725143439238
0.8593620786165402
0.8593885239400328
0.8594986069048453
0.8595082648620765
0.8595190591347203
0.8597364678795468
0.8597418200425867
0.8598267677847926
0.859899945183431
0.8601768327741521
0.8603307246909463
0.8604455071907954
0.8605272866370911
0.8605483726110754
0.8605864109163652
0.8606217841793229
0.8606246796096135
0.8608012425618069
0.8608390340568925
0.8609000236995675
0.860918960078278
0.8611961396886854
0.8613395346702555
0.8613809363221553
0.8615210422857178
0.8615284118397214
0.8615980563550787
0.8616660365051213
0.8617957722732964
0.861898630423501
0.8620586025687266
0.8621374345848669
0.8621469815386296
0.8621957426528093
0.8622573782712997
0.8623054310546122
0.8623285435710615
0.8623524479890429
0.8624056990263461
0.8624978433629457
0.8625272805812961
0.8625952128248134
0.8626373102943411
0.8627157873863792
0.8627899061234605
0.8628544758569522
0.8628581070262783
0.8629315210014062
0.86299592645424
0.8630006219698114
0.863011726934243
0.8630742064198511
0.863149883380962
0.8631575391096701
0.8632448240784079
0.8632735074120503
0.8634096557477274
0.8638252117753704
0.8638290574282605
0.8638749059015461
0.8640275269555014
0.8640722759972407
0.8641358055431239
0.8641554492435659
0.8641942532227835
0.8642968999536785
0.8644640598097817
0.8645244868912931
0.8645369331289817
0.8645474534532064
0.8645868209624724
0.864682627056529
0.8647205358286931
0.8647290149101121
0.8648533369548518
0.865037601230331
0.8652199994100687
0.8652627572282506
0.8653855403099292
0.865419709539459
0.8654427983832254
0.8654743169239577
0.8655192165122727
0.8655477397467559
0.8655907067053159
0.8657942024907769
0.8660760608769843
0.8661976964859163
0.8662730141228475
0.8662940178809293
0.8663437414963558
0.8663711299619085
0.8664902084816324
0.8665135173004591
0.8665632751369582
0.8666169030094456
0.8666975708398306
0.8667087598588736
0.8669909166326637
0.8670548189962223
0.8670733294297589
0.8670813806072017
0.8670984778641511
0.8672180556634368
0.8672945098763255
0.8673415837802503
