0.7408785991992525
0.7408785991992525
0.7408785991992525
0.7408785991992525
0.7408785991992525
0.7408785991992525
0.7408785991992525
0.7408785991992525
0.7408785991992525
0.7408785991992525
0.7437008425532058
0.7454434505839485
0.7454434505839485
0.7454434505839485
0.7454434505839485
0.7454434505839485
0.746623522130094
0.746623522130094
0.746623522130094
0.746623522130094
0.746623522130094
0.746623522130094
0.746623522130094
0.746623522130094
0.7482484764310618
0.7482484764310618
0.7496567612128224
0.7497710305446851
0.7506550615053662
0.7510108250218085
0.7511534617273651
0.7511534617273651
0.7511534617273651
0.7520021570851505
0.7520021570851505
0.7520021570851505
0.7520021570851505
0.7528153282932181
0.7528153282932181
0.7539426040002735
0.7558761352906582
0.75682635189234
0.75682635189234
0.75682635189234
0.7569212149735386
0.7569860341619304
0.7573082316865986
0.7575771117128283
0.75772488164529
0.7588149662332256
0.7588149662332256
0.7588149662332256
0.7588149662332256
0.7588149662332256
0.7588149662332256
0.7588149662332256
0.7588149662332256
0.7588149662332256
0.7588149662332256
0.7588149662332256
0.7588149662332256
0.7588149662332256
0.7588149662332256
0.7588149662332256
0.7588149662332256
0.7588149662332256
0.7588149662332256
0.76065458012706
0.7609059690892312
0.7611548478599204
0.7611548478599204
0.7611548478599204
0.7611548478599204
0.76123593434217
0.7612955839788677
0.7612955839788677
0.7612955839788677
0.7612955839788677
0.7612955839788677
0.7612955839788677
0.7612955839788677
0.7612955839788677
0.7619064111897729
0.7619064111897729
0.7619064111897729
0.7619064111897729
0.7619064111897729
0.7619064111897729
0.7619064111897729
0.7619064111897729
0.7619064111897729
0.7619064111897729
0.7619064111897729
0.7619064111897729
0.7619064111897729
0.7619064111897729
0.7619064111897729
0.7619064111897729
0.7619064111897729
0.7619064111897729
0.7619064111897729
0.7619064111897729
0.7624721238530822
0.7624721238530822
0.7624721238530822
0.7624721238530822
0.7629905216496742
0.7629905216496742
0.7629905216496742
0.7629905216496742
0.7629905216496742
0.7629905216496742
0.7635554311038542
0.763596120758533
0.763596120758533
0.7644841894316745
0.7650119808918787
0.7650119808918787
0.7650119808918787
0.7652509381167251
0.7654242437538952
0.7654242437538952
0.7654242437538952
0.7666277602596584
0.7666277602596584
0.7671932741119715
0.767258211828768
0.767258211828768
0.767258211828768
0.767258211828768
0.767258211828768
0.767366753130074
0.767366753130074
0.767366753130074
0.767366753130074
0.767366753130074
0.767366753130074
0.767366753130074
0.767366753130074
0.767366753130074
0.767366753130074
0.767366753130074
0.767366753130074
0.767366753130074
0.767366753130074
0.767366753130074
0.767366753130074
0.767366753130074
0.767366753130074
0.767366753130074
0.767366753130074
0.767366753130074
0.767366753130074
0.767366753130074
0.767366753130074
0.767366753130074
0.767366753130074
0.767366753130074
0.767366753130074
0.767366753130074
0.7677049474299313
0.7677049474299313
0.7677049474299313
0.7677049474299313
0.7677052035227475
0.7677052035227475
0.7677052035227475
0.7677052035227475
0.7677052035227475
0.7677052035227475
0.7677052035227475
0.7677052035227475
0.7677052035227475
0.7677052035227475
0.7677052035227475
0.7677052035227475
0.7677052035227475
0.7677052035227475
0.7677052035227475
0.7677052035227475
0.7677052035227475
0.7677052035227475
0.7678864571923837
0.7678864571923837
0.7678864571923837
0.7678864571923837
0.7678864571923837
0.7678864571923837
0.7688178317312834
0.7690205764331091
0.7697043902877345
0.7697043902877345
0.7697043902877345
0.7698435634551214
0.7704503133268421
0.7704503133268421
0.7709897194839466
0.771029958120358
0.7712566136095447
0.7713880649623697
0.7713880649623697
0.7713880649623697
0.7713880649623697
0.7713880649623697
0.771946829132253
0.771946829132253
0.771946829132253
0.771946829132253
0.771946829132253
0.771946829132253
0.771946829132253
0.7719586537310682
0.7719586537310682
0.7724588684723296
0.7728331275720681
0.7733092540681096
0.7739609740335833
0.7744273706207969
0.7744273706207969
0.7744273706207969
0.7744273706207969
0.7744273706207969
0.7744273706207969
0.7744273706207969
0.7744273706207969
0.7744273706207969
0.7744273706207969
0.7744273706207969
0.7744273706207969
0.7747083072381128
0.7752391392673136
0.7752391392673136
0.7755538342009416
0.775972350187869
0.775972350187869
0.775972350187869
0.7759929930779207
0.7765659830880103
0.7766188939621186
0.7766188939621186
0.7766188939621186
0.7766188939621186
0.7766188939621186
0.7771161090018743
0.7774053810386216
0.7774053810386216
0.7776048513087809
0.7784969285224741
0.7789157241681789
0.7789582635964977
0.7789582635964977
0.7789582635964977
0.7789582635964977
0.7793495770546258
0.7794313911804485
0.7797119436477841
0.7798000428083818
0.7798000428083818
0.7799781337609959
0.7802596835089138
0.7802596835089138
0.7806891979015486
0.7806891979015486
0.7813864315879933
0.7814715266645952
0.7814886519869584
0.7814886519869584
0.7814886519869584
0.7814886519869584
0.7814886519869584
0.781838328227068
0.7818494943214693
0.7818962824145954
0.7819091299409966
0.7819091299409966
0.7819091299409966
0.7821590818819515
0.7821957058186364
0.7825490559775489
0.7826412159311334
0.7826412159311334
0.7830386397076788
0.7831644475633845
0.7831644475633845
0.7831644475633845
0.7831644475633845
0.7832750158616933
0.783442818757247
0.7835795896528719
0.7838054389851951
0.7838585638732516
0.7840645358327083
0.7840645358327083
0.784278067678558
0.7844249550867854
0.7846537527724071
0.7846537527724071
0.7846537527724071
0.7846537527724071
0.784729959436121
0.7848706371741088
0.7848706371741088
0.78491428318402
0.7850057659339168
0.7853012955485394
0.7857859893530653
0.7857916168500692
0.7857916168500692
0.7858541679157929
0.7860098051781225
0.7860943997725881
0.7865089615035283
0.7865122567379078
0.7866377887369086
0.7866682517397886
0.7867841443739432
0.7869665970935786
0.7869665970935786
0.7872307424652566
0.78738133374803
0.7873898827207441
0.7873898827207441
0.7873898827207441
0.7873898827207441
0.7873898827207441
0.7874456667494125
0.7874456667494125
0.7874456667494125
0.7875626059890846
0.7875626059890846
0.7875626059890846
0.7875970232660381
0.7875970232660381
0.7875970232660381
0.7875970232660381
0.7875970232660381
0.7877898348282071
0.7879022849644015
0.7879022849644015
0.7879022849644015
0.7879022849644015
0.7879022849644015
0.7879022849644015
0.788038592747479
0.7881200235900979
0.7881686903806528
0.7882766070093197
0.7882929293131709
0.7884778509108201
0.7885613259313369
0.7886019817784482
0.7886019817784482
0.7886019817784482
0.7887375415257188
0.7887375415257188
0.7887375415257188
0.789301487309113
0.7894045111508958
0.7895476425155403
0.7897810945930767
0.7902484157944817
0.7902966277192911
0.7904842427960922
0.7904988002717007
0.7905075247591117
0.7905075247591117
0.7905322844089543
0.7905761092987618
0.7908030464170004
0.7908460789369165
0.7908460789369165
0.7908462861029444
0.7908481782168212
0.7908956610981527
0.7910928304583308
0.7911329144191313
0.7911991945509366
0.7911991945509366
0.7912091872679341
0.7912847034368501
0.7913710864059805
0.7913710864059805
0.791677500420994
0.791677500420994
0.791677500420994
0.7919078281767813
0.7920061235730962
0.7920061235730962
0.7920336712847247
0.7922665326224221
0.7922946877030144
0.7922984138040725
0.7923083552395416
0.7923083552395416
0.7923083552395416
0.7924120317786008
0.7926134482063799
0.7926134482063799
0.7926134482063799
0.7927106207449888
0.7927496013724542
0.7928667482341656
0.7928667482341656
0.7928667482341656
0.7928667482341656
0.7928667482341656
0.7931079251035598
0.7931079251035598
0.7931768257748436
0.7931768257748436
0.7931768257748436
0.7933427467182326
0.7935365060533935
0.7936677726654168
0.794070379167445
0.794070379167445
0.7942633539610908
0.7944008821182625
0.7944838074835845
0.7945629576722435
0.7946298667488231
0.7947115626855802
0.7947115626855802
0.7947134259626274
0.7947134259626274
0.7947134259626274
0.7947134259626274
0.7947134259626274
0.7947366056277783
0.7948163902621608
0.7948927650761308
0.7948927650761308
0.7948927650761308
0.7948927650761308
0.7948927650761308
0.7948927650761308
0.7948927650761308
0.7950647670430824
0.7951026333713398
0.7951039776468142
0.795212885846086
0.795247611670277
0.795247611670277
0.7953129917024985
0.7954029390779479
0.7956559825296896
0.7956559825296896
0.7957127852264028
0.7957313806297291
0.7961643406662698
0.7962410173071693
0.7963455867306792
0.7963455867306792
0.7963977751881727
0.7964932577326096
0.7964932577326096
0.7964932577326096
0.7964932577326096
0.7964932577326096
0.7964932577326096
0.7964932577326096
0.7964932577326096
0.7964932577326096
0.7964932577326096
0.7964932577326096
0.7964932577326096
0.7964932577326096
0.7966490728414358
0.7966531056671634
0.796673324329784
0.7968209522176205
0.7968209522176205
0.7968549206604917
0.7968584785787134
0.7968584785787134
0.7968584785787134
0.7968584785787134
0.7968598198921365
0.7968598198921365
0.7968598198921365
0.7968598198921365
0.7969684881501918
0.7969684881501918
0.7969684881501918
0.7970871369659013
0.7973291351177861
0.7973790088334533
0.7974858415092004
0.7975667831978933
0.7975700131820957
0.797635099173787
0.7976544537489656
0.7976544537489656
0.7976544537489656
0.7976544537489656
0.7976544537489656
0.7977187680509293
0.7978625688955461
0.7981125959484142
0.7981962519151713
0.7981962519151713
0.7983489964445493
0.7983634711004982
0.7985241796102382
0.7985241796102382
0.7985497165354762
0.798607331357663
0.798609898693228
0.7987787678728352
0.7987871382167242
0.7988122018421185
0.7988517929935969
0.7990800879739274
0.7990800879739274
0.7990800879739274
0.7990800879739274
0.7990800879739274
0.7990800879739274
0.7990800879739274
0.7990800879739274
0.7990883262860248
0.7991047128349417
0.7991651265440491
0.7991651265440491
0.7991651265440491
0.799327961710781
0.7993618919393536
0.7995037403033978
0.7995037403033978
0.7996999053243485
0.7998728886992641
0.7999895385877281
0.8000196102083494
0.8000196102083494
0.8000977174150425
0.8000977174150425
0.8000977174150425
0.8000977174150425
0.8000977174150425
0.8000977174150425
0.8001391385030304
0.8001391385030304
0.8001788395003392
0.8002592377852124
0.8002592377852124
0.8002592377852124
0.8002820637945834
0.8002950743481128
0.8002950743481128
0.8003384309344348
0.8003694349708443
0.8004444222249069
0.8004444222249069
0.8004444222249069
0.8006011970841779
0.8006473005775951
0.8006473005775951
0.8007207730207784
0.8007216499255699
0.8007601100250145
0.8008129109769543
0.8009161334266321
0.8009610694177781
0.8009610694177781
0.8010911856678619
0.8012166321843243
0.8012166321843243
0.8012166321843243
0.801329194023371
0.8014149771701453
0.8014149771701453
0.8014149771701453
0.8016509001568135
0.8018192670453719
0.8018192670453719
0.8019962953733828
0.8020848707546124
0.8020848707546124
0.8020848707546124
0.8020848707546124
0.8022045289676211
0.8022045289676211
0.8022376587308316
0.8022404283972
0.8022804746814516
0.8024742284540526
0.8024742284540526
0.8025226138969941
0.8025458090985774
0.8025918008871394
0.8025918008871394
0.8025918008871394
0.802792659392605
0.8027968596074037
0.8027968596074037
0.8027968596074037
0.8028339336646673
0.8028339336646673
0.8028339336646673
0.8030632669264591
0.8034296165237887
0.8034569065649761
0.8034701589520095
0.803497107775893
0.8035502687059545
0.8035502687059545
0.8036474876407854
0.8037198840201183
0.8038540725641847
0.8040107259695884
0.8040492460911068
0.8040702277095144
0.8041615821874045
0.8041924795754375
0.8041924795754375
0.8041924795754375
0.8042536635337055
0.8044143125666018
0.8044143125666018
0.8044188204884715
0.8045270030357128
0.8047240822520044
0.8047361659106548
0.8047361659106548
0.8047361659106548
0.8049178119263282
0.8051407047616052
0.8054958931875936
0.805530156348447
0.8055970396969805
0.8056618374506812
0.8057471593266012
0.8057702326582287
0.805830026596296
0.805830026596296
0.8059438104601706
0.8060024338485755
0.8060888481880963
0.8060888481880963
0.8061034316300405
0.8061034316300405
0.8061543748220971
0.8061543748220971
0.8061651189552225
0.8061651189552225
0.8061651189552225
0.8061651189552225
0.8061651189552225
0.8063199977927256
0.8065971327997422
0.8065971327997422
0.8065971327997422
0.8065971327997422
0.8065971327997422
0.8066372278019943
0.8066372278019943
0.8066710033979806
0.8067190597590097
0.8068744588248273
0.8071077168813301
0.8071451110200065
0.8072705890139268
0.8073149045885706
0.8073149045885706
0.8073222973679055
0.8073222973679055
0.8073222973679055
0.8074541905683053
0.8074541905683053
0.8076177134776529
0.8076782187442333
0.8076782187442333
0.8076782187442333
0.8076782187442333
0.8076782187442333
0.8076782187442333
0.8076782187442333
0.8076782187442333
0.8076782187442333
0.8077006341785156
0.8077075694493051
0.8077119044462621
0.8077119044462621
0.8080839513642277
0.8083300755710159
0.8084235794165053
0.8084235794165053
0.8084235794165053
0.8084589266969836
0.8085044084252745
0.8085044084252745
0.8085044084252745
0.8085651271572342
0.8090552934118949
0.8090552934118949
0.8090552934118949
0.8090552934118949
0.8090724134483043
0.8091248320258246
0.8091829010025532
0.8091953480823006
0.809298106788715
0.8094865782405363
0.8094865782405363
0.8096563355911154
0.8096673724316366
0.809729320098018
0.809758162899256
0.8099008529789711
0.8099318069164353
0.8099318069164353
0.8099571248049535
0.8099800184918058
0.8099800184918058
0.810189607047711
0.8102193848253674
0.8102258825599858
0.8102782342199754
0.8105187522622307
0.8105187522622307
0.8106261611623883
0.8107830187682044
0.8107830187682044
0.8107830187682044
0.8107830187682044
0.8108019921350451
0.8109124114369102
0.8109496666931468
0.811049682876251
0.811049682876251
0.811049682876251
0.8111002615418759
0.8112112903802031
0.8112995751505658
0.8113333932064754
0.8114892469162587
0.8116808370973467
0.8116808370973467
0.8116808370973467
0.8116808370973467
0.8116851643306133
0.8116919329153275
0.8116965503610682
0.811807687930972
0.8118186936013815
0.8118186936013815
0.8118186936013815
0.8118186936013815
0.8118186936013815
0.8118186936013815
0.8118186936013815
0.8118378810908304
0.811927629389933
0.811999281762391
0.811999281762391
0.811999281762391
0.8120552583012492
0.8121569731165994
0.8121996772836795
0.8121996772836795
0.8121996772836795
0.8122307760622021
0.8122486283132669
0.8122637754283248
0.8123155136148051
0.8124035804346499
0.8124683730788381
0.8124683730788381
0.8125021252031085
0.8125239121028378
0.8125239121028378
0.8125239121028378
0.8125239121028378
0.8125239121028378
0.8125657002189764
0.8125708023659821
0.8127825525769836
0.8128250203935251
0.812950385606371
0.8131221715983092
0.8131466494575569
0.8131466494575569
0.8131532389341097
0.813194284759501
0.8133972729286982
0.8135237678941386
0.8139273534075692
0.8140886215736799
0.8140940630095992
0.8143700220418715
0.8143846487885475
0.8144400571361725
0.8144623381994053
0.8144817469418374
0.8145049195814255
0.8145469355508357
0.8146825411806206
0.814728899275935
0.8148655277937698
0.8148655277937698
0.8148928580246035
0.8148928580246035
0.8148928580246035
0.8148928580246035
0.8153291348808379
0.8154471251824154
0.81547386380772
0.8155532593848821
0.8155727301727526
0.8155923803315325
0.8156236787987501
0.8156661517293368
0.8157269073995311
0.81574407104651
0.81574407104651
0.8158246720433363
0.8158359390992996
0.8158765095398288
0.8159187092254832
0.8159340941838342
0.8159585163728069
0.816071901405924
0.8162009832605631
0.8162009832605631
0.8162009832605631
0.8162009832605631
0.8162009832605631
0.8162009832605631
0.8162009832605631
0.8162009832605631
0.8162009832605631
0.8162009832605631
0.8162009832605631
0.8162009832605631
0.8162009832605631
0.8163387263147884
0.8163387263147884
0.8163394851389804
0.8164522401036073
0.8165438335679597
0.8165438335679597
0.8166206201457054
0.8166236543904755
0.8166398705944061
0.8167018147901285
0.8167039106575762
0.816943331455971
0.816943331455971
0.8170601242518069
0.8170601242518069
0.8170601242518069
0.8171613707621294
0.8171659821254851
0.8171659821254851
0.8171659821254851
0.8171659821254851
0.8171659821254851
0.8171659821254851
0.8171659821254851
0.8172015622628234
0.8172015622628234
0.8172015622628234
0.8172453087767756
0.8172929705654217
0.8174075716240932
0.8174566383613507
0.8176438914232845
0.8176810269886272
0.8176810269886272
0.8176810269886272
0.8176810269886272
0.8176810269886272
0.8177593343758901
0.817776304631017
0.818087852495164
0.818087852495164
0.818087852495164
0.818087852495164
0.818096000483525
0.8182002559111613
0.8182529669303524
0.8182739752563649
0.8182739752563649
0.8182739752563649
0.8182739752563649
0.8182739752563649
0.8182739752563649
0.8182739752563649
0.8182739752563649
0.8183110364650777
0.8184009385795417
0.8184472442964071
0.8185079860729443
0.818653544388677
0.818653544388677
0.8190666668806111
0.8190712675171681
0.8191169314820232
0.8191169314820232
0.81915040966035
0.8191872959806591
0.8192344619548846
0.8195844848924129
0.8196627132275741
0.8196627132275741
0.8196627132275741
0.819723267858716
0.8197962031148959
0.8197962031148959
0.8197962031148959
0.8197962031148959
0.8197962031148959
0.8197962031148959
0.8197962031148959
0.8197962031148959
0.8198805565101737
0.8199307712173289
0.8199730039230144
0.8199766232786818
0.8200548199143881
0.8200797434654391
0.820095010407435
0.8201325049173955
0.8201612881680521
0.8201906183058288
0.8202509665639924
0.8204438769524688
0.8204691062814634
0.8205149263578785
0.8205373315083917
0.8207342164641952
0.8208301985311759
0.8208459913715874
0.8209142384968477
0.8209462216817566
0.8209894759736228
0.821030905434924
0.8210704951388383
0.8211299388238291
0.8211365858505254
0.8211710039706119
0.8213080996775247
0.8214264867641625
0.8215101238443936
0.821658057732715
0.8216953897708513
0.8216953897708513
0.8216953897708513
0.8217816349345984
0.8217847431613168
0.8217847431613168
0.8217847431613168
0.8217847431613168
0.8217847431613168
0.8218296468965545
0.8218296468965545
0.8219329503487777
0.8219881649937928
0.8220710312557177
0.8221110358754726
0.8221296832811137
0.822310902647975
0.8224162041923864
0.8225519674647714
0.8226493629493695
0.822739103934488
0.8228256075881277
0.8228256075881277
0.8228256075881277
0.8228256075881277
0.8228256075881277
0.8228256075881277
0.8228916388731604
0.8232093879767886
0.8232093879767886
0.8232093879767886
0.8233219127940095
0.8233219127940095
0.8234548019108395
0.8235298091771172
0.8235298091771172
0.8236184937172657
0.8236184937172657
0.8236184937172657
0.8236184937172657
0.8236184937172657
0.8236320715044579
0.8236457816786095
0.8236588854137156
0.8236590767490581
0.8239415226082322
0.8239766624641075
0.8240551858012035
0.8242832469657873
0.8244806795030855
0.8245619990262101
0.8246349831445099
0.8246532461400099
0.8247574143028104
0.8247594499699663
