418227.0 0.7600712013781373
418227.0 0.8651275680882515
418227.0 0.8762370309359877
418227.0 0.8161743399550441
418227.0 0.8168414917376955
418227.0 0.8356981616978058
418227.0 0.8782286178475246
418227.0 0.8607917851318181
418227.0 0.8468906243940266
418227.0 0.8359491544875108
418227.0 0.8738787748182955
418227.0 0.8508739075776124
418227.0 0.8812026164543806
418227.0 0.8441040143382048
418227.0 0.8350025034637307
418227.0 0.8561459090679355
418227.0 0.8383582229690036
418227.0 0.9084082878427981
418227.0 0.8826445616131434
418227.0 0.8576919669063198
418227.0 0.8389356847029964
418227.0 0.867783801444542
418227.0 0.8554617351686538
418227.0 0.8247726231195708
418227.0 0.8829331682782342
418227.0 0.8305235256653863
418227.0 0.8416281242261033
418227.0 0.8446293052915884
418227.0 0.8516799708959983
418227.0 0.8481169100202914
418227.0 0.8181171096728338
418227.0 0.8526418916345653
418227.0 0.8708213389318997
418227.0 0.8597768584644707
418227.0 0.8525583311586029
418227.0 0.8545758701683732
418227.0 0.8462496898382336
418227.0 0.83928306658967
418227.0 0.8465988200577144
418227.0 0.8313563499544498
418227.0 0.8704838886573861
418227.0 0.8529079320976685
418227.0 0.8650322182112513
418227.0 0.8680701712456924
418227.0 0.8823312124755799
418227.0 0.8718387964222859
418227.0 0.8347976765531697
418227.0 0.8743159961852771
418227.0 0.8449814501016196
418227.0 0.8210836858700058
418227.0 0.8840241795862749
418227.0 0.8626851963349474
418227.0 0.8371253328924997
418227.0 0.8894458592000238
418227.0 0.8532669830232681
418227.0 0.8811865576666472
418275.0 0.8447685687130574
422295.0 0.8639303727599742
422394.0 0.7901672345063854
422649.0 0.8623216822289873
424263.0 0.8381868782465636
424266.0 0.7914629084458603
424266.0 0.8295564164985938
424266.0 0.8277719657192638
424266.0 0.8565354676072225
424266.0 0.8824395442444096
424266.0 0.8194939436192957
424266.0 0.7935586707945035
424266.0 0.824193594452519
424266.0 0.8830967420931116
424266.0 0.7878632405867438
424266.0 0.8125163102231857
424266.0 0.8506666303146935
427191.0 0.8114728519026837
427734.0 0.8482532150491288
428451.0 0.8448361133381296
430362.0 0.82680998017451
430461.0 0.8395830842590055
430950.0 0.8286627446428754
431955.0 0.8572583282075668
432366.0 0.7834180172164673
434049.0 0.8206649443366041
434367.0 0.8788142339030419
434367.0 0.7443360446780584
434367.0 0.8064381906275317
434367.0 0.8387762313287827
434367.0 0.8469519773891497
434367.0 0.8079518511983225
434367.0 0.84692455358304
434367.0 0.842850642365632
434367.0 0.859620560114776
434367.0 0.8862501967125703
434367.0 0.8283397378967763
434367.0 0.8450934180840026
434367.0 0.8825701832190971
434367.0 0.8875996573575241
434367.0 0.8792997558011671
434367.0 0.8661628843019339
434367.0 0.888875389478549
434367.0 0.8695383566659542
434367.0 0.8724546855669087
434367.0 0.8316602992211406
434367.0 0.8347232125306422
434919.0 0.8564341272851984
434931.0 0.7999462892692346
435099.0 0.7860895440515974
435159.0 0.8761234517449826
435408.0 0.887977118060146
436368.0 0.8441800123422426
436404.0 0.8326306045652153
436404.0 0.8440570017261283
436404.0 0.866282715273617
436404.0 0.8252177665092045
436404.0 0.854092080702762
436404.0 0.8976603581810022
436404.0 0.8285727785878026
436404.0 0.8547928595076234
436404.0 0.8332308861479523
436404.0 0.8239293819563753
436404.0 0.7002601514577607
436404.0 0.7850529468943669
436404.0 0.8039780700735422
436404.0 0.8611659496205656
436404.0 0.8311613299145055
436404.0 0.807832362059532
436404.0 0.8405240507306386
436404.0 0.850621964784027
438126.0 0.8839408373839353
438291.0 0.8391261233332681
438546.0 0.8035085374202752
438789.0 0.8817305415991552
439035.0 0.9163844936481049
439332.0 0.8852512417377106
439419.0 0.8550687086057744
439479.0 0.805176468459368
439653.0 0.8609541230910821
439956.0 0.891853731859714
440376.0 0.8618935982313329
440376.0 0.8641399848503046
440376.0 0.8540973059153963
440376.0 0.8610564122286163
440376.0 0.8185254875155915
440376.0 0.9080619552497066
440376.0 0.8254291755160685
440376.0 0.8602275412272679
440376.0 0.851579743929053
440376.0 0.8726314238371574
440376.0 0.8403192503649147
440376.0 0.8259773383306297
440376.0 0.869158428154581
440376.0 0.8784565777665105
440376.0 0.8363705998293548
440376.0 0.8731816360913593
440376.0 0.9086872530925743
440376.0 0.8419309676836979
440376.0 0.894211530540973
440376.0 0.8531158968495703
440376.0 0.8490120024083634
440376.0 0.9027506251805458
440376.0 0.8651474096985314
440376.0 0.8153724401746139
440376.0 0.7640440686711266
440376.0 0.8418008773592202
440376.0 0.8542237016031535
440376.0 0.8289837028148208
440376.0 0.821643933257815
440376.0 0.8718855893947428
440376.0 0.8630083580016442
440376.0 0.8574837223379702
440376.0 0.8886007252995692
440376.0 0.8466630813746551
440376.0 0.8679760832685298
440376.0 0.8242201322684365
440376.0 0.8329508676934307
440376.0 0.8585947600614339
440376.0 0.8345291207515951
440376.0 0.8452221330018764
440376.0 0.8228784050099623
440376.0 0.8559948517605596
440376.0 0.8855156607419594
440376.0 0.7205510780058405
440376.0 0.8065835981116806
440376.0 0.8822383031838663
440376.0 0.8364506924712661
440706.0 0.8446021690327586
440814.0 0.8601107921021192
440826.0 0.8028153281456645
440895.0 0.8417347676644855
441084.0 0.8336282292888625
441450.0 0.845097104483836
442185.0 0.8532860101186922
442185.0 0.8443247900089789
442185.0 0.867349434465433
442239.0 0.8611394132712085
442680.0 0.8861268112012054
443301.0 0.8986927197824083
443571.0 0.8508580614911875
443865.0 0.8899968666497168
444066.0 0.8316233749548853
444564.0 0.898043004211121
444597.0 0.8345896741912789
444840.0 0.85031996347177
445044.0 0.8338422619774404
445278.0 0.8050878321845806
445746.0 0.8481417771820055
446331.0 0.9149434741998245
446433.0 0.8022082170136117
446547.0 0.9208701763482421
446643.0 0.865799074020094
446808.0 0.8482910156334436
446913.0 0.926235707868148
447255.0 0.8023615576736941
447264.0 0.7921182147343971
447639.0 0.8415225110527498
447978.0 0.7292582861600069
447978.0 0.770318626733461
448029.0 0.8659424840303266
448029.0 0.8748147871361294
448176.0 0.8491228542184537
448224.0 0.8784769942570086
448329.0 0.8756535033460182
448362.0 0.8747588267550107
448671.0 0.8599615756733293
448806.0 0.8536838543216855
448938.0 0.8304687790140807
448938.0 0.7191119187165471
448938.0 0.8355529996083514
449157.0 0.9007071423031477
449340.0 0.8386609241808338
449571.0 0.7360235523623493
450249.0 0.8055960703815
450261.0 0.805395334006776
450465.0 0.7947634543130069
450492.0 0.8634793642564917
450555.0 0.8064112732107027
450747.0 0.8306042842620707
450747.0 0.8354467548032787
450747.0 0.8319076460271274
450747.0 0.8415878309352848
450747.0 0.8272838852247871
450747.0 0.8808287416708475
450747.0 0.8517644315796066
450747.0 0.8466127758156301
450747.0 0.8279733031277795
450747.0 0.8572494912780086
450747.0 0.8485123749029667
450747.0 0.869544839129473
450747.0 0.8309610968376321
450747.0 0.8420253948180254
450747.0 0.8468977029911102
450747.0 0.8667953481417725
450747.0 0.8381910858196591
450747.0 0.8773210957984422
450747.0 0.8885995438582017
450747.0 0.8291457338326816
450747.0 0.8346582257217208
450747.0 0.6815767008066983
450747.0 0.8607997721537705
450747.0 0.8591705313612689
450747.0 0.8346806273604802
450747.0 0.8382030030690598
450747.0 0.841637928081674
450747.0 0.8999550567868602
450747.0 0.8253463942822498
450747.0 0.8055904420780374
450747.0 0.894803156828436
450747.0 0.8536801674592441
450747.0 0.8871197090327212
450747.0 0.8269719906736693
450747.0 0.8632527703653792
450747.0 0.8167278512055877
450747.0 0.8240144462339519
450747.0 0.8134595473527827
450747.0 0.8301419038387222
450747.0 0.8835357653306702
450747.0 0.8795898893620124
450747.0 0.8234581941608854
450747.0 0.8409082499434081
450747.0 0.8676453593021295
450747.0 0.9024641685775682
450747.0 0.8088409004480763
450747.0 0.8029926647098936
450747.0 0.8486716656419506
450747.0 0.8586910307033288
450747.0 0.8282518579069941
450747.0 0.7917542758882621
450747.0 0.8287440896972867
450747.0 0.7845546005874156
450747.0 0.8537649257085304
450747.0 0.8406958370928256
450747.0 0.861791981461361
450747.0 0.8861259131813278
450747.0 0.8362019653616204
450747.0 0.8145895356483064
450747.0 0.8658029454331257
450747.0 0.8148686747919378
450747.0 0.8502299403109183
450747.0 0.8161542860615197
450897.0 0.8668476214482094
451149.0 0.8795150809994509
451473.0 0.9273816688421587
452169.0 0.904631576176172
452322.0 0.9323311490879457
452421.0 0.8557411563221086
452508.0 0.8112647850432623
452658.0 0.8663190756300878
452730.0 0.8308568256792432
452793.0 0.8464280254996566
452793.0 0.8095906660214288
452793.0 0.8383980414716855
452793.0 0.7748972421684841
452793.0 0.8379635984012761
452793.0 0.8091951806583284
452793.0 0.8287120347055765
452793.0 0.8567520238509989
452793.0 0.8416595477457789
452793.0 0.8305802760442302
452793.0 0.8418665530832745
452793.0 0.8163737994090355
452793.0 0.6752551580303526
453078.0 0.8335067209680557
453102.0 0.7774784571051623
453210.0 0.8181631480053696
453543.0 0.8304528690474627
454464.0 0.797960901861797
454464.0 0.8488509290517304
454464.0 0.7724801954538423
454464.0 0.8462780350907049
454464.0 0.8020071003391837
454464.0 0.7980738750895489
454464.0 0.8162219626658422
454464.0 0.705377767927409
454464.0 0.8034059639075619
454686.0 0.8026867997466214
454749.0 0.8435787035735154
455079.0 0.8176573231800556
455118.0 0.7983000118760307
455175.0 0.8705318902663779
455289.0 0.8074426757712475
455337.0 0.8630524955142479
455811.0 0.8576556815550839
456096.0 0.8889222005699822
456303.0 0.8693098544815288
456651.0 0.8353609150505823
456909.0 0.7601708586406348
456909.0 0.7807979476803231
456966.0 0.7672086740735773
456969.0 0.7997444956772175
457080.0 0.9074479121674478
457275.0 0.8436366430094937
457470.0 0.7688304323103801
458547.0 0.8294965374388648
458601.0 0.8142931768790984
458697.0 0.8087998745697544
458739.0 0.8804752864034798
458739.0 0.8943738979941214
458757.0 0.8684626932785356
458820.0 0.7463347923813946
458820.0 0.804881468757031
459039.0 0.8176561653693343
459099.0 0.7416667033577254
459267.0 0.8622953362261332
459267.0 0.8502393042845656
459267.0 0.80944775367769
459267.0 0.8211387834046857
459267.0 0.8330155745090503
459267.0 0.6774462310482149
459267.0 0.8007320084599513
459267.0 0.8512672427362846
459267.0 0.8259299428027739
459267.0 0.8285087527499763
459267.0 0.8227695000086945
459267.0 0.818951006145001
459267.0 0.81848638564236
459267.0 0.8575215610273373
459267.0 0.8734378132259533
459267.0 0.8712516889319089
459267.0 0.8096708345905422
459291.0 0.8157832135298031
459303.0 0.7864952125064922
459483.0 0.8545607648499246
459606.0 0.7751916114266357
460245.0 0.7994169314274175
460602.0 0.7876922593394182
460602.0 0.7284416751935074
460998.0 0.7906328616660232
461073.0 0.8705382008710131
461457.0 0.8550251299979629
461457.0 0.8546155626764118
461457.0 0.8675388679633173
461457.0 0.8055260616818977
461457.0 0.8268914690586601
461457.0 0.8506141977520087
461457.0 0.7938264436544117
461457.0 0.8227197214417181
461457.0 0.8211804650452847
461457.0 0.7611203929438765
461457.0 0.8919411945629564
461457.0 0.6789829461983395
461457.0 0.8308241484823424
461457.0 0.8690017323957163
461673.0 0.6952126314763566
461673.0 0.8456040516041408
461673.0 0.8316663533268165
461673.0 0.8900937516898518
461673.0 0.7866751624248068
461673.0 0.834553579550086
462105.0 0.8850624844062663
462117.0 0.8456302100316802
462117.0 0.8318365335845048
462165.0 0.8759903278102743
462165.0 0.8613235865711614
462165.0 0.8342280626791884
462165.0 0.8578811561685494
462165.0 0.83817063409051
462165.0 0.8797388235264014
462165.0 0.6967124371734965
462381.0 0.8322038838695287
462381.0 0.881189771947609
462381.0 0.7085530061273463
462381.0 0.826047763591674
462381.0 0.8450663508515334
462381.0 0.8297172354470183
462381.0 0.8098399042155329
462381.0 0.8839912095172223
462381.0 0.8235638380315777
462381.0 0.8123705002622567
462381.0 0.8518834979043287
462381.0 0.8595743643567236
462381.0 0.8259707297598792
462381.0 0.851983245886333
462381.0 0.8542065765073723
462381.0 0.8380017165797186
462507.0 0.8007236076834559
462525.0 0.7958524541078705
462567.0 0.8014988492156435
462693.0 0.8696192775679853
462849.0 0.8274124349834395
462981.0 0.7876050764430232
463086.0 0.84535296043918
463146.0 0.8583041633900041
463362.0 0.8391308153660503
463410.0 0.8446572203585859
463413.0 0.8708081633617988
463575.0 0.8305814057369636
463863.0 0.8286043034770326
464019.0 0.8259584356980705
464313.0 0.8183102787890335
464430.0 0.8503457966280806
464940.0 0.8538246257477932
465036.0 0.8226880424721436
465123.0 0.8147097812951871
465204.0 0.899620980103735
465342.0 0.8845648881758539
465453.0 0.8035279370626254
465687.0 0.7932440908435606
465849.0 0.8409710668875633
465849.0 0.872945055160696
465849.0 0.8035347408352369
465849.0 0.8030499816540895
465849.0 0.7675741791563941
465849.0 0.7942928733423118
465849.0 0.8403906496847352
465849.0 0.7625701508288124
465849.0 0.8159464855116808
465849.0 0.6632568874700194
465849.0 0.9152325321342255
465849.0 0.8182916765226467
465849.0 0.8183534669763087
465849.0 0.8004216120872708
465849.0 0.8046372238610234
465849.0 0.7995712579488519
465849.0 0.7749889414060278
465849.0 0.7737634648049077
465849.0 0.7815159415464638
465849.0 0.856244524217645
465849.0 0.7783067518485601
465849.0 0.8216024345301325
465849.0 0.8237375789959435
465849.0 0.7926958168768863
465849.0 0.7837788860914172
465849.0 0.7810471017816032
465849.0 0.819294168479892
465849.0 0.8592250718007614
465849.0 0.8334117350111326
465873.0 0.8003615174862599
465945.0 0.7676657281623283
466017.0 0.739090637956933
466065.0 0.7428856653696855
466218.0 0.9115791805118907
466317.0 0.7995832237079922
466533.0 0.8591583864470261
466731.0 0.7461355948230808
466821.0 0.8893856075349966
466917.0 0.7608477124428192
466926.0 0.8095643649674403
466938.0 0.818238943926329
467025.0 0.8257426052256711
467139.0 0.8293622455332286
467184.0 0.8094580529745362
467307.0 0.8911467121914625
467553.0 0.8040538940300309
467607.0 0.8047501334727236
467619.0 0.8188542671159549
467679.0 0.7852015934070975
467697.0 0.8186775522990556
467787.0 0.833743859938137
467811.0 0.8203701931745369
467880.0 0.8826902746043781
468426.0 0.8289611208271856
468648.0 0.8135098455777151
468927.0 0.8043627649127325
469350.0 0.8072787733482797
469395.0 0.7797077706138706
469521.0 0.7837011581842579
469521.0 0.7306372360453147
469521.0 0.8412675761404312
469521.0 0.7695312880027696
469575.0 0.7931614955896368
469668.0 0.8238166820500643
469725.0 0.786402865299948
469773.0 0.81566744999557
469929.0 0.8161749862307763
469929.0 0.7875238107902038
469929.0 0.8487358500924518
469929.0 0.82806659123575
469929.0 0.7801954213428018
469929.0 0.8000157853359496
469929.0 0.7969649683956873
469929.0 0.8276332990472259
469929.0 0.7500878729966753
469929.0 0.8731347874973715
469929.0 0.7741283834520208
469929.0 0.8695878554302119
469929.0 0.8308908111166815
469929.0 0.8293648574890438
469929.0 0.7699915325581469
469929.0 0.8190924399852835
469929.0 0.8205525013509016
469929.0 0.8180149226437915
469929.0 0.7799381942788154
469929.0 0.8222793840994983
469929.0 0.8024333040428273
469929.0 0.7661837718272059
469929.0 0.8191008167162869
469929.0 0.7988458344049508
469929.0 0.808603462446045
469929.0 0.7766066661754661
469929.0 0.8023389280134636
469929.0 0.8241605571097538
469929.0 0.8281423182459124
469929.0 0.638622565279599
470148.0 0.8769580480068256
470154.0 0.7894892176890411
470154.0 0.7719839534198345
470154.0 0.8279198300203328
470277.0 0.752308222016222
470355.0 0.8084634795256208
470361.0 0.7939910812627173
470445.0 0.7747014350102904
470451.0 0.8765110487932496
470994.0 0.8207537188107513
471327.0 0.8531433536144508
471663.0 0.8939128711709231
471738.0 0.8237747115009908
471738.0 0.8196806061264427
471876.0 0.8213321323753101
471876.0 0.7914169211863548
471876.0 0.6685402943108535
471876.0 0.8240803398573309
471876.0 0.8278493121962156
471876.0 0.8102830368586034
471876.0 0.8386854713400066
472056.0 0.7742117062734607
472167.0 0.8363263219827874
472407.0 0.8281878275166107
472461.0 0.8641625985454363
472509.0 0.8167699561021935
472938.0 0.8364307821663342
473067.0 0.8049955189978175
473289.0 0.7946461313863565
473442.0 0.8226089785677054
473706.0 0.7918804894189468
473733.0 0.8478288785270975
473811.0 0.7946280281482302
473865.0 0.8653041651631997
473904.0 0.8617000903288627
474009.0 0.7940713147692885
474093.0 0.7959848581852037
474105.0 0.807325373992808
474150.0 0.7449702387097517
474159.0 0.8305592149055212
474228.0 0.798136565148637
474234.0 0.9251258425369951
474561.0 0.8792817286232717
474561.0 0.8615803151345282
474561.0 0.6799817754228569
474852.0 0.7915624719519043
474852.0 0.8053131273308658
474852.0 0.8775023705226712
475119.0 0.779715049251956
475509.0 0.8219415513471894
475671.0 0.8167470814136427
475713.0 0.8076909014374063
475737.0 0.7920969543528468
475788.0 0.8289524431232294
475812.0 0.7142337439226771
475881.0 0.829098272027057
475929.0 0.9171009952607053
475929.0 0.8890179392075123
475935.0 0.8111022704716546
475968.0 0.7720156148591789
475968.0 0.7965053180709811
476367.0 0.877142191228551
476454.0 0.8135632657985268
476502.0 0.7701911042908074
476715.0 0.8393152185718501
476751.0 0.8599872880504009
477213.0 0.7984500019211482
477402.0 0.7773185460757
477795.0 0.7749842655655633
477801.0 0.7541660303460941
477801.0 0.8058950046778824
477807.0 0.7971707852025071
477861.0 0.8409054068124683
477960.0 0.8046358260364935
478080.0 0.8669990091689808
478332.0 0.7848538238489053
479133.0 0.8361459026999745
479133.0 0.7753647820871519
479355.0 0.8051684436296722
479445.0 0.8137943846439584
480084.0 0.6777995700134988
480246.0 0.7425024697674667
480480.0 0.7918519921783476
480480.0 0.7933194257001588
480480.0 0.8140384819477435
480480.0 0.6570384254300136
480489.0 0.7620866394874156
480696.0 0.8391785490031847
481155.0 0.9095220742930413
481437.0 0.7974705670310035
481779.0 0.753434478967822
482001.0 0.8597447691293157
482217.0 0.8508838989498153
482253.0 0.8100984961756416
482403.0 0.7789667924484633
482448.0 0.8462234097852748
482448.0 0.8576536737822678
483084.0 0.6759917067633935
483213.0 0.7965112185381524
483285.0 0.7827243065069945
483477.0 0.794200449122816
483639.0 0.7162708725663622
483738.0 0.7970570438796688
483738.0 0.7600499957862914
484095.0 0.8273826349683454
484137.0 0.8584743024040411
484203.0 0.8978570871858489
484242.0 0.850642754292768
484275.0 0.9350269176366384
484278.0 0.781253183495476
484662.0 0.8781823815356695
484665.0 0.8395563883737924
484806.0 0.8444581488185838
485025.0 0.8287028328790167
485025.0 0.7647801326067467
485469.0 0.7850751399597546
485685.0 0.7418534885009271
485772.0 0.8305306590199106
485775.0 0.7126659245412097
486006.0 0.83353745378915
486249.0 0.8154694687404715
486570.0 0.7941640100733469
486636.0 0.7730985362240219
486981.0 0.8455621904898909
487164.0 0.8988233683373212
487266.0 0.6280189656108708
487710.0 0.706835791225326
487710.0 0.7704691525153763
487710.0 0.8963431633639137
488028.0 0.8267521582047291
488028.0 0.8289169639855739
488058.0 0.8079493028080785
488064.0 0.7289180218286481
488100.0 0.7616799887063609
488115.0 0.8363704666654991
488490.0 0.7724971893542604
488637.0 0.7461008635358064
488883.0 0.759955500937889
489192.0 0.8142963889943735
489351.0 0.8027116871323386
489426.0 0.8085587788923053
490071.0 0.6884767566845031
490179.0 0.7177914791857687
490557.0 0.7355059988862525
490641.0 0.8729322246796047
490713.0 0.8377183075801772
490716.0 0.7914342392348422
490797.0 0.7980624970755612
490905.0 0.853430049546133
490905.0 0.8022749296402281
491187.0 0.7637520220160416
491247.0 0.7877790005761217
491373.0 0.88260777637491
491562.0 0.8496232268643193
491562.0 0.872954445808699
491571.0 0.7882166730407705
491673.0 0.8014264386283664
491859.0 0.8243893463534403
492105.0 0.8735406480169722
492288.0 0.839725247740182
492381.0 0.8534056405075173
492450.0 0.87644534785491
492882.0 0.7958222452453845
493131.0 0.9050846897517872
493227.0 0.8016864782420386
493386.0 0.807835540787003
493428.0 0.759707828525728
493602.0 0.7891172391952784
493602.0 0.8249387346026825
494046.0 0.7882603570472829
494046.0 0.8451119254973701
494307.0 0.7805934913450212
494358.0 0.8460089242189365
494919.0 0.7531049327682016
495222.0 0.7994058566360587
495225.0 0.8201738272501303
495294.0 0.9032350793804164
495336.0 0.7519640379345147
495384.0 0.7426225042197062
495480.0 0.8575676272216672
495531.0 0.8272961069294834
495558.0 0.8089811559624894
495777.0 0.8618302466756799
495780.0 0.8035417571046257
495780.0 0.8559961868875406
495780.0 0.7936782801427241
495780.0 0.8526216926492683
495780.0 0.8220368028937945
495780.0 0.820779761001818
495780.0 0.8426527765359245
495780.0 0.8029222805737833
495780.0 0.9177721453360921
495780.0 0.8506514306438028
495780.0 0.8380308342685711
495780.0 0.8583907964931228
495954.0 0.8100699296263659
495954.0 0.9026585493297165
495954.0 0.8564077069919566
495954.0 0.8774747212883834
495954.0 0.9187168796766723
495954.0 0.8844615055278067
495954.0 0.8772270420905245
495954.0 0.8344378895162793
495954.0 0.7103272580292761
495954.0 0.8701723446667439
495954.0 0.8657842384918759
495954.0 0.8828267960639616
495954.0 0.9027979560345222
496503.0 0.7515710717333695
496797.0 0.8277030154868719
496839.0 0.7583261398374069
497049.0 0.893118482297874
497331.0 0.7824362238297977
498987.0 0.8473803563472971
499008.0 0.8251224159405024
499077.0 0.7731145634107291
499149.0 0.8363707778622301
499161.0 0.8263862960214458
500109.0 0.7917917870529815
500985.0 0.8396565498919327
501150.0 0.7786944538581921
501717.0 0.860582525580648
502797.0 0.7874048366395896
503175.0 0.9063146988854466
503517.0 0.7428545568006233
503628.0 0.7893447139645554
503646.0 0.8220732261876307
503820.0 0.8326386815873974
503958.0 0.9192719567613052
504009.0 0.8398277555251976
504963.0 0.7462964745602025
505398.0 0.7860980167514521
505422.0 0.8109328945771284
505554.0 0.6993202134547929
505881.0 0.7756711239015607
506253.0 0.7587790137047655
506823.0 0.8530785737970518
507255.0 0.677675342330167
507351.0 0.7755270447982944
507483.0 0.7467918580927004
508095.0 0.8361883610640634
508095.0 0.8515103847814165
508095.0 0.8415256394170927
508095.0 0.8558477174479164
508095.0 0.8269441185592231
508095.0 0.7988727444623056
508095.0 0.8609758636044093
508095.0 0.7006647349975625
508095.0 0.8651111241389609
508095.0 0.8415104381655313
508095.0 0.8528943114487001
508095.0 0.8584786481614721
508095.0 0.8555866166247689
508095.0 0.8660953446104971
508095.0 0.8243390016558656
508095.0 0.832539666220769
508095.0 0.8266336343626396
508095.0 0.9132936728851774
508158.0 0.8807209643660856
508401.0 0.8340565532548869
508434.0 0.7812869140931467
508494.0 0.8861467503218804
508671.0 0.8565626913299922
508791.0 0.8775849218494381
508995.0 0.8109753230466075
509661.0 0.7197191454735796
510513.0 0.7409335904826689
510699.0 0.7247454795882007
510723.0 0.7212352925676213
512385.0 0.8122744680957955
512385.0 0.6856167068602513
512412.0 0.858256183161634
512646.0 0.8786781964115474
512841.0 0.729434523374127
514029.0 0.8940009010220318
514497.0 0.653526505412676
514497.0 0.8469410391857836
514497.0 0.7998670652308397
514497.0 0.8412986777025124
514497.0 0.8367680281628628
514497.0 0.8222864412097244
514497.0 0.8604398227692374
514497.0 0.8380365962242594
514659.0 0.864700131209457
515346.0 0.8255902371241644
517272.0 0.7900592514552361
517848.0 0.7401139235253489
517992.0 0.757894280915178
518085.0 0.8248231771914819
518085.0 0.8805255096786375
518085.0 0.8103069440049943
518085.0 0.7978548761297662
518085.0 0.8318710345677601
518085.0 0.8046797532771068
518085.0 0.7872476310672746
518085.0 0.6753036620274722
518085.0 0.8047761947595288
518085.0 0.8164344339008982
518085.0 0.7800942022481776
518085.0 0.7526383802478447
518085.0 0.8429319681912392
518085.0 0.7558001923583908
518193.0 0.7925706445269757
518193.0 0.8333435178058115
518193.0 0.8408092991513154
518193.0 0.7839011563013242
518193.0 0.8107827237191926
518193.0 0.7990172904734621
518193.0 0.8096055997917967
518193.0 0.8153933151925344
518193.0 0.7972556822455145
518193.0 0.6754311180679875
518193.0 0.797152686805154
518193.0 0.8270129219386184
518193.0 0.7972977205185279
518193.0 0.8155567338195905
518226.0 0.750314949673344
518229.0 0.8218472008662789
518697.0 0.7704096486680688
518727.0 0.7495705742445513
518748.0 0.8003231253971438
519924.0 0.6693151805779238
520005.0 0.8544307302320391
520287.0 0.8729442676673735
520818.0 0.8070809723890379
520866.0 0.8318771395179122
521031.0 0.7588859293333319
521325.0 0.8790269598971242
522045.0 0.8276308409155231
522078.0 0.8256356935817003
522078.0 0.7982829895649107
522123.0 0.7770726322233494
522123.0 0.6187288791525772
522123.0 0.8044308984558397
522123.0 0.7276703901124156
522123.0 0.8102918638071507
522129.0 0.8061338298390606
522129.0 0.7931420535725101
522129.0 0.6698813449952392
522129.0 0.804464364924992
522189.0 0.9253042379006854
522555.0 0.7968131109742438
522921.0 0.6843089507041199
523050.0 0.8276208079918072
523077.0 0.812175347284428
523182.0 0.7462627923730256
523929.0 0.7794842206109595
524370.0 0.7983629666995511
524616.0 0.8265673090435753
524619.0 0.8457288320405751
524928.0 0.7440309058177919
525783.0 0.8217019440177504
526059.0 0.8414057773888542
526059.0 0.7993386005477262
526185.0 0.603222825404645
527166.0 0.7867896090819751
528189.0 0.8557832360571148
528189.0 0.7715860717590522
528189.0 0.6806116142965772
528450.0 0.7858496905524869
528576.0 0.7016950675818902
528711.0 0.6966878918994552
528801.0 0.8437241529735539
528909.0 0.84377095480009
528909.0 0.8005703330687796
528909.0 0.8477697550065679
528909.0 0.8110072579562203
528909.0 0.7937766823543939
528909.0 0.654332031973497
528909.0 0.8150159321723145
528909.0 0.7946174710890125
528909.0 0.7720841486758374
528909.0 0.7916892230538737
528909.0 0.8110736239106847
528909.0 0.8054779827646971
528909.0 0.8018110571521307
528909.0 0.8114638398421066
528909.0 0.8038706140707769
529236.0 0.7656965582763694
529563.0 0.7788680385828212
530154.0 0.8765993783462047
530241.0 0.7883023456228442
530385.0 0.8335990421568263
530430.0 0.7524072896847167
530778.0 0.8010500066066472
530925.0 0.7418490378461942
532185.0 0.8587941728489107
532185.0 0.8319783439388202
532401.0 0.7903854342147664
532500.0 0.7456354875684508
533406.0 0.7133193399417604
534549.0 0.7898010252208717
535089.0 0.8040173728855485
536148.0 0.7342999332681965
538230.0 0.7820889842740735
538461.0 0.8181931328413732
539100.0 0.8122287266898486
539154.0 0.5398098870417323
539622.0 0.7709662576716431
539676.0 0.6601347494056927
539676.0 0.8141504484019751
540495.0 0.8518530598266163
540576.0 0.8266256592174696
541494.0 0.8097442623771507
541671.0 0.8031630651572722
541671.0 0.7550916608402924
542226.0 0.6902588457808804
542226.0 0.7839166951767673
542262.0 0.5649984922823115
542262.0 0.7289226789671511
543297.0 0.7741934510288279
543873.0 0.7718493644151554
544356.0 0.7831409421009606
545142.0 0.8415240234485516
545745.0 0.9383432713406572
546492.0 0.6847360275427397
546519.0 0.7879620061540036
546678.0 0.7271404197428588
548838.0 0.7510799153910221
549543.0 0.7674265827556388
549888.0 0.8304878899428697
550029.0 0.7250419021667995
551022.0 0.7452395392395239
551550.0 0.7501402637627369
551820.0 0.8086857639172835
552348.0 0.7304528904028507
552546.0 0.6410440366360123
552546.0 0.700491235761152
552546.0 0.5787584507390594
554241.0 0.7980992134180199
554724.0 0.7483128637518119
555189.0 0.8171354672856969
556302.0 0.7203375087857732
558036.0 0.7801924034541983
558447.0 0.7080241831836425
559956.0 0.7177689568530403
560592.0 0.6675942297879531
562569.0 0.7221033669144166
562602.0 0.6612281787171076
566295.0 0.6604217213536863
567249.0 0.6719879497725694
567537.0 0.8225724159451634
567537.0 0.7812859514941214
568179.0 0.7319323892976048
568287.0 0.7273108967609413
570147.0 0.6875992068270764
570945.0 0.724233127021454
571749.0 0.6371514752204361
