487710.0 0.7194769000880104
495780.0 0.9177721453360921
495780.0 0.8426527765359245
495780.0 0.8220368028937945
495780.0 0.8029222805737833
495780.0 0.8035417571046257
495780.0 0.7936782801427241
495954.0 0.8772270420905245
495954.0 0.9027979560345222
495954.0 0.8657842384918759
495954.0 0.9026585493297165
495954.0 0.8701723446667439
495954.0 0.7103272580292761
495954.0 0.8774747212883834
495954.0 0.8564077069919566
495954.0 0.9187168796766723
495954.0 0.8344378895162793
495954.0 0.8828267960639616
495954.0 0.8844615055278067
501717.0 0.860582525580648
503646.0 0.8220732261876307
503820.0 0.8326386815873974
503958.0 0.9192719567613052
504009.0 0.8398277555251976
508095.0 0.8584786481614721
508095.0 0.8415256394170927
508095.0 0.9132936728851774
508095.0 0.8609758636044093
508095.0 0.8243390016558656
508095.0 0.8266336343626396
508095.0 0.7988727444623056
508095.0 0.8528943114487001
508095.0 0.8415104381655313
508095.0 0.8269441185592231
508095.0 0.7006647349975625
508095.0 0.8558477174479164
508095.0 0.8515103847814165
508095.0 0.8555866166247689
508095.0 0.832539666220769
508095.0 0.8361883610640634
508095.0 0.8651111241389609
508095.0 0.8660953446104971
508434.0 0.7812869140931467
508494.0 0.8861467503218804
508671.0 0.8565626913299922
512385.0 0.8122744680957955
512385.0 0.6856167068602513
514497.0 0.8367680281628628
514497.0 0.8412986777025124
514497.0 0.653526505412676
514497.0 0.8380365962242594
514497.0 0.8604398227692374
514497.0 0.8469410391857836
514497.0 0.7998670652308397
514497.0 0.8222864412097244
514659.0 0.864700131209457
518085.0 0.7526383802478447
518085.0 0.8046797532771068
518085.0 0.7978548761297662
518085.0 0.8318710345677601
518085.0 0.7872476310672746
518085.0 0.6753036620274722
518085.0 0.7800942022481776
518085.0 0.8429319681912392
518085.0 0.7558001923583908
518085.0 0.8103069440049943
518085.0 0.8164344339008982
518085.0 0.8047761947595288
518085.0 0.8248231771914819
518085.0 0.8805255096786375
518193.0 0.7839011563013242
518193.0 0.8153933151925344
518193.0 0.8096055997917967
518193.0 0.797152686805154
518193.0 0.7972977205185279
518193.0 0.7990172904734621
518193.0 0.8408092991513154
518193.0 0.6754311180679875
518193.0 0.7925706445269757
518193.0 0.8155567338195905
518193.0 0.8270129219386184
518193.0 0.8107827237191926
518193.0 0.8333435178058115
518193.0 0.7972556822455145
518229.0 0.8218472008662789
518727.0 0.7495705742445513
518748.0 0.8003231253971438
520005.0 0.8544307302320391
520287.0 0.8729442676673735
522045.0 0.8276308409155231
522078.0 0.7982829895649107
522078.0 0.8256356935817003
522123.0 0.7276703901124156
522123.0 0.8102918638071507
522123.0 0.6187288791525772
522123.0 0.8044308984558397
522123.0 0.7770726322233494
522129.0 0.8061338298390606
522129.0 0.6698813449952392
522129.0 0.804464364924992
522129.0 0.7931420535725101
522555.0 0.7968131109742438
523077.0 0.812175347284428
523929.0 0.7794842206109595
524370.0 0.7983629666995511
524616.0 0.8265673090435753
524619.0 0.8457288320405751
525783.0 0.8217019440177504
526059.0 0.7993386005477262
526059.0 0.8414057773888542
527166.0 0.7867896090819751
528189.0 0.6806116142965772
528189.0 0.8557832360571148
528189.0 0.7715860717590522
528711.0 0.6966878918994552
528801.0 0.8437241529735539
528909.0 0.8054779827646971
528909.0 0.8110072579562203
528909.0 0.8038706140707769
528909.0 0.7916892230538737
528909.0 0.8005703330687796
528909.0 0.8114638398421066
528909.0 0.8477697550065679
528909.0 0.84377095480009
528909.0 0.7946174710890125
528909.0 0.8150159321723145
528909.0 0.8110736239106847
528909.0 0.7937766823543939
528909.0 0.8018110571521307
528909.0 0.7720841486758374
528909.0 0.654332031973497
529236.0 0.7656965582763694
529563.0 0.7788680385828212
530154.0 0.8765993783462047
530241.0 0.7883023456228442
530385.0 0.8335990421568263
530430.0 0.7524072896847167
530778.0 0.8010500066066472
530925.0 0.7418490378461942
532185.0 0.8587941728489107
532185.0 0.8319783439388202
532401.0 0.7903854342147664
533406.0 0.7133193399417604
534549.0 0.7898010252208717
538461.0 0.8181931328413732
539100.0 0.8122287266898486
539622.0 0.7709662576716431
539676.0 0.8141504484019751
539676.0 0.6601347494056927
540495.0 0.8518530598266163
540576.0 0.8266256592174696
541494.0 0.8097442623771507
541671.0 0.8031630651572722
541671.0 0.7550916608402924
542226.0 0.7839166951767673
542226.0 0.6902588457808804
542262.0 0.5649984922823115
542262.0 0.7289226789671511
543297.0 0.7741934510288279
543873.0 0.7718493644151554
544356.0 0.7831409421009606
545745.0 0.9383432713406572
546492.0 0.6847360275427397
546519.0 0.7879620061540036
546678.0 0.7271404197428588
548838.0 0.7510799153910221
549543.0 0.7674265827556388
549888.0 0.8304878899428697
550029.0 0.7250419021667995
551022.0 0.7452395392395239
551550.0 0.7501402637627369
551820.0 0.8086857639172835
552348.0 0.7304528904028507
552546.0 0.700491235761152
552546.0 0.5787584507390594
552546.0 0.6410440366360123
554241.0 0.7980992134180199
554724.0 0.7483128637518119
555189.0 0.8171354672856969
556302.0 0.7203375087857732
558036.0 0.7801924034541983
558447.0 0.7080241831836425
559956.0 0.7177689568530403
560592.0 0.6675942297879531
562569.0 0.7221033669144166
566295.0 0.6604217213536863
567249.0 0.6719879497725694
567537.0 0.8225724159451634
567537.0 0.7812859514941214
568179.0 0.7319323892976048
568287.0 0.7273108967609413
570147.0 0.6875992068270764
570945.0 0.724233127021454
571749.0 0.6371514752204361
571758.0 0.6709529620130733
572751.0 0.6408736959588933
573297.0 0.731982171896745
576381.0 0.7373142582597311
579084.0 0.638777378901339
580905.0 0.6547631573768774
581634.0 0.7280158793177361
582651.0 0.7725233727612915
586683.0 0.7719006476853163
588783.0 0.6862512156043232
590292.0 0.7175894792619022
592662.0 0.7293646172690649
594576.0 0.6004394936479189
594771.0 0.6662378632794872
594876.0 0.7077384095606764
595740.0 0.564638433890699
596544.0 0.6847764939588086
596988.0 0.773379611438041
597036.0 0.6477687723487486
600036.0 0.8210465401658888
601437.0 0.5443701735317124
602145.0 0.8018818753040743
602331.0 0.5316992192628827
606954.0 0.6654162256780792
607158.0 0.687854474179751
607380.0 0.708771575748805
609189.0 0.6246400233874959
611442.0 0.7648533760265062
611469.0 0.6387544164939115
612570.0 0.6614363636570922
614247.0 0.7376545506818722
614412.0 0.7089870771944548
616023.0 0.6630149093087648
616200.0 0.6029475009754335
616467.0 0.612480452537495
617151.0 0.5977003947853213
618372.0 0.4784701533913346
618456.0 0.6413446201641281
618468.0 0.5958426551655165
618486.0 0.687270881952341
618813.0 0.6734311157178064
618990.0 0.5735289723774222
619095.0 0.665879472563511
619095.0 0.7149923550830836
619230.0 0.578992233093283
619908.0 0.7086131113667208
621291.0 0.5721222856726605
621405.0 0.726027832360433
622257.0 0.6723625356648579
622275.0 0.5550568132490552
622629.0 0.7481000701753117
622647.0 0.7475558212294798
622848.0 0.5434395926333369
623532.0 0.70614628759803
623616.0 0.5572670385828603
623667.0 0.6720411023368348
623682.0 0.5585104843088078
623880.0 0.710230275586943
623931.0 0.5539103867075934
624186.0 0.572991036901909
624285.0 0.6712227848568056
624312.0 0.6144188555959768
624516.0 0.6509710633483916
624555.0 0.6332845671670947
625065.0 0.7070165781633477
625251.0 0.7895433703846746
626220.0 0.6204207782700039
626664.0 0.6638561937664362
626796.0 0.6050454734848887
626916.0 0.7064435416087275
626958.0 0.6299805191623079
627138.0 0.6491379501829072
627576.0 0.6515321467893979
627963.0 0.720827870610309
628113.0 0.6114646520652027
628179.0 0.6005115883441509
628416.0 0.5569642147353695
628425.0 0.7041451648392116
629097.0 0.6281228229063569
629187.0 0.6370619582578788
629844.0 0.6274266127654429
629964.0 0.6249710101576379
629988.0 0.550999707140968
629994.0 0.5467193983723907
630132.0 0.5523363899757826
630138.0 0.6676386529780343
630558.0 0.6692918320155518
630936.0 0.7027779376451415
631050.0 0.6915473898470268
631200.0 0.5906936048415761
631218.0 0.6457933471823178
631335.0 0.629382046867531
631410.0 0.6809891962392802
632100.0 0.6126675340820953
632115.0 0.5407664469482645
633663.0 0.6533538146525282
634164.0 0.6140253080871202
634203.0 0.6316637876176964
634632.0 0.7453288292819131
634713.0 0.8464537096043575
635334.0 0.6555399133827414
635601.0 0.6350398228251992
635838.0 0.6483104056303785
635871.0 0.5700251710317131
635913.0 0.708820635446746
636126.0 0.6849555400704089
636330.0 0.7429574934265625
636339.0 0.6627927392068726
636552.0 0.6031370539760347
636792.0 0.678535658840763
637197.0 0.5395304299677707
638064.0 0.7083790395996191
638367.0 0.6712943096510924
638511.0 0.5680593396373755
638658.0 0.5287373326703729
639300.0 0.6266930474642921
639363.0 0.45963019508105235
640425.0 0.635134665995539
640812.0 0.6249634418809712
641016.0 0.552996189080144
641115.0 0.650537180006218
641175.0 0.5926307578939999
641811.0 0.4879668788987903
641823.0 0.5465769389766968
642087.0 0.7363732116240156
642363.0 0.5801202004533506
642510.0 0.5880835139057916
643191.0 0.6410365396215546
643335.0 0.5309812371976929
643653.0 0.6633137076421929
643728.0 0.5468267443362983
643854.0 0.719930748039902
643881.0 0.6318270192082509
644028.0 0.5802158836647902
644196.0 0.4499142273589173
644322.0 0.6726908496266024
644544.0 0.6207868477422388
645249.0 0.6961539154107094
645324.0 0.6594153122111813
645486.0 0.6110659813920667
645753.0 0.5928850707800061
645777.0 0.5819589255402539
645891.0 0.6039597596498011
646041.0 0.5945226079483098
646992.0 0.5808519889126409
647295.0 0.714984354627878
647310.0 0.653540393553511
647580.0 0.6115568518218971
647646.0 0.5811239150234371
647754.0 0.5791588527367727
647919.0 0.6893169163433257
648252.0 0.6472879163158217
648303.0 0.6107578631311381
648312.0 0.6114861665688146
648636.0 0.6604762072447243
648651.0 0.6585425558901976
648669.0 0.6622302580406989
648897.0 0.6770218306431424
649872.0 0.47312886390581593
650061.0 0.5746505022517809
650070.0 0.7104690933593056
650532.0 0.7578932372755842
650562.0 0.5536096200655798
650634.0 0.6512969689908218
650709.0 0.6397970510097889
650733.0 0.5020958269418954
651288.0 0.5290250550088124
651336.0 0.6688536653961775
651465.0 0.771135755046147
651498.0 0.4829452612872745
651642.0 0.539434618805512
651645.0 0.5976136062203117
651822.0 0.6198350233595807
651870.0 0.6413210305131409
652035.0 0.7272354053962361
652185.0 0.5829383512182843
652449.0 0.5680842937433205
652470.0 0.5993392721978307
652518.0 0.636034043954872
652638.0 0.6001522719220468
652929.0 0.5192646813609011
652962.0 0.663545898898326
653100.0 0.6458524627720363
653109.0 0.6089790786584242
653163.0 0.5846066466467011
653292.0 0.7303668756574361
653298.0 0.44731123782889953
653370.0 0.6197574268377688
653853.0 0.5175814652764111
653856.0 0.6356609713052703
654006.0 0.7205107996409175
654150.0 0.5499305477358073
654168.0 0.6049147993901378
654270.0 0.6313076275864572
654339.0 0.6440922158760235
654393.0 0.6217935741417705
654615.0 0.5413894315455374
654783.0 0.5577401875716701
654825.0 0.6169200236538808
655041.0 0.5525100474665813
655053.0 0.6346049528385609
655095.0 0.6581523749352836
655326.0 0.6210540654533003
655650.0 0.6120362702956355
655713.0 0.6390280969559953
655806.0 0.6567793318677936
655893.0 0.7108229009009194
656058.0 0.7242369678574243
656943.0 0.6176863279018079
657045.0 0.4882563448252348
657324.0 0.6572634555544508
657342.0 0.70146496200098
657504.0 0.595342299649532
657570.0 0.5720560048177142
657594.0 0.615244232329034
657627.0 0.600876841905781
657708.0 0.625616126058622
657720.0 0.52264295785323
657933.0 0.6204676484152748
658146.0 0.5741565276641455
658275.0 0.5768347427700746
658407.0 0.5425751599026172
658530.0 0.6169591678295818
658623.0 0.6959810390075746
658707.0 0.595271617727245
658815.0 0.6460630365170823
658941.0 0.6790546434398687
659088.0 0.6468969491732683
659238.0 0.6799678979318512
659364.0 0.5387902429296901
659397.0 0.5526236910623418
659409.0 0.6441183737471227
659490.0 0.585544123882798
659601.0 0.5737939975357403
659727.0 0.5564603311598153
659856.0 0.535267675612577
659856.0 0.7224772689474548
659925.0 0.48235090494658545
659937.0 0.7170894636910123
659946.0 0.46615318196698874
660162.0 0.6318062234879555
660180.0 0.5566547293956258
660258.0 0.48680256089676377
660387.0 0.6116546982608847
660501.0 0.6723574043753521
660537.0 0.6454845503789681
660609.0 0.4728760246481582
660642.0 0.5860998656582908
660738.0 0.6438242242251306
660777.0 0.6128138839296541
660885.0 0.5849080909127491
661017.0 0.70370677680621
661383.0 0.5098517003159228
661458.0 0.6214863263783863
661683.0 0.588648191898433
661713.0 0.6443938707879006
661872.0 0.6548491364898406
661875.0 0.6793182785982136
661971.0 0.5484641509339209
662034.0 0.44987225212740534
662052.0 0.6547837264162542
662136.0 0.5557424760494688
662154.0 0.5764742283772034
662172.0 0.5380281539549943
662247.0 0.6475237377749434
662601.0 0.5652896933469451
662748.0 0.5500419619748825
662757.0 0.632233403116523
662814.0 0.5498060378747088
662826.0 0.6137481491622975
662838.0 0.7000460211579046
662853.0 0.6675422401388352
662955.0 0.49008560485558417
663060.0 0.7076695390866629
663252.0 0.5152180779558293
663321.0 0.6034687540426098
663327.0 0.6436730411868153
663486.0 0.5794044548390584
663573.0 0.525158362531645
663690.0 0.5593923287632123
663828.0 0.6688197051905682
663834.0 0.6175408330600969
664032.0 0.5741776239840234
664125.0 0.6538884079161885
664140.0 0.6565186866687507
664293.0 0.6086500076493847
664536.0 0.6260900747431283
664953.0 0.566463766699722
665082.0 0.6395824180238912
665352.0 0.6938703477906213
665583.0 0.6346642806549748
665853.0 0.5219065261317722
665880.0 0.5880658753582769
666312.0 0.7378092503141581
666438.0 0.5242648100689874
666516.0 0.5654920768135275
666588.0 0.5753495969446148
666816.0 0.5727387833107976
666852.0 0.6744268557500027
666924.0 0.5257355829153951
666936.0 0.6741745111548871
666951.0 0.652062800302354
667431.0 0.6649525053702571
667617.0 0.6251441672399436
667638.0 0.6435259904467825
667707.0 0.5371274976625591
667719.0 0.6185850916422265
667764.0 0.667671467659731
668175.0 0.5425456585130809
668253.0 0.6289223070718603
668367.0 0.5575190242327894
668550.0 0.5524747153162753
668796.0 0.6513775326333547
669093.0 0.5412458982118901
669249.0 0.57252046860103
669288.0 0.6070411572722038
669429.0 0.6486319129203029
669756.0 0.5240125957937456
669822.0 0.6115402138574546
669837.0 0.6428068888659327
669933.0 0.7108236231802045
670017.0 0.6440747208489546
670098.0 0.6111996137403131
670383.0 0.6042401598590907
670419.0 0.697618061560426
670473.0 0.6564861720780644
670542.0 0.7379440174758062
670764.0 0.5888152703912325
670878.0 0.6825200542387692
670914.0 0.7015375874255108
671010.0 0.5910530879195317
671031.0 0.6114732855240727
671067.0 0.45870134299952353
671112.0 0.6148270173528461
671175.0 0.5088955728535605
671211.0 0.5009454623910049
671475.0 0.5614409198261323
671595.0 0.5513060405901485
671943.0 0.5496162966036249
672060.0 0.6281727529606047
672075.0 0.5190310059708116
672321.0 0.5150257852886384
672426.0 0.4818265718712422
672708.0 0.6357172669315901
672843.0 0.6513471290898379
672891.0 0.5759600533504786
672894.0 0.5626861494162064
672990.0 0.6274769621542162
673080.0 0.556017869462353
673149.0 0.65659626209656
673314.0 0.6279337589861481
673377.0 0.5259460048850708
673380.0 0.4432771189846755
673392.0 0.6122102348585343
673635.0 0.5830977493005456
673686.0 0.5496982465901714
673713.0 0.6823460706172746
673746.0 0.7026058628661609
673749.0 0.5763445677166085
673782.0 0.50564642723579
673812.0 0.5977872266781457
673887.0 0.544936296513991
673977.0 0.6018712189800539
674157.0 0.6394866655194226
674199.0 0.4645326887555039
674253.0 0.4598261745411408
674286.0 0.6179659213703492
674427.0 0.6052217983211778
674505.0 0.6328316448446877
674538.0 0.5211705627887836
674568.0 0.7296744620653525
674628.0 0.6395056220533982
674685.0 0.6158752305596268
674721.0 0.5559901307941374
674796.0 0.6649055402682144
674811.0 0.5652038201424294
674952.0 0.6296677057563282
675054.0 0.6016860584998674
675168.0 0.5781302794013212
675273.0 0.6380318680948012
675330.0 0.6368513969554837
675705.0 0.7178234830015787
675888.0 0.6685662871421834
675942.0 0.4966780476841771
676053.0 0.6407354498186969
676137.0 0.5459529176724979
676284.0 0.5773158919901155
676365.0 0.5704743642714114
676374.0 0.5583095056726182
676572.0 0.46541756213176233
676794.0 0.567491788748474
676869.0 0.5521658466785728
676899.0 0.5290591750239441
676998.0 0.5368166727671221
677025.0 0.6031699439077209
677028.0 0.46793459514667224
677073.0 0.4983157613217944
677181.0 0.6227389398045771
677217.0 0.6179960441657996
677301.0 0.6121762990271544
677508.0 0.5644762445404801
677553.0 0.563274685858463
677604.0 0.4909511655614053
677652.0 0.5430499749201465
677781.0 0.5894152877657324
677979.0 0.595900649854277
678003.0 0.4481348900211634
678012.0 0.6634443408790812
678066.0 0.6527246733683273
678081.0 0.5633465698362644
678141.0 0.5739602341120283
678216.0 0.5263243523569328
678498.0 0.5528593377606743
678774.0 0.5434563643251082
678828.0 0.6228423190956418
678891.0 0.638856491721811
678903.0 0.5387248075641894
679074.0 0.5767510822623274
679077.0 0.6035068713273516
679236.0 0.49918220331591
679308.0 0.6017215664992859
679317.0 0.6498793609515267
679569.0 0.4989414107817791
679587.0 0.5235251334589363
679587.0 0.6379122283768696
679977.0 0.6068628578384871
679989.0 0.5068516251382313
680157.0 0.6288450216947306
680304.0 0.4754150707228956
680334.0 0.5472079478499633
680370.0 0.7134516147342482
680634.0 0.6730351624734374
680910.0 0.40124250884160445
680979.0 0.5327327881973818
681051.0 0.4804196891093201
681063.0 0.4468747932791881
681120.0 0.5822805590232798
681183.0 0.617531582051716
681264.0 0.5816259863930326
681282.0 0.6255143464462167
681447.0 0.6407026617492213
681459.0 0.664914793143374
681480.0 0.5631695398116014
681489.0 0.7062399600035565
681534.0 0.6287571973070093
681555.0 0.5809114465076788
682038.0 0.629701376271724
682191.0 0.6060449837830932
682197.0 0.6203227536146722
682200.0 0.6615323762265483
682263.0 0.558813811198062
682293.0 0.5573163121384208
682425.0 0.674636144464446
682455.0 0.5778733389757718
682467.0 0.5239994766361328
682467.0 0.5264211938744567
682482.0 0.6367186469786174
683253.0 0.6537205015044861
683289.0 0.5931526326999806
683418.0 0.6604867715050581
683511.0 0.6156651235149303
683583.0 0.6102423990606148
683589.0 0.48987501299014535
683589.0 0.5980372614935566
683589.0 0.5741457707727771
683673.0 0.6657950238482472
683781.0 0.48882409176172253
683817.0 0.6064487588065421
684021.0 0.5331223265262891
684021.0 0.5049133734867524
684042.0 0.5461079509869271
684078.0 0.6210671548934714
684078.0 0.5606216661054892
684228.0 0.5520623368772742
684327.0 0.45628561080615126
684426.0 0.6712700285056177
684498.0 0.4683860231598143
684531.0 0.5645547216389254
684594.0 0.7016919324861204
684612.0 0.4628126429221626
684705.0 0.6885490118371904
684813.0 0.5887551185647234
684897.0 0.5166525039498648
685023.0 0.5109944836020069
685131.0 0.48516908963001293
685239.0 0.5682981196813996
685239.0 0.5956703787169548
685365.0 0.570835385200924
685587.0 0.569354605797238
685590.0 0.6680679972657821
685722.0 0.4870582068239197
685749.0 0.7249742936254775
685752.0 0.4685217048778181
685836.0 0.63764750656342
685860.0 0.5055326543956156
685923.0 0.4672196490831299
685941.0 0.5284363449691689
686019.0 0.6399600152385133
686223.0 0.573418720327588
686307.0 0.5639943052180831
686334.0 0.5266488363233954
686394.0 0.5270736168577845
686547.0 0.47563768009263646
686601.0 0.5904529060663829
686706.0 0.5597531722452033
686832.0 0.4954358719680855
687084.0 0.602261275665342
687150.0 0.6904780722115124
687273.0 0.4729712554978239
687306.0 0.49177858165080046
687345.0 0.5755381828584542
687417.0 0.5877083237651406
687504.0 0.43958872321280534
687804.0 0.5929747924661181
687888.0 0.5060778213884425
688050.0 0.5725162540909474
688083.0 0.5703267265444032
688173.0 0.5782392488032452
688404.0 0.6200577192910354
688542.0 0.49040631290466735
688557.0 0.6678791740369285
688599.0 0.5765258024499349
688821.0 0.5451403719239325
688929.0 0.5428311769525361
688941.0 0.4790494432881578
689016.0 0.6400092636030476
689058.0 0.6489335248230902
689061.0 0.4178008710309469
689130.0 0.615121392939527
689169.0 0.5361625403327351
689328.0 0.5597489707424218
689385.0 0.6016519706393835
689457.0 0.5395850441968815
689478.0 0.5095677493126678
689520.0 0.6074810428545543
689580.0 0.5771409965869271
689778.0 0.5248301269820272
689793.0 0.48934569150028234
689811.0 0.5248379408069413
689997.0 0.5910489210079097
690018.0 0.5344307454486454
690063.0 0.6060101864318295
690132.0 0.5309707305459093
690171.0 0.4825474583214686
690171.0 0.45186796960291675
690186.0 0.5719218516571793
690213.0 0.44190474588194567
690249.0 0.5295404432312327
690297.0 0.5716218570830274
690297.0 0.5279204112091487
690306.0 0.3724993867379853
690597.0 0.6649379912205675
690609.0 0.4946933952368525
690888.0 0.48178368962872736
691020.0 0.5299461781633904
691071.0 0.6378574496161536
691092.0 0.6323513839363135
691113.0 0.32791357983943514
691239.0 0.5787328000204107
691257.0 0.6447175455356473
691440.0 0.35596588893678816
691686.0 0.4367218560285579
691722.0 0.553755399804054
691815.0 0.558987635683839
691860.0 0.6151908446470907
691875.0 0.5223003779806303
691977.0 0.48135814338473254
692079.0 0.624907227595004
692121.0 0.628845823842692
692175.0 0.5571455741714939
692313.0 0.6012255630337752
692319.0 0.5563292863150238
692481.0 0.5479389242455753
692550.0 0.4932538498189116
692631.0 0.6019925311944797
692694.0 0.4831753854764259
692730.0 0.6931854494993298
692766.0 0.6088623084204494
692772.0 0.5640072639011205
692775.0 0.6232423535083856
692877.0 0.6442716956218079
692904.0 0.5397445226047252
693393.0 0.5036257301305336
693411.0 0.6181630498728432
693480.0 0.4557362113610748
693522.0 0.5936309015739651
693630.0 0.5462959798937376
693639.0 0.7047131418147301
693657.0 0.5958460224229458
694113.0 0.4541801442154778
694176.0 0.5545915259131549
694290.0 0.6062196640566162
694629.0 0.6657515300946771
694746.0 0.49208908661532663
694986.0 0.6056252858661474
695001.0 0.5958721682887714
695037.0 0.5680101771285126
695058.0 0.5441431141028852
695073.0 0.4618566097364999
695100.0 0.6666832920261154
695295.0 0.6093522696661722
695397.0 0.6188245746177768
695406.0 0.5703586252728126
695490.0 0.5180703092815789
695505.0 0.5413244926100096
695568.0 0.4610678449603933
695784.0 0.6442757587113136
695793.0 0.7057766799613034
695796.0 0.533763130081241
695862.0 0.5858978934082733
695880.0 0.5484613191637107
695946.0 0.5368215844818504
695946.0 0.5117216448406918
695979.0 0.5481900549190024
696102.0 0.4290677389343492
696351.0 0.6659932934123255
696354.0 0.5720585594317984
696465.0 0.45292590236168373
696897.0 0.60912787496155
697155.0 0.4888386503821113
697314.0 0.5731912908578626
697329.0 0.48504671558015977
697365.0 0.6147198247103735
698127.0 0.5041780478645199
698181.0 0.6729537892244752
698181.0 0.5645826790723416
698286.0 0.6769715743588764
698445.0 0.42760988575767556
698700.0 0.4734511215655306
698772.0 0.5021323358544331
698802.0 0.5754296240787661
698901.0 0.5276598223722302
698910.0 0.6595941224198779
698958.0 0.6361817120010584
698961.0 0.5588206949444748
699018.0 0.6092866448185084
699222.0 0.5113512104135204
699303.0 0.5514323484930067
699387.0 0.5248550647244579
699765.0 0.5768991396179612
699789.0 0.4367817123018277
699822.0 0.5132629579170117
699852.0 0.62619493023455
699873.0 0.712844441241085
699894.0 0.5563711117763211
700026.0 0.45208643104994667
700311.0 0.6197882568941163
700338.0 0.6108665898249058
700611.0 0.557225342620995
700719.0 0.5869617151530696
700737.0 0.6039214682318211
700752.0 0.5406612921223953
700965.0 0.45218384994418886
700974.0 0.6597409175072899
701223.0 0.41755659315051324
701241.0 0.4566850963104306
701256.0 0.4728933054704764
701349.0 0.453118078704233
701415.0 0.5663140157444939
701517.0 0.6161794041520412
701778.0 0.5090624586362565
701814.0 0.5603273238120455
701949.0 0.5429786454643185
702015.0 0.4818379343103031
702111.0 0.5709332980394948
702162.0 0.5084148880842079
702192.0 0.43840895863225576
702222.0 0.6225190136409828
702246.0 0.5568136097165411
702498.0 0.5085765009253053
702849.0 0.5110518882172973
703071.0 0.5135830242152081
703086.0 0.3974538280702493
703104.0 0.43699989108367937
703425.0 0.5029532171706911
703431.0 0.5039103223725516
703452.0 0.5821917235538374
703626.0 0.39598928751285484
703629.0 0.5538866955835059
703872.0 0.4303993056587821
703905.0 0.6007015930404697
704163.0 0.553779127435619
704400.0 0.5324100411621915
704418.0 0.5780898160030595
704838.0 0.6166468590062607
704901.0 0.4885421830984873
704955.0 0.4870244242787771
705024.0 0.5661007142370459
705090.0 0.518564715524265
705150.0 0.5518544622588972
705171.0 0.5555515293660988
705177.0 0.5618131935985101
705321.0 0.5567874957000568
705849.0 0.47411657524565687
706212.0 0.654479383977487
706386.0 0.539007290276523
706599.0 0.4828826478652998
706917.0 0.4585627887207485
706995.0 0.5077113500671169
707067.0 0.5234996920751146
707145.0 0.46110451491681315
707160.0 0.37972011486249796
707178.0 0.6542188354751335
707331.0 0.5817998209407401
707349.0 0.5838675480521779
707364.0 0.542941775965199
707511.0 0.5472320597706312
707619.0 0.5949399357406415
707793.0 0.7135718779949902
708072.0 0.4951405118287542
708186.0 0.5165503047864876
708249.0 0.5749293343894836
708345.0 0.6659377067720754
708399.0 0.6102995102010075
708510.0 0.4808784702545194
708546.0 0.5377342809847259
708690.0 0.49172764425110915
708771.0 0.551052296878236
708795.0 0.4768551439471631
709026.0 0.4315897996064605
709074.0 0.5671871219544983
709089.0 0.5650944834818256
709149.0 0.537460854326889
709197.0 0.5111217725610939
709230.0 0.705602698814209
709245.0 0.5272049037851139
709260.0 0.6501860175642885
709350.0 0.3574572739454711
709353.0 0.5039280377767765
709923.0 0.6385553359411302
710043.0 0.4180509983604612
710055.0 0.4227194261763649
710181.0 0.5397520431571936
710232.0 0.5560190101083213
710283.0 0.39813391638210727
710355.0 0.5502572973839719
710484.0 0.6030456421910985
710553.0 0.5151101962393327
710634.0 0.5098751526671494
710643.0 0.48523951612938104
710658.0 0.5430235347572255
710664.0 0.4882300228685926
710832.0 0.44627228635170113
710964.0 0.5337063876418744
710973.0 0.6441582119805364
711129.0 0.4575750109348798
711222.0 0.390277446108696
711228.0 0.5590754714030887
711246.0 0.5050489306319397
711615.0 0.47479668482806237
711624.0 0.42183868604341324
711744.0 0.6855774895356435
711945.0 0.5589881058101182
711981.0 0.5473888651569709
712029.0 0.5430134542534583
712056.0 0.48199895210235477
712230.0 0.4151329470048193
712461.0 0.49817531749504873
712563.0 0.5971735478996559
712974.0 0.6771270403971152
713529.0 0.45367973982461507
713541.0 0.49261097650466784
713613.0 0.6106928111637504
713661.0 0.5853462233109351
713676.0 0.5618632664840423
713688.0 0.4650045173916587
713694.0 0.6026856333677079
714129.0 0.589302309057747
714201.0 0.6674648513988863
714360.0 0.6493159750290436
714546.0 0.5352756854811614
714591.0 0.6028321184638079
714738.0 0.5417129244730482
714912.0 0.5604531743327843
714933.0 0.49092503468342363
715590.0 0.45123657286268504
715803.0 0.5530180159910527
715860.0 0.6753366256476885
716064.0 0.39198887228379087
716067.0 0.5471760407280306
716403.0 0.558715280111213
716499.0 0.6017678445596641
716625.0 0.5460360023518078
716808.0 0.5151049573091291
717033.0 0.671628196633471
717039.0 0.5748355429126497
717045.0 0.4923121866750325
717123.0 0.5729706362345595
717186.0 0.4460017041827515
717279.0 0.5197807845766089
717363.0 0.4998887052189481
717378.0 0.4965386757487372
717726.0 0.48529088971116024
717792.0 0.5893309275516188
717993.0 0.5176549151584778
718005.0 0.5028968252910139
718008.0 0.4852387027858306
718029.0 0.6496483410256646
718065.0 0.5554840435424094
718092.0 0.5657198033479968
718152.0 0.5787134559708312
718257.0 0.503760261548506
718275.0 0.5407631455588068
718374.0 0.5410333979459632
718608.0 0.5337471702356008
719052.0 0.4984652838355079
