408093.0 0.71126755068887
408093.0 0.8323855790881438
408093.0 0.8307253091390283
408093.0 0.8631812696140733
408093.0 0.8206913909726096
408093.0 0.8625903149293842
410199.0 0.8758784071484543
410199.0 0.879207003584326
410199.0 0.8187756336582682
410199.0 0.8303049665634827
410199.0 0.8390721306643348
410199.0 0.8280425771495625
410199.0 0.8132967348783603
410199.0 0.8440669977064423
410199.0 0.8934237273290886
410199.0 0.841824977020254
410199.0 0.8738724839076598
410199.0 0.8547778675885425
410199.0 0.8706989247314787
410199.0 0.8840712718702947
410199.0 0.8479888697722175
410199.0 0.852483096192221
410199.0 0.8352367500423098
410199.0 0.8670961844070783
410199.0 0.8408286978633452
410199.0 0.869382534455736
410199.0 0.9147644215862825
410199.0 0.807864166030967
410199.0 0.8625365536625325
410199.0 0.7444299097847702
410199.0 0.8361526502495421
410199.0 0.8307689565633353
410199.0 0.8791088719933524
410199.0 0.8568342425573244
410199.0 0.8574379590019201
410199.0 0.8686050905162331
410199.0 0.8709994617626359
410199.0 0.843838404235267
410199.0 0.8093254453898417
410199.0 0.8397938240054743
410199.0 0.865548082391882
410199.0 0.8593422101342417
410199.0 0.87408621734899
410199.0 0.8527150401228759
410199.0 0.8570339000816072
410199.0 0.8829838468330389
410199.0 0.8074714489318547
410199.0 0.8370189329119878
410199.0 0.8325789624214752
410199.0 0.8299609000207293
410199.0 0.8614652626323311
410199.0 0.8614240408825002
410199.0 0.8699189022296957
410199.0 0.8607424115969684
410199.0 0.8444503124850682
410199.0 0.8512041496615633
410199.0 0.8779416729297501
410199.0 0.8426602945537631
410199.0 0.8559654195866012
410199.0 0.8571049133813224
410343.0 0.8464853643478841
414129.0 0.8269408717344381
414150.0 0.8587676831230575
414150.0 0.8421350955347779
414150.0 0.9157411769205417
414150.0 0.850279951716609
414150.0 0.8486482908861119
414150.0 0.845748881501379
414150.0 0.778734836274849
414150.0 0.8171787510830862
414150.0 0.8703688017755561
414150.0 0.901843916056829
414150.0 0.8559764507188184
414150.0 0.8726434827937409
414150.0 0.853162760618552
414150.0 0.8224386959179013
414150.0 0.820764393868124
414150.0 0.8269332705566733
414150.0 0.8309300059805348
414150.0 0.8458757666169769
414150.0 0.8154013499383994
414150.0 0.8220615228447143
414150.0 0.8387779763497516
414150.0 0.8906458978277889
414150.0 0.8133501872014351
414150.0 0.8091807187842769
414150.0 0.8532752473102648
414150.0 0.8592344352331495
414150.0 0.8833789802460551
414150.0 0.8763197768683627
414150.0 0.8213637018853744
414150.0 0.8678986780788319
414150.0 0.8331661218204293
414150.0 0.8234614460682567
414150.0 0.8558391057693758
414150.0 0.7326514379760136
414150.0 0.8398413640570878
414171.0 0.854331934582044
414375.0 0.8243690407220251
414606.0 0.8600330375576241
414633.0 0.8264983909161362
414708.0 0.8059485785555754
416034.0 0.8618791821607756
416034.0 0.8686505358512318
416034.0 0.8349754381951384
416034.0 0.8866204011495988
416034.0 0.9117549627502191
416034.0 0.8301012298933941
416034.0 0.8517237586923414
416034.0 0.8681335193190877
416034.0 0.8758017632152628
416034.0 0.8636256953279673
416034.0 0.8871771425252731
416034.0 0.8398810406494914
416034.0 0.7527031535324612
416034.0 0.8543524539059628
416034.0 0.8899749034685619
416034.0 0.8752321502290323
416034.0 0.8866942100062184
416034.0 0.8827119676699992
416034.0 0.9027112032057095
416034.0 0.8546476926129221
416034.0 0.8567892027345907
416034.0 0.8424865465546733
416034.0 0.9028434942073176
416034.0 0.9129514888178683
416034.0 0.8905974571111996
416034.0 0.8850483808579364
416034.0 0.8174680968243424
416034.0 0.8282263296505729
416034.0 0.8293433490291676
416034.0 0.8809269906491451
416034.0 0.8540824656450745
416034.0 0.8636757789462596
416034.0 0.8669996202003744
416034.0 0.8624936426371381
416034.0 0.863896741356924
416034.0 0.853052861739542
416034.0 0.8343364692836467
416034.0 0.8674538999507301
416034.0 0.8733253603052815
416034.0 0.8748405535020818
416034.0 0.8729533817028631
416034.0 0.8451271082700188
416034.0 0.8151136815143355
416034.0 0.8680171158862272
416034.0 0.8757951147045235
416034.0 0.8459654917334254
416034.0 0.8453509121099441
416034.0 0.8457785839413088
416034.0 0.8405688071368876
416034.0 0.8259685196378291
416034.0 0.8784912184637517
416034.0 0.8348942241090216
416034.0 0.8823919145790555
416034.0 0.8213905770254976
416034.0 0.845110947537698
416034.0 0.8533257512737245
416034.0 0.8724461910732084
416034.0 0.8724448483726946
416034.0 0.8842519571286366
416034.0 0.859549591873445
416034.0 0.8478776788289777
416034.0 0.8628618200285666
416034.0 0.8791240264935173
416034.0 0.8646255966069039
416034.0 0.8343602818586023
416034.0 0.8656310764201411
416034.0 0.8740353196696817
416034.0 0.8657223888493154
416034.0 0.8379457671111948
416034.0 0.8581361827489604
416034.0 0.8829870091924139
416034.0 0.8956492579787124
416034.0 0.8560863629433088
416034.0 0.8295617427584634
416034.0 0.8589031756788135
416034.0 0.8880509955849931
416034.0 0.9039678695793464
416034.0 0.8919584731505602
416034.0 0.9037429180267172
416034.0 0.8956057783562552
416034.0 0.8280888390415345
416034.0 0.8713692318387597
416034.0 0.8533990089293444
416034.0 0.8482341588632251
416034.0 0.8504229008533044
416034.0 0.85151364760948
416034.0 0.8526527597295904
416034.0 0.8370578459545958
416034.0 0.8877087051054878
416034.0 0.8847595919699129
416034.0 0.891100222961348
416034.0 0.8841941812680734
416034.0 0.852673871077094
416034.0 0.839092325932236
416034.0 0.85423296763291
416034.0 0.8491134763378717
416034.0 0.8240762180797274
416034.0 0.8608123786017244
416034.0 0.814132831097756
416034.0 0.8495066721817464
416034.0 0.8147952862401838
416034.0 0.885699870234747
416034.0 0.8681223951338025
416034.0 0.8992453460551176
416034.0 0.8466914096888468
416034.0 0.8784651415223297
416034.0 0.8324131006165121
416034.0 0.8469562926762167
416034.0 0.8851049464935108
416034.0 0.8495353621009817
416034.0 0.8696373499325983
416034.0 0.8646668690582561
416034.0 0.8412067537738543
416034.0 0.8846389362447081
416034.0 0.8722061903996817
416034.0 0.8613741725209904
416034.0 0.8076695254507215
416034.0 0.8082852623328418
416034.0 0.8867863801927139
416034.0 0.8512528945704768
416034.0 0.8345531046137057
416034.0 0.8787105597544459
416034.0 0.8401911172643549
416034.0 0.869598376186296
416034.0 0.8678736586920291
416034.0 0.8561741623182458
416034.0 0.851027501342604
416034.0 0.8874544938136628
416034.0 0.8902961140279104
416034.0 0.9057907088933945
416034.0 0.867757687626341
416034.0 0.8396460841296072
416034.0 0.9050053875162317
416034.0 0.8660260738970628
416034.0 0.8641606821591531
416034.0 0.8359620340144293
416034.0 0.859062442918163
416034.0 0.8834592454771415
416034.0 0.8546959882628766
416034.0 0.8740003609958135
416034.0 0.8838788829432527
416034.0 0.8815908882862834
416034.0 0.8547535001132364
416034.0 0.8753369667729787
416034.0 0.8717782296110075
416034.0 0.8610958154436691
416034.0 0.8935264317432543
416034.0 0.8569427384867058
416034.0 0.8508045612087914
416034.0 0.8797951700824785
416034.0 0.8854047749365004
416034.0 0.8380052354740042
416034.0 0.8554580365897889
416034.0 0.8472724233943856
416034.0 0.8498543464810188
416034.0 0.8566082649541911
416034.0 0.8937851495636802
416034.0 0.8717286458292581
416034.0 0.8618000433856682
416034.0 0.8395563424395042
416034.0 0.915241879036618
416034.0 0.884988998602105
416034.0 0.8602308958970118
416034.0 0.8272122866157908
416034.0 0.8646789806685795
416034.0 0.8794114217894917
416034.0 0.8541570175898711
416034.0 0.8579478685924435
416079.0 0.8371632346840023
416154.0 0.8457476835745099
416178.0 0.8686241034937163
416190.0 0.8980878000000813
416244.0 0.8391392000017098
416463.0 0.8602323150257155
416535.0 0.8513272327349659
416658.0 0.8515739453413992
417066.0 0.8489093309873309
417843.0 0.8297084579091625
418047.0 0.8695543616887814
418086.0 0.8491978442792442
418125.0 0.8136800201143903
418227.0 0.8513488639418842
418227.0 0.8823312124755799
418227.0 0.8161743399550441
418227.0 0.842481260341921
418227.0 0.8730287767223002
418227.0 0.8181171096728338
418227.0 0.8441040143382048
418227.0 0.8545758701683732
418227.0 0.8305235256653863
418227.0 0.8526418916345653
418227.0 0.8190032533708871
418227.0 0.8718387964222859
418227.0 0.8486063894790509
418227.0 0.82800963279911
418227.0 0.9063731583813327
418227.0 0.8621533188955587
418227.0 0.8379157594761266
418227.0 0.844272607425076
418227.0 0.8481169100202914
418227.0 0.867783801444542
418227.0 0.829965725559941
418227.0 0.8840241795862749
418227.0 0.848550459816655
418227.0 0.8449814501016196
418227.0 0.8210836858700058
418227.0 0.8504955631335398
418227.0 0.8733229149522376
418227.0 0.8236716990069866
418227.0 0.8743159961852771
418227.0 0.8690173265218201
418227.0 0.8871006707472208
418227.0 0.8576919669063198
418227.0 0.8567373804592706
418227.0 0.8607917851318181
418227.0 0.8738787748182955
418227.0 0.8525583311586029
418227.0 0.8416281242261033
418227.0 0.8829331682782342
418227.0 0.8371253328924997
418227.0 0.8615559495156929
418227.0 0.8261280922077314
418227.0 0.8824923648812376
418227.0 0.8894458592000238
418227.0 0.8389356847029964
418227.0 0.8666360865105242
418227.0 0.8532505669543059
418227.0 0.8465988200577144
418227.0 0.8594842697864105
418227.0 0.8626851963349474
418227.0 0.8904988493979266
418227.0 0.8625862913192683
418227.0 0.8901990768477267
418227.0 0.8123417607814275
418227.0 0.8706153037715807
418227.0 0.8786126205418944
418227.0 0.8629059362695971
418227.0 0.7347950218194493
418227.0 0.867928758701232
418227.0 0.8704838886573861
418227.0 0.8532669830232681
418227.0 0.8479870208524738
418227.0 0.8782286178475246
418227.0 0.8915198167296782
418227.0 0.8468906243940266
418227.0 0.7989157918225146
418227.0 0.8557883794752394
418227.0 0.8561459090679355
418227.0 0.8904564379930379
418227.0 0.8550585842542244
418227.0 0.8580422070302809
418227.0 0.8328015080126333
418227.0 0.8650322182112513
418227.0 0.8137441371152843
418227.0 0.8364110283905161
418227.0 0.8872979404633805
418227.0 0.8508884761591226
418227.0 0.8374588495798637
418227.0 0.8168414917376955
418227.0 0.8313563499544498
418227.0 0.8516799708959983
418227.0 0.8570641784159586
418227.0 0.8446293052915884
418227.0 0.8762370309359877
418227.0 0.8708213389318997
418227.0 0.8826445616131434
418227.0 0.8651275680882515
418227.0 0.9084082878427981
418227.0 0.8680701712456924
418227.0 0.8529079320976685
418227.0 0.8462496898382336
418227.0 0.8383582229690036
418227.0 0.8482600930827708
418227.0 0.83928306658967
418227.0 0.8378978628517769
418227.0 0.8350025034637307
418227.0 0.8359491544875108
418227.0 0.8811865576666472
418227.0 0.8356981616978058
418227.0 0.858797712763818
418227.0 0.8787356873810268
418227.0 0.8510293190453719
418227.0 0.8690226799713227
418227.0 0.8496618908844628
418227.0 0.7932175380005945
418227.0 0.853880796522249
418227.0 0.8554617351686538
418227.0 0.8761815067385089
418227.0 0.8508739075776124
418227.0 0.8548103590009375
418227.0 0.8812026164543806
418227.0 0.8759745632808168
418227.0 0.8813748145989836
418227.0 0.874356256358995
418227.0 0.8477772596495969
418227.0 0.8311356475255623
418227.0 0.8597768584644707
418227.0 0.8656296797928051
418227.0 0.8417531948627831
418227.0 0.8247726231195708
418227.0 0.8511601508806067
418227.0 0.8596607855744719
418227.0 0.8347976765531697
418275.0 0.8447685687130574
418371.0 0.8337320983682543
418581.0 0.8438466263371479
418626.0 0.8119416216974601
419958.0 0.8856568150110494
420090.0 0.8185698585503335
420201.0 0.8724860143536928
420237.0 0.8557208992335703
420414.0 0.8243127890590644
420414.0 0.8391001931072335
420417.0 0.8712220485777182
420510.0 0.8513889188230287
420534.0 0.8474008670604314
420639.0 0.8073229426315225
420657.0 0.8678273309618516
420750.0 0.8713246970343229
420834.0 0.8954076749666264
420834.0 0.8970467579447362
420900.0 0.8179940725778461
421053.0 0.8817073491562896
421998.0 0.8644458521905681
422070.0 0.8482704993654502
422196.0 0.8518555230239173
422199.0 0.8248353999502167
422250.0 0.8622709839155992
422265.0 0.8282864395143895
422295.0 0.8639303727599742
422343.0 0.8410559978280413
422394.0 0.7901672345063854
422394.0 0.8364599627922151
422415.0 0.8609108282681733
422436.0 0.8391687562693503
422439.0 0.8689347110776845
422445.0 0.8850780180371323
422586.0 0.8003665869712038
422610.0 0.8756596406549866
422649.0 0.8623216822289873
422655.0 0.8277377213649342
422787.0 0.8685328208788119
422922.0 0.819844374877742
423033.0 0.8640115791925943
423255.0 0.833461434031608
423339.0 0.8430681873627519
424083.0 0.8747108999342177
424173.0 0.9131484106553083
424263.0 0.8381868782465636
424263.0 0.8337457890880077
424266.0 0.7935586707945035
424266.0 0.7914629084458603
424266.0 0.8482922213766765
424266.0 0.8194939436192957
424266.0 0.8277719657192638
424266.0 0.8565354676072225
424266.0 0.8824395442444096
424266.0 0.824193594452519
424266.0 0.7878632405867438
424266.0 0.8830967420931116
424266.0 0.8295564164985938
424266.0 0.8506666303146935
424266.0 0.8125163102231857
424419.0 0.8519093921349108
424476.0 0.8467356990687411
424662.0 0.8526716724123394
424662.0 0.8177444551274785
424710.0 0.8410617031213087
424884.0 0.8018118663241162
425331.0 0.8287686965142909
426036.0 0.8652221129345593
426120.0 0.8202727555120457
426147.0 0.8072704564402977
426279.0 0.8063468171842096
426279.0 0.8147953555752975
426330.0 0.8492108478968633
426378.0 0.8095243507813379
426423.0 0.8703396706836073
426474.0 0.8306936188890339
426501.0 0.8415405443721352
426594.0 0.8317272900701479
426627.0 0.8677993055665503
426633.0 0.8448485829937209
426789.0 0.9264268111066489
426978.0 0.9003338847718648
426978.0 0.8734375986944453
427011.0 0.9048793245630168
427056.0 0.8248841209270438
427056.0 0.8649550930915043
427059.0 0.8356151887406011
427095.0 0.8426568928293031
427155.0 0.8497211106194752
427191.0 0.8231449702961612
427191.0 0.8114728519026837
427401.0 0.8063975759401253
427734.0 0.8482532150491288
428274.0 0.8209895444266565
428406.0 0.8318617932134332
428451.0 0.8448361133381296
428496.0 0.9156157932188294
428523.0 0.8320764424512193
428523.0 0.9091491035506849
428610.0 0.8395317773388856
428652.0 0.8115338058670034
428688.0 0.8481586617087888
428688.0 0.9035643880263038
428688.0 0.853953112247919
428724.0 0.8568349938070667
428754.0 0.8076758176788912
428766.0 0.8457850790536021
428922.0 0.8603415842123162
428928.0 0.8184881750929871
429012.0 0.8333730212901119
429141.0 0.7538480141835308
429162.0 0.8493980972451951
429180.0 0.8642231320447704
429258.0 0.8632579950668714
429603.0 0.8216359793802678
429810.0 0.8771834506447049
429879.0 0.7995919680640483
430362.0 0.82680998017451
430422.0 0.8599899491014983
430461.0 0.8395830842590055
430497.0 0.8364618311978752
430623.0 0.8253618470712533
430671.0 0.8259079069300995
430671.0 0.8502529923276135
430710.0 0.8847755437068462
430710.0 0.854617559523886
430845.0 0.8093911813207391
430857.0 0.8285975854140799
430950.0 0.8286627446428754
430950.0 0.8916437055096865
430959.0 0.807455441208015
431187.0 0.920390515079119
431187.0 0.8818580601533844
431187.0 0.875442164212439
431205.0 0.8052441809654086
431283.0 0.8493017937955497
431367.0 0.82077033933712
431544.0 0.8882551171607819
431664.0 0.782013813715182
431784.0 0.821955628890765
431814.0 0.918028967820523
431814.0 0.8277095746504072
431913.0 0.8171811666548318
431955.0 0.8572583282075668
432186.0 0.848390787588334
432291.0 0.7672014491290207
432321.0 0.8745120340806853
432330.0 0.8250379503790726
432366.0 0.7834180172164673
432519.0 0.8774983776544939
432552.0 0.8467625019057876
432582.0 0.8388520556678244
432747.0 0.8774531991524367
432762.0 0.8671637580133834
432888.0 0.8151718063621268
432972.0 0.8998968222114312
433104.0 0.8860678169395899
433158.0 0.8237909509955733
433188.0 0.8479374523963371
433269.0 0.8461652392546783
433548.0 0.8572869279989728
434049.0 0.7816958987874393
434049.0 0.8206649443366041
434076.0 0.8776542950857302
434175.0 0.8496911967412617
434175.0 0.8624211164550376
434199.0 0.8506591344723395
434262.0 0.9228399796193568
434367.0 0.8079518511983225
434367.0 0.8450934180840026
434367.0 0.8347232125306422
434367.0 0.8792997558011671
434367.0 0.888875389478549
434367.0 0.859620560114776
434367.0 0.8661628843019339
434367.0 0.8064381906275317
434367.0 0.8724546855669087
434367.0 0.8283397378967763
434367.0 0.7443360446780584
434367.0 0.8387762313287827
434367.0 0.8695383566659542
434367.0 0.84692455358304
434367.0 0.842850642365632
434367.0 0.8788142339030419
434367.0 0.8316602992211406
434367.0 0.8875996573575241
434367.0 0.8862501967125703
434367.0 0.8825701832190971
434367.0 0.8469519773891497
434385.0 0.849705837733977
434448.0 0.8232809150816932
434679.0 0.8318249864924685
434679.0 0.791073074393403
434856.0 0.8892904126808906
434898.0 0.8474905319264112
434907.0 0.8672267322015358
434919.0 0.8564341272851984
434931.0 0.7999462892692346
435057.0 0.7331922542410088
435069.0 0.9152300659637691
435087.0 0.8241559195758433
435099.0 0.7860895440515974
435159.0 0.8761234517449826
435408.0 0.887977118060146
435435.0 0.8755848190748462
435732.0 0.931593216771088
435933.0 0.8386220528320923
435972.0 0.9087973569486398
436056.0 0.8881016161635407
436134.0 0.8442820487479008
436260.0 0.8054567993496029
436263.0 0.8059894880913033
436368.0 0.8441800123422426
436392.0 0.8578776967070493
436404.0 0.8252177665092045
436404.0 0.8332308861479523
436404.0 0.7002601514577607
436404.0 0.8440570017261283
436404.0 0.8405240507306386
436404.0 0.8976603581810022
436404.0 0.807832362059532
436404.0 0.7850529468943669
436404.0 0.8311613299145055
436404.0 0.8285727785878026
436404.0 0.8611659496205656
436404.0 0.8326306045652153
436404.0 0.8239293819563753
436404.0 0.866282715273617
436404.0 0.850621964784027
436404.0 0.8039780700735422
436404.0 0.8547928595076234
436404.0 0.854092080702762
436722.0 0.8676379800193346
436836.0 0.893719090494465
436902.0 0.817842881317694
437082.0 0.7726314145944018
437100.0 0.8330831431588109
437316.0 0.8151032908748687
437361.0 0.9045071936686331
437484.0 0.8478559765781263
437631.0 0.8979912432206111
437763.0 0.9065913287433615
437838.0 0.8385260846174839
438033.0 0.8704970863066553
438126.0 0.8839408373839353
438141.0 0.7920197597425332
438291.0 0.8391261233332681
438468.0 0.8777298871344955
438468.0 0.9025772976558629
438489.0 0.7429261220161784
438546.0 0.8035085374202752
438624.0 0.7757386361869778
438789.0 0.8817305415991552
438807.0 0.8324489328300138
439035.0 0.9163844936481049
439044.0 0.8786495667663377
439047.0 0.824440662399725
439095.0 0.7721288162628692
439332.0 0.8852512417377106
439356.0 0.8432945949625701
439419.0 0.8550687086057744
439431.0 0.837469147074895
439479.0 0.805176468459368
439491.0 0.8380683162328917
439653.0 0.8609541230910821
439761.0 0.8165319202239252
439956.0 0.891853731859714
439962.0 0.8488069721299604
439974.0 0.8140901151885535
439974.0 0.8349145924093977
439974.0 0.8910084563356025
440226.0 0.8346558153704026
440376.0 0.9027506251805458
440376.0 0.8418008773592202
440376.0 0.8185254875155915
440376.0 0.8289837028148208
440376.0 0.869158428154581
440376.0 0.8540973059153963
440376.0 0.851579743929053
440376.0 0.8822383031838663
440376.0 0.8490120024083634
440376.0 0.8726314238371574
440376.0 0.8345291207515951
440376.0 0.8731816360913593
440376.0 0.8585947600614339
440376.0 0.8559948517605596
440376.0 0.8329508676934307
440376.0 0.8602275412272679
440376.0 0.821643933257815
440376.0 0.8630083580016442
440376.0 0.8242201322684365
440376.0 0.8886007252995692
440376.0 0.894211530540973
440376.0 0.8403192503649147
440376.0 0.9080619552497066
440376.0 0.9086872530925743
440376.0 0.8531158968495703
440376.0 0.8574837223379702
440376.0 0.8364506924712661
440376.0 0.8542237016031535
440376.0 0.8618935982313329
440376.0 0.8641399848503046
440376.0 0.8065835981116806
440376.0 0.8153724401746139
440376.0 0.8679760832685298
440376.0 0.7205510780058405
440376.0 0.8651474096985314
440376.0 0.8419309676836979
440376.0 0.8363705998293548
440376.0 0.8855156607419594
440376.0 0.8228784050099623
440376.0 0.8718855893947428
440376.0 0.8254291755160685
440376.0 0.8784565777665105
440376.0 0.8259773383306297
440376.0 0.7640440686711266
440376.0 0.8466630813746551
440376.0 0.8452221330018764
440376.0 0.8610564122286163
440382.0 0.8561376952860386
440472.0 0.8883232064439478
440484.0 0.8404803555716369
440706.0 0.8446021690327586
440814.0 0.8601107921021192
440826.0 0.8028153281456645
440895.0 0.8417347676644855
440946.0 0.868652480259811
441084.0 0.8336282292888625
441405.0 0.8590242880645372
441450.0 0.845097104483836
441570.0 0.781302848598465
441588.0 0.8847302702215242
441600.0 0.8554765239318192
441978.0 0.9085909529394351
442098.0 0.8112821547560246
442167.0 0.8199405644116073
442185.0 0.8532860101186922
442185.0 0.867349434465433
442185.0 0.8443247900089789
442227.0 0.8339550988560892
442239.0 0.8611394132712085
442359.0 0.8453386965614831
442680.0 0.8861268112012054
442782.0 0.8788860515985368
443139.0 0.857795583814862
443199.0 0.9341841093166021
443301.0 0.8986927197824083
443307.0 0.8360666180703655
443427.0 0.8427764883591716
443571.0 0.8508580614911875
443763.0 0.8259944096857524
443778.0 0.7597660006451836
443781.0 0.8964794900152071
443865.0 0.8899968666497168
443985.0 0.7721142896735376
444060.0 0.9043233621383696
444066.0 0.8316233749548853
444360.0 0.8106247589578003
444390.0 0.7957731201947059
444435.0 0.9022519872617708
444564.0 0.898043004211121
444597.0 0.8345896741912789
444840.0 0.85031996347177
445044.0 0.8338422619774404
445266.0 0.8561717586377091
445278.0 0.8050878321845806
445494.0 0.7537340899330975
445608.0 0.8201247376114617
445668.0 0.8327636435090171
445746.0 0.8481417771820055
445896.0 0.8350852114214077
446229.0 0.7987768126222178
446331.0 0.9149434741998245
446433.0 0.8022082170136117
446535.0 0.8308378497342426
446547.0 0.9208701763482421
446643.0 0.865799074020094
446664.0 0.8829771645038914
446808.0 0.8482910156334436
446913.0 0.926235707868148
447213.0 0.9306719767069482
447240.0 0.8019245550700964
447255.0 0.8023615576736941
447264.0 0.7921182147343971
447315.0 0.8647938484078409
447378.0 0.730949111127279
447378.0 0.7624933516844197
447639.0 0.8415225110527498
447696.0 0.9154884621806719
447978.0 0.770318626733461
447978.0 0.758728927899106
447978.0 0.7292582861600069
447999.0 0.8449330838742708
448029.0 0.8748147871361294
448029.0 0.8659424840303266
448131.0 0.8623304908156029
448176.0 0.8491228542184537
448224.0 0.8784769942570086
448329.0 0.8756535033460182
448362.0 0.8747588267550107
448488.0 0.9203602263831383
448488.0 0.8679725545083474
448671.0 0.8599615756733293
448806.0 0.8536838543216855
448830.0 0.8233697879696509
448857.0 0.8248644234337754
448863.0 0.8684598385552534
448938.0 0.8304687790140807
448938.0 0.7191119187165471
448938.0 0.8355529996083514
449142.0 0.9097581118803163
449142.0 0.9335070635299563
449157.0 0.9007071423031477
449280.0 0.9565421868505225
449340.0 0.8386609241808338
449535.0 0.7815522283392373
449571.0 0.7360235523623493
450111.0 0.8145105736886902
450249.0 0.8055960703815
450261.0 0.805395334006776
450465.0 0.7947634543130069
450492.0 0.8634793642564917
450555.0 0.8064112732107027
450747.0 0.869544839129473
450747.0 0.8835357653306702
450747.0 0.8148686747919378
450747.0 0.8406958370928256
450747.0 0.8773210957984422
450747.0 0.8301419038387222
450747.0 0.841637928081674
450747.0 0.8319076460271274
450747.0 0.8537649257085304
450747.0 0.8088409004480763
450747.0 0.8287440896972867
450747.0 0.6815767008066983
450747.0 0.8607997721537705
450747.0 0.8885995438582017
450747.0 0.8632527703653792
450747.0 0.8591705313612689
450747.0 0.8409082499434081
450747.0 0.8871197090327212
450747.0 0.8309610968376321
450747.0 0.8279733031277795
450747.0 0.8234581941608854
450747.0 0.8161542860615197
450747.0 0.8346582257217208
450747.0 0.8306042842620707
450747.0 0.8253463942822498
450747.0 0.8536801674592441
450747.0 0.7917542758882621
450747.0 0.861791981461361
450747.0 0.8029926647098936
450747.0 0.8667953481417725
450747.0 0.8346806273604802
450747.0 0.8272838852247871
450747.0 0.8382030030690598
450747.0 0.8291457338326816
450747.0 0.8468977029911102
450747.0 0.8420253948180254
450747.0 0.8362019653616204
450747.0 0.8415878309352848
450747.0 0.9024641685775682
450747.0 0.7845546005874156
450747.0 0.8466127758156301
450747.0 0.8354467548032787
450747.0 0.8381910858196591
450747.0 0.8517644315796066
450747.0 0.8269719906736693
450747.0 0.8586910307033288
450747.0 0.8795898893620124
450747.0 0.8055904420780374
450747.0 0.8145895356483064
450747.0 0.8282518579069941
450747.0 0.8676453593021295
450747.0 0.8485123749029667
450747.0 0.8658029454331257
450747.0 0.8134595473527827
450747.0 0.8486716656419506
450747.0 0.8502299403109183
450747.0 0.8861259131813278
450747.0 0.8808287416708475
450747.0 0.894803156828436
450747.0 0.8999550567868602
450747.0 0.8572494912780086
450747.0 0.8167278512055877
450747.0 0.8240144462339519
450897.0 0.8668476214482094
451056.0 0.8365584607955434
451149.0 0.8795150809994509
451335.0 0.926411535278566
451350.0 0.8173550993453489
451473.0 0.9273816688421587
452169.0 0.904631576176172
452169.0 0.9327416302627171
452217.0 0.8170765949504355
452322.0 0.9323311490879457
452391.0 0.8816658414947804
452421.0 0.8557411563221086
452463.0 0.9039691867546907
452508.0 0.8112647850432623
452658.0 0.8663190756300878
452730.0 0.8308568256792432
452793.0 0.8305802760442302
452793.0 0.8464280254996566
452793.0 0.8383980414716855
452793.0 0.8095906660214288
452793.0 0.6752551580303526
452793.0 0.8287120347055765
452793.0 0.7748972421684841
452793.0 0.8418665530832745
452793.0 0.8416595477457789
452793.0 0.8567520238509989
452793.0 0.8379635984012761
452793.0 0.8163737994090355
452793.0 0.8091951806583284
452859.0 0.8399694957085306
452892.0 0.8489234312794921
452898.0 0.7793168999082346
453078.0 0.8335067209680557
453102.0 0.7774784571051623
453210.0 0.8181631480053696
453402.0 0.7703295837786204
453543.0 0.8304528690474627
454140.0 0.8160493659275898
454341.0 0.8323543877815455
454464.0 0.7980738750895489
454464.0 0.8162219626658422
454464.0 0.8488509290517304
454464.0 0.7724801954538423
454464.0 0.797960901861797
454464.0 0.8020071003391837
454464.0 0.705377767927409
454464.0 0.8034059639075619
454464.0 0.8462780350907049
454686.0 0.8026867997466214
454749.0 0.8435787035735154
454896.0 0.7586686656724789
454911.0 0.8039980952681415
455079.0 0.8176573231800556
455118.0 0.7983000118760307
455175.0 0.8705318902663779
455241.0 0.908711765171855
455289.0 0.8074426757712475
455337.0 0.8630524955142479
455496.0 0.849204705356794
455811.0 0.8576556815550839
456096.0 0.8889222005699822
456303.0 0.8693098544815288
456651.0 0.8353609150505823
456909.0 0.7807979476803231
456909.0 0.7601708586406348
456966.0 0.7672086740735773
456969.0 0.7997444956772175
457017.0 0.8200997435855352
457080.0 0.9074479121674478
457275.0 0.8436366430094937
457305.0 0.8666801749164399
457470.0 0.7688304323103801
458106.0 0.930033403609578
458547.0 0.8294965374388648
458601.0 0.8142931768790984
458658.0 0.8419188358151337
458664.0 0.8425548675986633
458697.0 0.8087998745697544
458739.0 0.8943738979941214
458739.0 0.8804752864034798
458757.0 0.8684626932785356
458820.0 0.804881468757031
458820.0 0.7463347923813946
458895.0 0.9219703753073041
458898.0 0.7860057354784398
459039.0 0.8176561653693343
459099.0 0.7416667033577254
459267.0 0.8330155745090503
459267.0 0.8007320084599513
459267.0 0.80944775367769
459267.0 0.6774462310482149
459267.0 0.8512672427362846
459267.0 0.8096708345905422
459267.0 0.8211387834046857
459267.0 0.8575215610273373
459267.0 0.8502393042845656
459267.0 0.81848638564236
459267.0 0.8259299428027739
459267.0 0.8734378132259533
459267.0 0.8227695000086945
459267.0 0.818951006145001
459267.0 0.8712516889319089
459267.0 0.8622953362261332
459267.0 0.8285087527499763
459291.0 0.8157832135298031
459303.0 0.7864952125064922
459483.0 0.8545607648499246
459606.0 0.7751916114266357
460041.0 0.7805074047166684
