693393.0 0.5036257301305336
596988.0 0.773379611438041
619095.0 0.7149923550830836
674157.0 0.6394866655194226
703452.0 0.5821917235538374
695793.0 0.7057766799613034
688404.0 0.6200577192910354
652470.0 0.5993392721978307
710181.0 0.5397520431571936
666951.0 0.652062800302354
602331.0 0.5316992192628827
684531.0 0.5645547216389254
678828.0 0.6228423190956418
748062.0 0.39911302839598645
692121.0 0.628845823842692
661713.0 0.6443938707879006
698772.0 0.5021323358544331
689778.0 0.5248301269820272
645753.0 0.5928850707800061
655041.0 0.5525100474665813
670383.0 0.6042401598590907
695397.0 0.6188245746177768
736245.0 0.40877041307825474
659925.0 0.48235090494658545
685131.0 0.48516908963001293
640812.0 0.6249634418809712
745437.0 0.5456864245607813
661017.0 0.70370677680621
734031.0 0.605224703224368
755346.0 0.4878469993119864
714912.0 0.5604531743327843
672894.0 0.5626861494162064
668550.0 0.5524747153162753
685860.0 0.5055326543956156
716499.0 0.6017678445596641
712563.0 0.5971735478996559
743223.0 0.42774996337448334
690597.0 0.6649379912205675
767391.0 0.4986107482715934
655053.0 0.6346049528385609
697155.0 0.4888386503821113
751191.0 0.5249685430146346
721134.0 0.46818828634062604
616023.0 0.6630149093087648
653100.0 0.6458524627720363
662172.0 0.5380281539549943
700965.0 0.45218384994418886
675705.0 0.7178234830015787
686547.0 0.47563768009263646
735363.0 0.49596376155372174
673782.0 0.50564642723579
653856.0 0.6356609713052703
652518.0 0.636034043954872
749556.0 0.4787269145453197
765282.0 0.4654200938511549
701949.0 0.5429786454643185
711228.0 0.5590754714030887
694176.0 0.5545915259131549
730854.0 0.5260652304681652
721005.0 0.4847527794126218
688929.0 0.5428311769525361
680634.0 0.6730351624734374
733032.0 0.563001136835035
763158.0 0.3699361853096208
712461.0 0.49817531749504873
717792.0 0.5893309275516188
685023.0 0.5109944836020069
731403.0 0.4991715065728158
700974.0 0.6597409175072899
651642.0 0.539434618805512
647310.0 0.653540393553511
666438.0 0.5242648100689874
678003.0 0.4481348900211634
698961.0 0.5588206949444748
764676.0 0.519995815007264
728202.0 0.5752816147061206
675168.0 0.5781302794013212
614412.0 0.7089870771944548
681447.0 0.6407026617492213
760578.0 0.4019401878743731
695979.0 0.5481900549190024
780114.0 0.5556504058974441
702246.0 0.5568136097165411
662136.0 0.5557424760494688
624186.0 0.572991036901909
645777.0 0.5819589255402539
674568.0 0.7296744620653525
695862.0 0.5858978934082733
632115.0 0.5407664469482645
718275.0 0.5407631455588068
735159.0 0.5403970702326623
660885.0 0.5849080909127491
767235.0 0.5234876642131835
665583.0 0.6346642806549748
692319.0 0.5563292863150238
695295.0 0.6093522696661722
647919.0 0.6893169163433257
725523.0 0.48542544632118584
682467.0 0.5239994766361328
626220.0 0.6204207782700039
650070.0 0.7104690933593056
631410.0 0.6809891962392802
711945.0 0.5589881058101182
692775.0 0.6232423535083856
732717.0 0.5455652446902027
710664.0 0.4882300228685926
826536.0 0.46665639762576855
659937.0 0.7170894636910123
674538.0 0.5211705627887836
725058.0 0.4953684344149432
636339.0 0.6627927392068726
708510.0 0.4808784702545194
710634.0 0.5098751526671494
663327.0 0.6436730411868153
685587.0 0.569354605797238
709245.0 0.5272049037851139
724920.0 0.5504539702380896
686601.0 0.5904529060663829
671010.0 0.5910530879195317
655650.0 0.6120362702956355
692313.0 0.6012255630337752
710964.0 0.5337063876418744
663690.0 0.5593923287632123
678081.0 0.5633465698362644
659088.0 0.6468969491732683
755238.0 0.5139599504264662
751167.0 0.5220799820120597
645249.0 0.6961539154107094
707364.0 0.542941775965199
738999.0 0.5238140354877685
662814.0 0.5498060378747088
751161.0 0.45088055302055574
705090.0 0.518564715524265
713688.0 0.4650045173916587
654783.0 0.5577401875716701
746127.0 0.5329183463810375
780336.0 0.5319071025442021
751713.0 0.4695276026093938
703626.0 0.39598928751285484
702015.0 0.4818379343103031
679077.0 0.6035068713273516
678774.0 0.5434563643251082
693657.0 0.5958460224229458
712056.0 0.48199895210235477
671943.0 0.5496162966036249
745284.0 0.4642385497241477
720972.0 0.48652904992297
693639.0 0.7047131418147301
673377.0 0.5259460048850708
691815.0 0.558987635683839
710553.0 0.5151101962393327
660258.0 0.48680256089676377
761415.0 0.420319806953578
705177.0 0.5618131935985101
709197.0 0.5111217725610939
749157.0 0.43222073620155693
701241.0 0.4566850963104306
695406.0 0.5703586252728126
636792.0 0.678535658840763
741567.0 0.36951887929285426
633663.0 0.6533538146525282
657627.0 0.600876841905781
728610.0 0.5327519014777528
681120.0 0.5822805590232798
662601.0 0.5652896933469451
612570.0 0.6614363636570922
734421.0 0.5592665469257565
663834.0 0.6175408330600969
657504.0 0.595342299649532
670098.0 0.6111996137403131
690063.0 0.6060101864318295
774276.0 0.3976294655174698
724071.0 0.5752147008737493
702498.0 0.5085765009253053
679977.0 0.6068628578384871
755499.0 0.490354323886787
740793.0 0.4049138701637783
766617.0 0.5362081460017452
712029.0 0.5430134542534583
675054.0 0.6016860584998674
738177.0 0.47949858095537473
669093.0 0.5412458982118901
698802.0 0.5754296240787661
763401.0 0.4827233313403013
757404.0 0.5200307435152645
744744.0 0.4901379046540315
729243.0 0.5918077019672044
629097.0 0.6281228229063569
671595.0 0.5513060405901485
690132.0 0.5309707305459093
665880.0 0.5880658753582769
685590.0 0.6680679972657821
726144.0 0.6178515780973975
654393.0 0.6217935741417705
643854.0 0.719930748039902
695568.0 0.4610678449603933
682425.0 0.674636144464446
690888.0 0.48178368962872736
732534.0 0.5957777333265866
687804.0 0.5929747924661181
655893.0 0.7108229009009194
659238.0 0.6799678979318512
772626.0 0.41942698397436345
709089.0 0.5650944834818256
651822.0 0.6198350233595807
727584.0 0.4242696001992614
743955.0 0.517660474716753
664032.0 0.5741776239840234
689385.0 0.6016519706393835
657570.0 0.5720560048177142
626796.0 0.6050454734848887
689811.0 0.5248379408069413
642363.0 0.5801202004533506
673977.0 0.6018712189800539
658941.0 0.6790546434398687
714591.0 0.6028321184638079
731571.0 0.5468087891043608
684021.0 0.5049133734867524
662955.0 0.49008560485558417
685836.0 0.63764750656342
606954.0 0.6654162256780792
662748.0 0.5500419619748825
744342.0 0.49566325467518885
641811.0 0.4879668788987903
698910.0 0.6595941224198779
773727.0 0.4523597165045045
727953.0 0.4971107543860845
724446.0 0.583282694496105
661875.0 0.6793182785982136
652962.0 0.663545898898326
655806.0 0.6567793318677936
677181.0 0.6227389398045771
677781.0 0.5894152877657324
711222.0 0.390277446108696
730398.0 0.5883105604774385
672060.0 0.6281727529606047
717993.0 0.5176549151584778
708690.0 0.49172764425110915
659946.0 0.46615318196698874
729027.0 0.5184437113431277
683583.0 0.6102423990606148
662052.0 0.6547837264162542
708249.0 0.5749293343894836
663060.0 0.7076695390866629
698700.0 0.4734511215655306
655326.0 0.6210540654533003
692904.0 0.5397445226047252
694290.0 0.6062196640566162
648651.0 0.6585425558901976
767559.0 0.5023977058261296
707160.0 0.37972011486249796
740925.0 0.5362409082776904
648312.0 0.6114861665688146
677217.0 0.6179960441657996
629844.0 0.6274266127654429
689520.0 0.6074810428545543
761652.0 0.4021063136106754
718008.0 0.4852387027858306
689997.0 0.5910489210079097
626916.0 0.7064435416087275
685752.0 0.4685217048778181
707619.0 0.5949399357406415
708345.0 0.6659377067720754
673080.0 0.556017869462353
628179.0 0.6005115883441509
668367.0 0.5575190242327894
674721.0 0.5559901307941374
652929.0 0.5192646813609011
725415.0 0.5494729764251011
662154.0 0.5764742283772034
716403.0 0.558715280111213
645486.0 0.6110659813920667
723648.0 0.4600310257722425
751932.0 0.5623949231472795
653163.0 0.5846066466467011
651645.0 0.5976136062203117
618486.0 0.687270881952341
699789.0 0.4367817123018277
682467.0 0.5264211938744567
714546.0 0.5352756854811614
659856.0 0.7224772689474548
707331.0 0.5817998209407401
665853.0 0.5219065261317722
731289.0 0.5559303018013918
741357.0 0.5192529474868975
634203.0 0.6316637876176964
689130.0 0.615121392939527
662247.0 0.6475237377749434
696897.0 0.60912787496155
680979.0 0.5327327881973818
717045.0 0.4923121866750325
644196.0 0.4499142273589173
736935.0 0.444859965776894
746463.0 0.5904534456082247
685722.0 0.4870582068239197
687417.0 0.5877083237651406
669837.0 0.6428068888659327
674253.0 0.4598261745411408
693411.0 0.6181630498728432
683253.0 0.6537205015044861
735933.0 0.3210226873568876
707178.0 0.6542188354751335
676137.0 0.5459529176724979
679587.0 0.6379122283768696
706212.0 0.654479383977487
685749.0 0.7249742936254775
623667.0 0.6720411023368348
680334.0 0.5472079478499633
676998.0 0.5368166727671221
710232.0 0.5560190101083213
706917.0 0.4585627887207485
643881.0 0.6318270192082509
655095.0 0.6581523749352836
683418.0 0.6604867715050581
703905.0 0.6007015930404697
745080.0 0.5588800933657309
738012.0 0.5422021862675162
693480.0 0.4557362113610748
626958.0 0.6299805191623079
682038.0 0.629701376271724
750489.0 0.47715803415843394
639363.0 0.45963019508105235
754437.0 0.5776804558687881
684498.0 0.4683860231598143
683589.0 0.5980372614935566
663573.0 0.525158362531645
700611.0 0.557225342620995
723933.0 0.48403962631269887
629187.0 0.6370619582578788
750576.0 0.404968190562845
624285.0 0.6712227848568056
746049.0 0.5783305714467459
662838.0 0.7000460211579046
681489.0 0.7062399600035565
712974.0 0.6771270403971152
656058.0 0.7242369678574243
696465.0 0.45292590236168373
676899.0 0.5290591750239441
619908.0 0.7086131113667208
623616.0 0.5572670385828603
686334.0 0.5266488363233954
704418.0 0.5780898160030595
671031.0 0.6114732855240727
702162.0 0.5084148880842079
672426.0 0.4818265718712422
727191.0 0.5366912292229764
692694.0 0.4831753854764259
622848.0 0.5434395926333369
695796.0 0.533763130081241
682197.0 0.6203227536146722
724269.0 0.7069792159407821
652638.0 0.6001522719220468
689478.0 0.5095677493126678
641016.0 0.552996189080144
647295.0 0.714984354627878
685365.0 0.570835385200924
669756.0 0.5240125957937456
688599.0 0.5765258024499349
710355.0 0.5502572973839719
666516.0 0.5654920768135275
692481.0 0.5479389242455753
657720.0 0.52264295785323
692079.0 0.624907227595004
718257.0 0.503760261548506
699222.0 0.5113512104135204
766512.0 0.3543957427449107
681051.0 0.4804196891093201
659601.0 0.5737939975357403
677604.0 0.4909511655614053
654615.0 0.5413894315455374
690018.0 0.5344307454486454
638511.0 0.5680593396373755
683589.0 0.48987501299014535
735552.0 0.45911257084247564
723945.0 0.5665040819382536
738654.0 0.4523623709917967
695505.0 0.5413244926100096
676053.0 0.6407354498186969
654150.0 0.5499305477358073
645324.0 0.6594153122111813
720837.0 0.5939606084807219
664953.0 0.566463766699722
728514.0 0.45184170181506905
666852.0 0.6744268557500027
773427.0 0.6302268663325806
690213.0 0.44190474588194567
666312.0 0.7378092503141581
702111.0 0.5709332980394948
664125.0 0.6538884079161885
623682.0 0.5585104843088078
670878.0 0.6825200542387692
653292.0 0.7303668756574361
718608.0 0.5337471702356008
717123.0 0.5729706362345595
648252.0 0.6472879163158217
690297.0 0.5279204112091487
653109.0 0.6089790786584242
627138.0 0.6491379501829072
802374.0 0.42872344300153603
682191.0 0.6060449837830932
674505.0 0.6328316448446877
665352.0 0.6938703477906213
657045.0 0.4882563448252348
714201.0 0.6674648513988863
702849.0 0.5110518882172973
680910.0 0.40124250884160445
698181.0 0.6729537892244752
684078.0 0.6210671548934714
701814.0 0.5603273238120455
705321.0 0.5567874957000568
683781.0 0.48882409176172253
690306.0 0.3724993867379853
687888.0 0.5060778213884425
699018.0 0.6092866448185084
629988.0 0.550999707140968
679587.0 0.5235251334589363
709074.0 0.5671871219544983
641823.0 0.5465769389766968
650634.0 0.6512969689908218
707349.0 0.5838675480521779
707793.0 0.7135718779949902
676572.0 0.46541756213176233
677979.0 0.595900649854277
651498.0 0.4829452612872745
638658.0 0.5287373326703729
635334.0 0.6555399133827414
757974.0 0.546347067736998
725022.0 0.5241671978573481
710283.0 0.39813391638210727
744483.0 0.584336487424675
723732.0 0.5309061795630285
695100.0 0.6666832920261154
607158.0 0.687854474179751
672891.0 0.5759600533504786
721728.0 0.5482115933652506
635913.0 0.708820635446746
664293.0 0.6086500076493847
658623.0 0.6959810390075746
624516.0 0.6509710633483916
757200.0 0.4696304623380032
677652.0 0.5430499749201465
658707.0 0.595271617727245
738720.0 0.6044780732176979
711129.0 0.4575750109348798
618990.0 0.5735289723774222
678066.0 0.6527246733683273
774207.0 0.39343408757336357
629964.0 0.6249710101576379
710643.0 0.48523951612938104
772023.0 0.5497169538709702
666588.0 0.5753495969446148
670017.0 0.6440747208489546
699822.0 0.5132629579170117
669933.0 0.7108236231802045
692730.0 0.6931854494993298
625065.0 0.7070165781633477
732912.0 0.39659492364534155
658407.0 0.5425751599026172
679989.0 0.5068516251382313
723630.0 0.6726311637445708
652185.0 0.5829383512182843
710658.0 0.5430235347572255
594771.0 0.6662378632794872
674199.0 0.4645326887555039
733095.0 0.3634860835159863
714360.0 0.6493159750290436
687345.0 0.5755381828584542
695058.0 0.5441431141028852
669822.0 0.6115402138574546
727134.0 0.5230472880232432
667764.0 0.667671467659731
729957.0 0.42619634395631356
724293.0 0.5452217571824317
703431.0 0.5039103223725516
688821.0 0.5451403719239325
723228.0 0.5527755870866009
725091.0 0.5209318148882454
764067.0 0.4525707457569269
725586.0 0.6922340855305809
727083.0 0.3755573219022103
623880.0 0.710230275586943
677028.0 0.46793459514667224
711624.0 0.42183868604341324
776967.0 0.4287906245839513
697314.0 0.5731912908578626
631335.0 0.629382046867531
692772.0 0.5640072639011205
706995.0 0.5077113500671169
681063.0 0.4468747932791881
727881.0 0.6713881674079332
691257.0 0.6447175455356473
730260.0 0.5397540680397136
601437.0 0.5443701735317124
737958.0 0.4400566078932351
683589.0 0.5741457707727771
692877.0 0.6442716956218079
632100.0 0.6126675340820953
696102.0 0.4290677389343492
689580.0 0.5771409965869271
660777.0 0.6128138839296541
722127.0 0.6096316373636765
688050.0 0.5725162540909474
730395.0 0.5853154132798554
744990.0 0.47459082563474836
659364.0 0.5387902429296901
689016.0 0.6400092636030476
682455.0 0.5778733389757718
624555.0 0.6332845671670947
731772.0 0.53432654828604
624312.0 0.6144188555959768
688173.0 0.5782392488032452
618372.0 0.4784701533913346
737268.0 0.4645008625073816
718152.0 0.5787134559708312
691875.0 0.5223003779806303
743163.0 0.48281945119670616
651870.0 0.6413210305131409
679308.0 0.6017215664992859
769377.0 0.49720420613353605
729462.0 0.626064483922152
686394.0 0.5270736168577845
717279.0 0.5197807845766089
630936.0 0.7027779376451415
645891.0 0.6039597596498011
694629.0 0.6657515300946771
699387.0 0.5248550647244579
690297.0 0.5716218570830274
717363.0 0.4998887052189481
762024.0 0.4723544357613198
706386.0 0.539007290276523
657324.0 0.6572634555544508
657594.0 0.615244232329034
661383.0 0.5098517003159228
653370.0 0.6197574268377688
743982.0 0.4655426622890658
684021.0 0.5331223265262891
698901.0 0.5276598223722302
672990.0 0.6274769621542162
678903.0 0.5387248075641894
674628.0 0.6395056220533982
650532.0 0.7578932372755842
680157.0 0.6288450216947306
729708.0 0.47179759910191604
717039.0 0.5748355429126497
677073.0 0.4983157613217944
761835.0 0.4051404377489525
660738.0 0.6438242242251306
662853.0 0.6675422401388352
703071.0 0.5135830242152081
749949.0 0.4308799260553756
639300.0 0.6266930474642921
702192.0 0.43840895863225576
700311.0 0.6197882568941163
708546.0 0.5377342809847259
693522.0 0.5936309015739651
679569.0 0.4989414107817791
717726.0 0.48529088971116024
675888.0 0.6685662871421834
684594.0 0.7016919324861204
711615.0 0.47479668482806237
736773.0 0.4456073337439619
683673.0 0.6657950238482472
673635.0 0.5830977493005456
630138.0 0.6676386529780343
720972.0 0.4905099821326021
648636.0 0.6604762072447243
667617.0 0.6251441672399436
779619.0 0.5019449021939983
653298.0 0.44731123782889953
672708.0 0.6357172669315901
772167.0 0.5388741802440995
680370.0 0.7134516147342482
701256.0 0.4728933054704764
668253.0 0.6289223070718603
691977.0 0.48135814338473254
637197.0 0.5395304299677707
711981.0 0.5473888651569709
677025.0 0.6031699439077209
699873.0 0.712844441241085
691686.0 0.4367218560285579
724437.0 0.586862913245955
644028.0 0.5802158836647902
713661.0 0.5853462233109351
716625.0 0.5460360023518078
674796.0 0.6649055402682144
713613.0 0.6106928111637504
724461.0 0.6151271920495718
631200.0 0.5906936048415761
684078.0 0.5606216661054892
614247.0 0.7376545506818722
719052.0 0.4984652838355079
643335.0 0.5309812371976929
663486.0 0.5794044548390584
681534.0 0.6287571973070093
675330.0 0.6368513969554837
674685.0 0.6158752305596268
699852.0 0.62619493023455
682482.0 0.6367186469786174
648669.0 0.6622302580406989
684612.0 0.4628126429221626
673686.0 0.5496982465901714
739809.0 0.43022155887794544
730728.0 0.5626127654082197
709923.0 0.6385553359411302
684042.0 0.5461079509869271
691020.0 0.5299461781633904
716064.0 0.39198887228379087
686307.0 0.5639943052180831
719733.0 0.4495927692178642
654270.0 0.6313076275864572
660162.0 0.6318062234879555
654825.0 0.6169200236538808
698181.0 0.5645826790723416
669249.0 0.57252046860103
643728.0 0.5468267443362983
698445.0 0.42760988575767556
609189.0 0.6246400233874959
670473.0 0.6564861720780644
713676.0 0.5618632664840423
706599.0 0.4828826478652998
705024.0 0.5661007142370459
655713.0 0.6390280969559953
648303.0 0.6107578631311381
715860.0 0.6753366256476885
672075.0 0.5190310059708116
626664.0 0.6638561937664362
649872.0 0.47312886390581593
788871.0 0.4535032325949696
689061.0 0.4178008710309469
703629.0 0.5538866955835059
661872.0 0.6548491364898406
692631.0 0.6019925311944797
684327.0 0.45628561080615126
710043.0 0.4180509983604612
662757.0 0.632233403116523
763974.0 0.39730668080422904
648897.0 0.6770218306431424
748668.0 0.49257491905199297
684813.0 0.5887551185647234
654168.0 0.6049147993901378
735105.0 0.5189653609434981
662034.0 0.44987225212740534
660180.0 0.5566547293956258
627963.0 0.720827870610309
754509.0 0.6229779519247951
700338.0 0.6108665898249058
667638.0 0.6435259904467825
741795.0 0.4208382534105972
704901.0 0.4885421830984873
750510.0 0.4451808144074473
724896.0 0.35348659038508023
737949.0 0.5159234897504221
754986.0 0.5412151694498265
659409.0 0.6441183737471227
682293.0 0.5573163121384208
717378.0 0.4965386757487372
785619.0 0.563752193988905
722325.0 0.4454408034570859
646041.0 0.5945226079483098
707067.0 0.5234996920751146
675942.0 0.4966780476841771
594576.0 0.6004394936479189
670764.0 0.5888152703912325
641175.0 0.5926307578939999
634713.0 0.8464537096043575
691239.0 0.5787328000204107
698127.0 0.5041780478645199
754149.0 0.5822063954981438
700719.0 0.5869617151530696
704400.0 0.5324100411621915
634164.0 0.6140253080871202
644322.0 0.6726908496266024
707511.0 0.5472320597706312
673749.0 0.5763445677166085
685941.0 0.5284363449691689
621291.0 0.5721222856726605
729528.0 0.5241906735717314
641115.0 0.650537180006218
661971.0 0.5484641509339209
667707.0 0.5371274976625591
691071.0 0.6378574496161536
754341.0 0.44952323098400643
747552.0 0.3923395072775879
686832.0 0.4954358719680855
679317.0 0.6498793609515267
758013.0 0.524912825234383
753324.0 0.38287289007255776
666816.0 0.5727387833107976
683817.0 0.6064487588065421
725688.0 0.5906744461810046
689169.0 0.5361625403327351
654339.0 0.6440922158760235
713694.0 0.6026856333677079
701415.0 0.5663140157444939
735171.0 0.5885368061079832
710484.0 0.6030456421910985
752919.0 0.46115615244506014
735780.0 0.5442109375467321
678141.0 0.5739602341120283
730695.0 0.5736953616187614
726543.0 0.5601850250080999
664536.0 0.6260900747431283
732552.0 0.4543698569106831
685923.0 0.4672196490831299
661458.0 0.6214863263783863
671211.0 0.5009454623910049
653853.0 0.5175814652764111
689793.0 0.48934569150028234
681282.0 0.6255143464462167
669288.0 0.6070411572722038
640425.0 0.635134665995539
617151.0 0.5977003947853213
721392.0 0.46328417545494355
695037.0 0.5680101771285126
709230.0 0.705602698814209
681555.0 0.5809114465076788
634632.0 0.7453288292819131
708186.0 0.5165503047864876
711744.0 0.6855774895356435
636330.0 0.7429574934265625
741702.0 0.33030189528139786
657933.0 0.6204676484152748
740043.0 0.5182419492509758
704163.0 0.553779127435619
695946.0 0.5368215844818504
676284.0 0.5773158919901155
687150.0 0.6904780722115124
694113.0 0.4541801442154778
760350.0 0.5589532315661278
708795.0 0.4768551439471631
690171.0 0.45186796960291675
628416.0 0.5569642147353695
660501.0 0.6723574043753521
694746.0 0.49208908661532663
700026.0 0.45208643104994667
647754.0 0.5791588527367727
638064.0 0.7083790395996191
732495.0 0.5129224791032232
734760.0 0.5894983420701523
710832.0 0.44627228635170113
705150.0 0.5518544622588972
678012.0 0.6634443408790812
710055.0 0.4227194261763649
642510.0 0.5880835139057916
720657.0 0.6076193158292614
701778.0 0.5090624586362565
719322.0 0.3895354930943219
659727.0 0.5564603311598153
662826.0 0.6137481491622975
689058.0 0.6489335248230902
692766.0 0.6088623084204494
679236.0 0.49918220331591
666924.0 0.5257355829153951
685239.0 0.5956703787169548
696351.0 0.6659932934123255
737208.0 0.49860442659456994
684426.0 0.6712700285056177
619230.0 0.578992233093283
701349.0 0.453118078704233
728190.0 0.5430256267065375
699894.0 0.5563711117763211
650733.0 0.5020958269418954
720204.0 0.5912248555133461
721077.0 0.47825926744459707
708771.0 0.551052296878236
703872.0 0.4303993056587821
731094.0 0.594312673321883
682263.0 0.558813811198062
628425.0 0.7041451648392116
694986.0 0.6056252858661474
677301.0 0.6121762990271544
727770.0 0.5242514170793106
695784.0 0.6442757587113136
721686.0 0.5553692416358242
697365.0 0.6147198247103735
673746.0 0.7026058628661609
704955.0 0.4870244242787771
643653.0 0.6633137076421929
628113.0 0.6114646520652027
690609.0 0.4946933952368525
683289.0 0.5931526326999806
688941.0 0.4790494432881578
705171.0 0.5555515293660988
701223.0 0.41755659315051324
709353.0 0.5039280377767765
664140.0 0.6565186866687507
636126.0 0.6849555400704089
710973.0 0.6441582119805364
636552.0 0.6031370539760347
650061.0 0.5746505022517809
768315.0 0.5300828915933514
684705.0 0.6885490118371904
678216.0 0.5263243523569328
682200.0 0.6615323762265483
600036.0 0.8210465401658888
678891.0 0.638856491721811
651288.0 0.5290250550088124
679074.0 0.5767510822623274
671175.0 0.5088955728535605
691113.0 0.32791357983943514
722478.0 0.542552359949246
700752.0 0.5406612921223953
707145.0 0.46110451491681315
736821.0 0.5587651006970341
675273.0 0.6380318680948012
643191.0 0.6410365396215546
741072.0 0.4379413434719523
718374.0 0.5410333979459632
737472.0 0.40228593021190734
702222.0 0.6225190136409828
688542.0 0.49040631290466735
700737.0 0.6039214682318211
656943.0 0.6176863279018079
717186.0 0.4460017041827515
663321.0 0.6034687540426098
713541.0 0.49261097650466784
720762.0 0.5947223786628152
737184.0 0.4934249834516969
731436.0 0.46805562741747936
690171.0 0.4825474583214686
688557.0 0.6678791740369285
660642.0 0.5860998656582908
676794.0 0.567491788748474
747780.0 0.5282810236321949
766245.0 0.5299123430937747
674427.0 0.6052217983211778
647580.0 0.6115568518218971
623532.0 0.70614628759803
753720.0 0.4966064669643967
755643.0 0.5249233590456573
730536.0 0.5248495096770149
687084.0 0.602261275665342
673314.0 0.6279337589861481
718092.0 0.5657198033479968
684897.0 0.5166525039498648
734925.0 0.5282405666152191
616467.0 0.612480452537495
750774.0 0.5743407787063741
661683.0 0.588648191898433
673812.0 0.5977872266781457
699303.0 0.5514323484930067
658275.0 0.5768347427700746
674286.0 0.6179659213703492
673887.0 0.544936296513991
616200.0 0.6029475009754335
695073.0 0.4618566097364999
689457.0 0.5395850441968815
647646.0 0.5811239150234371
691092.0 0.6323513839363135
715590.0 0.45123657286268504
651465.0 0.771135755046147
695001.0 0.5958721682887714
676374.0 0.5583095056726182
720261.0 0.5586734833379632
757728.0 0.5261673394049488
650709.0 0.6397970510097889
718005.0 0.5028968252910139
668796.0 0.6513775326333547
691722.0 0.553755399804054
658146.0 0.5741565276641455
715803.0 0.5530180159910527
740328.0 0.48904789764396894
681183.0 0.617531582051716
671475.0 0.5614409198261323
680304.0 0.4754150707228956
709350.0 0.3574572739454711
673380.0 0.4432771189846755
691440.0 0.35596588893678816
688083.0 0.5703267265444032
764019.0 0.48611726017234524
676869.0 0.5521658466785728
703086.0 0.3974538280702493
692175.0 0.5571455741714939
668175.0 0.5425456585130809
651336.0 0.6688536653961775
687504.0 0.43958872321280534
692550.0 0.4932538498189116
709026.0 0.4315897996064605
597036.0 0.6477687723487486
690249.0 0.5295404432312327
674811.0 0.5652038201424294
726564.0 0.5278012133114542
642087.0 0.7363732116240156
671067.0 0.45870134299952353
752139.0 0.49545963470055887
622257.0 0.6723625356648579
727158.0 0.5020040105928302
611442.0 0.7648533760265062
678498.0 0.5528593377606743
659397.0 0.5526236910623418
638367.0 0.6712943096510924
690186.0 0.5719218516571793
718065.0 0.5554840435424094
676365.0 0.5704743642714114
727965.0 0.5670818919770826
646992.0 0.5808519889126409
657708.0 0.625616126058622
660537.0 0.6454845503789681
650562.0 0.5536096200655798
714738.0 0.5417129244730482
660609.0 0.4728760246481582
695946.0 0.5117216448406918
724479.0 0.6408272561605382
652035.0 0.7272354053962361
618468.0 0.5958426551655165
724788.0 0.48547556697043764
681480.0 0.5631695398116014
687306.0 0.49177858165080046
602145.0 0.8018818753040743
670914.0 0.7015375874255108
658530.0 0.6169591678295818
738903.0 0.5096257981023898
685239.0 0.5682981196813996
693630.0 0.5462959798937376
752580.0 0.5326855458864954
709260.0 0.6501860175642885
709149.0 0.537460854326889
672321.0 0.5150257852886384
723867.0 0.5007001012392006
631218.0 0.6457933471823178
667431.0 0.6649525053702571
711246.0 0.5050489306319397
670419.0 0.697618061560426
717033.0 0.671628196633471
663252.0 0.5152180779558293
667719.0 0.6185850916422265
757194.0 0.48409596240032615
681264.0 0.5816259863930326
686706.0 0.5597531722452033
663828.0 0.6688197051905682
732258.0 0.5846806636436567
666936.0 0.6741745111548871
716067.0 0.5471760407280306
798015.0 0.5462306472895445
671112.0 0.6148270173528461
681459.0 0.664914793143374
654006.0 0.7205107996409175
703104.0 0.43699989108367937
737256.0 0.508010680553538
623931.0 0.5539103867075934
718029.0 0.6496483410256646
703425.0 0.5029532171706911
689328.0 0.5597489707424218
618456.0 0.6413446201641281
652449.0 0.5680842937433205
704838.0 0.6166468590062607
734223.0 0.6183800115682171
659856.0 0.535267675612577
714129.0 0.589302309057747
756480.0 0.3749946390958221
697329.0 0.48504671558015977
691860.0 0.6151908446470907
629994.0 0.5467193983723907
696354.0 0.5720585594317984
622647.0 0.7475558212294798
695490.0 0.5180703092815789
705849.0 0.47411657524565687
635601.0 0.6350398228251992
712230.0 0.4151329470048193
657342.0 0.70146496200098
684228.0 0.5520623368772742
765978.0 0.42224471510012346
673149.0 0.65659626209656
635871.0 0.5700251710317131
716808.0 0.5151049573091291
660387.0 0.6116546982608847
756726.0 0.479856842339157
659490.0 0.585544123882798
686019.0 0.6399600152385133
622275.0 0.5550568132490552
745524.0 0.5517510956576933
695880.0 0.5484613191637107
665082.0 0.6395824180238912
672843.0 0.6513471290898379
699765.0 0.5768991396179612
714933.0 0.49092503468342363
673713.0 0.6823460706172746
669429.0 0.6486319129203029
753594.0 0.6326734274005085
698958.0 0.6361817120010584
768093.0 0.6388948652483082
677553.0 0.563274685858463
772140.0 0.5585116652210831
674952.0 0.6296677057563282
724875.0 0.5520373541244243
670542.0 0.7379440174758062
698286.0 0.6769715743588764
708399.0 0.6102995102010075
769623.0 0.484067794314171
713529.0 0.45367973982461507
658815.0 0.6460630365170823
673392.0 0.6122102348585343
686223.0 0.573418720327588
552546.0 0.7294169004330641
596544.0 0.6847764939588086
687273.0 0.4729712554978239
622629.0 0.7481000701753117
618813.0 0.6734311157178064
701517.0 0.6161794041520412
708072.0 0.4951405118287542
