461457.0 0.6949426093570094
461457.0 0.8690017323957163
461457.0 0.8308241484823424
461457.0 0.7611203929438765
461457.0 0.8506141977520087
461673.0 0.8900937516898518
461673.0 0.7866751624248068
461673.0 0.8316663533268165
461673.0 0.8456040516041408
461673.0 0.834553579550086
461673.0 0.6952126314763566
462117.0 0.8456302100316802
462117.0 0.8318365335845048
462165.0 0.8759903278102743
462165.0 0.8797388235264014
462165.0 0.8613235865711614
462165.0 0.8578811561685494
462165.0 0.83817063409051
462165.0 0.6967124371734965
462165.0 0.8342280626791884
462381.0 0.8322038838695287
462381.0 0.8098399042155329
462381.0 0.8123705002622567
462381.0 0.7085530061273463
462381.0 0.8518834979043287
462381.0 0.8542065765073723
462381.0 0.8259707297598792
462381.0 0.8839912095172223
462381.0 0.8450663508515334
462381.0 0.851983245886333
462381.0 0.826047763591674
462381.0 0.8595743643567236
462381.0 0.8297172354470183
462381.0 0.8380017165797186
462381.0 0.881189771947609
462381.0 0.8235638380315777
465453.0 0.8035279370626254
465849.0 0.872945055160696
465849.0 0.8182916765226467
465849.0 0.8030499816540895
465849.0 0.8216024345301325
465849.0 0.7815159415464638
465849.0 0.7926958168768863
465849.0 0.7942928733423118
465849.0 0.8592250718007614
465849.0 0.8159464855116808
465849.0 0.8183534669763087
465849.0 0.6632568874700194
465849.0 0.7625701508288124
465849.0 0.8237375789959435
465849.0 0.7837788860914172
465849.0 0.7749889414060278
465849.0 0.9152325321342255
465849.0 0.8004216120872708
465849.0 0.7783067518485601
465849.0 0.8409710668875633
465849.0 0.7737634648049077
465849.0 0.819294168479892
465849.0 0.8035347408352369
465849.0 0.8046372238610234
465849.0 0.8334117350111326
465849.0 0.7995712579488519
465849.0 0.7810471017816032
465849.0 0.856244524217645
465849.0 0.7675741791563941
465849.0 0.8403906496847352
465873.0 0.8003615174862599
466017.0 0.739090637956933
466218.0 0.9115791805118907
466317.0 0.7995832237079922
466938.0 0.818238943926329
467553.0 0.8040538940300309
468927.0 0.8043627649127325
469521.0 0.7306372360453147
469521.0 0.7837011581842579
469521.0 0.8412675761404312
469521.0 0.7695312880027696
469575.0 0.7931614955896368
469773.0 0.81566744999557
469929.0 0.8222793840994983
469929.0 0.8241605571097538
469929.0 0.82806659123575
469929.0 0.8024333040428273
469929.0 0.8023389280134636
469929.0 0.7699915325581469
469929.0 0.8191008167162869
469929.0 0.8695878554302119
469929.0 0.7500878729966753
469929.0 0.808603462446045
469929.0 0.7661837718272059
469929.0 0.8161749862307763
469929.0 0.7766066661754661
469929.0 0.8000157853359496
469929.0 0.7801954213428018
469929.0 0.8487358500924518
469929.0 0.7799381942788154
469929.0 0.8731347874973715
469929.0 0.8308908111166815
469929.0 0.7741283834520208
469929.0 0.7875238107902038
469929.0 0.8205525013509016
469929.0 0.638622565279599
469929.0 0.8276332990472259
469929.0 0.8281423182459124
469929.0 0.8293648574890438
469929.0 0.7969649683956873
469929.0 0.8180149226437915
469929.0 0.8190924399852835
469929.0 0.7988458344049508
470154.0 0.7719839534198345
470154.0 0.8279198300203328
470154.0 0.7894892176890411
470355.0 0.8084634795256208
470361.0 0.7939910812627173
470445.0 0.7747014350102904
470451.0 0.8765110487932496
470994.0 0.8207537188107513
471876.0 0.8386854713400066
471876.0 0.8240803398573309
471876.0 0.8102830368586034
471876.0 0.7914169211863548
471876.0 0.8213321323753101
471876.0 0.6685402943108535
471876.0 0.8278493121962156
472056.0 0.7742117062734607
472509.0 0.8167699561021935
473706.0 0.7918804894189468
473811.0 0.7946280281482302
474009.0 0.7940713147692885
474093.0 0.7959848581852037
474105.0 0.807325373992808
474150.0 0.7449702387097517
474159.0 0.8305592149055212
474561.0 0.8615803151345282
474561.0 0.8792817286232717
474561.0 0.6799817754228569
475119.0 0.779715049251956
475788.0 0.8289524431232294
475881.0 0.829098272027057
475935.0 0.8111022704716546
475968.0 0.7720156148591789
476502.0 0.7701911042908074
477795.0 0.7749842655655633
477801.0 0.8058950046778824
477801.0 0.7541660303460941
477807.0 0.7971707852025071
477861.0 0.8409054068124683
478332.0 0.7848538238489053
479133.0 0.8361459026999745
479133.0 0.7753647820871519
480084.0 0.6777995700134988
480246.0 0.7425024697674667
480480.0 0.7918519921783476
480480.0 0.7933194257001588
480480.0 0.6570384254300136
480480.0 0.8140384819477435
480696.0 0.8391785490031847
481437.0 0.7974705670310035
481779.0 0.753434478967822
482217.0 0.8508838989498153
482253.0 0.8100984961756416
482403.0 0.7789667924484633
483084.0 0.6759917067633935
483285.0 0.7827243065069945
483477.0 0.794200449122816
483738.0 0.7600499957862914
483738.0 0.7970570438796688
484095.0 0.8273826349683454
484662.0 0.8781823815356695
484806.0 0.8444581488185838
485025.0 0.8287028328790167
485025.0 0.7647801326067467
485685.0 0.7418534885009271
485772.0 0.8305306590199106
486006.0 0.83353745378915
486249.0 0.8154694687404715
486570.0 0.7941640100733469
486636.0 0.7730985362240219
486981.0 0.8455621904898909
487164.0 0.8988233683373212
487266.0 0.6280189656108708
487710.0 0.8963431633639137
487710.0 0.706835791225326
487710.0 0.7704691525153763
488028.0 0.8267521582047291
488028.0 0.8289169639855739
488058.0 0.8079493028080785
488064.0 0.7289180218286481
488100.0 0.7616799887063609
488490.0 0.7724971893542604
488637.0 0.7461008635358064
488883.0 0.759955500937889
489192.0 0.8142963889943735
490179.0 0.7177914791857687
490557.0 0.7355059988862525
490641.0 0.8729322246796047
490713.0 0.8377183075801772
490716.0 0.7914342392348422
490797.0 0.7980624970755612
490905.0 0.8022749296402281
490905.0 0.853430049546133
491187.0 0.7637520220160416
491247.0 0.7877790005761217
491562.0 0.872954445808699
491562.0 0.8496232268643193
491571.0 0.7882166730407705
491673.0 0.8014264386283664
491859.0 0.8243893463534403
492288.0 0.839725247740182
492450.0 0.87644534785491
492882.0 0.7958222452453845
493386.0 0.807835540787003
493428.0 0.759707828525728
493602.0 0.7891172391952784
493602.0 0.8249387346026825
494046.0 0.7882603570472829
494046.0 0.8451119254973701
494919.0 0.7531049327682016
495222.0 0.7994058566360587
495225.0 0.8201738272501303
495336.0 0.7519640379345147
495384.0 0.7426225042197062
495480.0 0.8575676272216672
495531.0 0.8272961069294834
495558.0 0.8089811559624894
495777.0 0.8618302466756799
495780.0 0.9177721453360921
495780.0 0.8029222805737833
495780.0 0.8506514306438028
495780.0 0.820779761001818
495780.0 0.8559961868875406
495780.0 0.8380308342685711
495780.0 0.8035417571046257
495780.0 0.8220368028937945
495780.0 0.8583907964931228
495780.0 0.7936782801427241
495780.0 0.8426527765359245
495780.0 0.8526216926492683
495954.0 0.9027979560345222
495954.0 0.8657842384918759
495954.0 0.9187168796766723
495954.0 0.7103272580292761
495954.0 0.9026585493297165
495954.0 0.8844615055278067
495954.0 0.8564077069919566
495954.0 0.8701723446667439
495954.0 0.8100699296263659
495954.0 0.8772270420905245
495954.0 0.8774747212883834
495954.0 0.8828267960639616
495954.0 0.8344378895162793
496839.0 0.7583261398374069
497331.0 0.7824362238297977
498987.0 0.8473803563472971
499008.0 0.8251224159405024
499077.0 0.7731145634107291
499149.0 0.8363707778622301
499161.0 0.8263862960214458
500109.0 0.7917917870529815
501150.0 0.7786944538581921
501717.0 0.860582525580648
502797.0 0.7874048366395896
503175.0 0.9063146988854466
503517.0 0.7428545568006233
503628.0 0.7893447139645554
503646.0 0.8220732261876307
503820.0 0.8326386815873974
503958.0 0.9192719567613052
504009.0 0.8398277555251976
505422.0 0.8109328945771284
505554.0 0.6993202134547929
506823.0 0.8530785737970518
507351.0 0.7755270447982944
507483.0 0.7467918580927004
508095.0 0.8555866166247689
508095.0 0.8415256394170927
508095.0 0.8558477174479164
508095.0 0.8515103847814165
508095.0 0.9132936728851774
508095.0 0.8651111241389609
508095.0 0.8415104381655313
508095.0 0.7006647349975625
508095.0 0.8269441185592231
508095.0 0.8361883610640634
508095.0 0.832539666220769
508095.0 0.8660953446104971
508095.0 0.7988727444623056
508095.0 0.8609758636044093
508095.0 0.8584786481614721
508095.0 0.8243390016558656
508095.0 0.8528943114487001
508095.0 0.8266336343626396
508158.0 0.8807209643660856
508434.0 0.7812869140931467
508494.0 0.8861467503218804
508671.0 0.8565626913299922
508995.0 0.8109753230466075
509661.0 0.7197191454735796
510513.0 0.7409335904826689
510699.0 0.7247454795882007
510723.0 0.7212352925676213
512385.0 0.8122744680957955
512385.0 0.6856167068602513
512412.0 0.858256183161634
512646.0 0.8786781964115474
514029.0 0.8940009010220318
514497.0 0.8222864412097244
514497.0 0.7998670652308397
514497.0 0.653526505412676
514497.0 0.8380365962242594
514497.0 0.8367680281628628
514497.0 0.8412986777025124
514497.0 0.8469410391857836
514497.0 0.8604398227692374
514659.0 0.864700131209457
515346.0 0.8255902371241644
517272.0 0.7900592514552361
517848.0 0.7401139235253489
518085.0 0.8164344339008982
518085.0 0.7800942022481776
518085.0 0.8047761947595288
518085.0 0.8805255096786375
518085.0 0.8318710345677601
518085.0 0.7526383802478447
518085.0 0.6753036620274722
518085.0 0.8046797532771068
518085.0 0.7558001923583908
518085.0 0.8429319681912392
518085.0 0.8248231771914819
518085.0 0.8103069440049943
518085.0 0.7978548761297662
518085.0 0.7872476310672746
518193.0 0.6754311180679875
518193.0 0.8155567338195905
518193.0 0.7839011563013242
518193.0 0.8333435178058115
518193.0 0.8096055997917967
518193.0 0.7990172904734621
518193.0 0.8270129219386184
518193.0 0.797152686805154
518193.0 0.8408092991513154
518193.0 0.8153933151925344
518193.0 0.7925706445269757
518193.0 0.7972556822455145
518193.0 0.8107827237191926
518193.0 0.7972977205185279
518226.0 0.750314949673344
518229.0 0.8218472008662789
518727.0 0.7495705742445513
518748.0 0.8003231253971438
520005.0 0.8544307302320391
520287.0 0.8729442676673735
520818.0 0.8070809723890379
520866.0 0.8318771395179122
521031.0 0.7588859293333319
522045.0 0.8276308409155231
522078.0 0.8256356935817003
522078.0 0.7982829895649107
522123.0 0.7770726322233494
522123.0 0.8102918638071507
522123.0 0.8044308984558397
522123.0 0.6187288791525772
522123.0 0.7276703901124156
522129.0 0.7931420535725101
522129.0 0.804464364924992
522129.0 0.8061338298390606
522129.0 0.6698813449952392
522555.0 0.7968131109742438
522921.0 0.6843089507041199
523050.0 0.8276208079918072
523077.0 0.812175347284428
523182.0 0.7462627923730256
523929.0 0.7794842206109595
524370.0 0.7983629666995511
524616.0 0.8265673090435753
524619.0 0.8457288320405751
524928.0 0.7440309058177919
525783.0 0.8217019440177504
526059.0 0.8414057773888542
526059.0 0.7993386005477262
527166.0 0.7867896090819751
528189.0 0.6806116142965772
528189.0 0.8557832360571148
528189.0 0.7715860717590522
528450.0 0.7858496905524869
528576.0 0.7016950675818902
528711.0 0.6966878918994552
528801.0 0.8437241529735539
528909.0 0.8018110571521307
528909.0 0.8477697550065679
528909.0 0.8054779827646971
528909.0 0.654332031973497
528909.0 0.8110072579562203
528909.0 0.84377095480009
528909.0 0.7720841486758374
528909.0 0.8150159321723145
528909.0 0.8114638398421066
528909.0 0.8005703330687796
528909.0 0.8110736239106847
528909.0 0.7916892230538737
528909.0 0.7937766823543939
528909.0 0.7946174710890125
528909.0 0.8038706140707769
529236.0 0.7656965582763694
529563.0 0.7788680385828212
530154.0 0.8765993783462047
530241.0 0.7883023456228442
530385.0 0.8335990421568263
530430.0 0.7524072896847167
530778.0 0.8010500066066472
530925.0 0.7418490378461942
532185.0 0.8319783439388202
532185.0 0.8587941728489107
532401.0 0.7903854342147664
532500.0 0.7456354875684508
533406.0 0.7133193399417604
534549.0 0.7898010252208717
536148.0 0.7342999332681965
538230.0 0.7820889842740735
538461.0 0.8181931328413732
539100.0 0.8122287266898486
539154.0 0.5398098870417323
539622.0 0.7709662576716431
539676.0 0.8141504484019751
539676.0 0.6601347494056927
540495.0 0.8518530598266163
540576.0 0.8266256592174696
541494.0 0.8097442623771507
541671.0 0.7550916608402924
541671.0 0.8031630651572722
542226.0 0.6902588457808804
542226.0 0.7839166951767673
542262.0 0.7289226789671511
542262.0 0.5649984922823115
543297.0 0.7741934510288279
543873.0 0.7718493644151554
544356.0 0.7831409421009606
545142.0 0.8415240234485516
545745.0 0.9383432713406572
546492.0 0.6847360275427397
546519.0 0.7879620061540036
546678.0 0.7271404197428588
548838.0 0.7510799153910221
549543.0 0.7674265827556388
549888.0 0.8304878899428697
550029.0 0.7250419021667995
551022.0 0.7452395392395239
551550.0 0.7501402637627369
551820.0 0.8086857639172835
552348.0 0.7304528904028507
552546.0 0.5787584507390594
552546.0 0.700491235761152
552546.0 0.6410440366360123
554241.0 0.7980992134180199
554724.0 0.7483128637518119
555189.0 0.8171354672856969
556302.0 0.7203375087857732
558036.0 0.7801924034541983
558447.0 0.7080241831836425
559956.0 0.7177689568530403
560592.0 0.6675942297879531
562569.0 0.7221033669144166
562602.0 0.6612281787171076
566295.0 0.6604217213536863
567249.0 0.6719879497725694
567537.0 0.8225724159451634
567537.0 0.7812859514941214
568179.0 0.7319323892976048
568287.0 0.7273108967609413
570147.0 0.6875992068270764
570945.0 0.724233127021454
571749.0 0.6371514752204361
571758.0 0.6709529620130733
572751.0 0.6408736959588933
573297.0 0.731982171896745
576381.0 0.7373142582597311
579084.0 0.638777378901339
580905.0 0.6547631573768774
581634.0 0.7280158793177361
582651.0 0.7725233727612915
586683.0 0.7719006476853163
588783.0 0.6862512156043232
590292.0 0.7175894792619022
592662.0 0.7293646172690649
594576.0 0.6004394936479189
594771.0 0.6662378632794872
594876.0 0.7077384095606764
595740.0 0.564638433890699
596544.0 0.6847764939588086
596988.0 0.773379611438041
597036.0 0.6477687723487486
600036.0 0.8210465401658888
601437.0 0.5443701735317124
602145.0 0.8018818753040743
602331.0 0.5316992192628827
606954.0 0.6654162256780792
607158.0 0.687854474179751
607380.0 0.708771575748805
609189.0 0.6246400233874959
611442.0 0.7648533760265062
611469.0 0.6387544164939115
612570.0 0.6614363636570922
614247.0 0.7376545506818722
614412.0 0.7089870771944548
616023.0 0.6630149093087648
616200.0 0.6029475009754335
616467.0 0.612480452537495
617151.0 0.5977003947853213
618372.0 0.4784701533913346
618456.0 0.6413446201641281
618468.0 0.5958426551655165
618486.0 0.687270881952341
618813.0 0.6734311157178064
618990.0 0.5735289723774222
619095.0 0.7149923550830836
619095.0 0.665879472563511
619230.0 0.578992233093283
619908.0 0.7086131113667208
621291.0 0.5721222856726605
621405.0 0.726027832360433
622257.0 0.6723625356648579
622275.0 0.5550568132490552
622629.0 0.7481000701753117
622647.0 0.7475558212294798
622848.0 0.5434395926333369
623532.0 0.70614628759803
623616.0 0.5572670385828603
623667.0 0.6720411023368348
623682.0 0.5585104843088078
623880.0 0.710230275586943
623931.0 0.5539103867075934
624186.0 0.572991036901909
624285.0 0.6712227848568056
624312.0 0.6144188555959768
624516.0 0.6509710633483916
624555.0 0.6332845671670947
625065.0 0.7070165781633477
625251.0 0.7895433703846746
626220.0 0.6204207782700039
626664.0 0.6638561937664362
626796.0 0.6050454734848887
626916.0 0.7064435416087275
626958.0 0.6299805191623079
627138.0 0.6491379501829072
627576.0 0.6515321467893979
627963.0 0.720827870610309
628113.0 0.6114646520652027
628179.0 0.6005115883441509
628416.0 0.5569642147353695
628425.0 0.7041451648392116
629097.0 0.6281228229063569
629187.0 0.6370619582578788
629844.0 0.6274266127654429
629964.0 0.6249710101576379
629988.0 0.550999707140968
629994.0 0.5467193983723907
630132.0 0.5523363899757826
630138.0 0.6676386529780343
630558.0 0.6692918320155518
630936.0 0.7027779376451415
631050.0 0.6915473898470268
631200.0 0.5906936048415761
631218.0 0.6457933471823178
631335.0 0.629382046867531
631410.0 0.6809891962392802
632100.0 0.6126675340820953
632115.0 0.5407664469482645
633663.0 0.6533538146525282
634164.0 0.6140253080871202
634203.0 0.6316637876176964
634632.0 0.7453288292819131
634713.0 0.8464537096043575
635334.0 0.6555399133827414
635601.0 0.6350398228251992
635838.0 0.6483104056303785
635871.0 0.5700251710317131
635913.0 0.708820635446746
636126.0 0.6849555400704089
636330.0 0.7429574934265625
636339.0 0.6627927392068726
636552.0 0.6031370539760347
636792.0 0.678535658840763
637197.0 0.5395304299677707
638064.0 0.7083790395996191
638367.0 0.6712943096510924
638511.0 0.5680593396373755
638658.0 0.5287373326703729
639300.0 0.6266930474642921
639363.0 0.45963019508105235
640425.0 0.635134665995539
640812.0 0.6249634418809712
641016.0 0.552996189080144
641115.0 0.650537180006218
641175.0 0.5926307578939999
641811.0 0.4879668788987903
641823.0 0.5465769389766968
642087.0 0.7363732116240156
642363.0 0.5801202004533506
642510.0 0.5880835139057916
643191.0 0.6410365396215546
643335.0 0.5309812371976929
643653.0 0.6633137076421929
643728.0 0.5468267443362983
643854.0 0.719930748039902
643881.0 0.6318270192082509
644028.0 0.5802158836647902
644196.0 0.4499142273589173
644322.0 0.6726908496266024
644544.0 0.6207868477422388
645249.0 0.6961539154107094
645324.0 0.6594153122111813
645486.0 0.6110659813920667
645753.0 0.5928850707800061
645777.0 0.5819589255402539
645891.0 0.6039597596498011
646041.0 0.5945226079483098
646992.0 0.5808519889126409
647295.0 0.714984354627878
647310.0 0.653540393553511
647580.0 0.6115568518218971
647646.0 0.5811239150234371
647754.0 0.5791588527367727
647919.0 0.6893169163433257
648252.0 0.6472879163158217
648303.0 0.6107578631311381
648312.0 0.6114861665688146
648636.0 0.6604762072447243
648651.0 0.6585425558901976
648669.0 0.6622302580406989
648897.0 0.6770218306431424
649872.0 0.47312886390581593
650061.0 0.5746505022517809
650070.0 0.7104690933593056
650532.0 0.7578932372755842
650562.0 0.5536096200655798
650634.0 0.6512969689908218
650709.0 0.6397970510097889
650733.0 0.5020958269418954
651288.0 0.5290250550088124
651336.0 0.6688536653961775
651465.0 0.771135755046147
651498.0 0.4829452612872745
651642.0 0.539434618805512
651645.0 0.5976136062203117
651822.0 0.6198350233595807
651870.0 0.6413210305131409
652035.0 0.7272354053962361
652185.0 0.5829383512182843
652449.0 0.5680842937433205
652470.0 0.5993392721978307
652518.0 0.636034043954872
652638.0 0.6001522719220468
652929.0 0.5192646813609011
652962.0 0.663545898898326
653100.0 0.6458524627720363
653109.0 0.6089790786584242
653163.0 0.5846066466467011
653292.0 0.7303668756574361
653298.0 0.44731123782889953
653370.0 0.6197574268377688
653853.0 0.5175814652764111
653856.0 0.6356609713052703
654006.0 0.7205107996409175
654150.0 0.5499305477358073
654168.0 0.6049147993901378
654270.0 0.6313076275864572
654339.0 0.6440922158760235
654393.0 0.6217935741417705
654615.0 0.5413894315455374
654783.0 0.5577401875716701
654825.0 0.6169200236538808
655041.0 0.5525100474665813
655053.0 0.6346049528385609
655095.0 0.6581523749352836
655326.0 0.6210540654533003
655650.0 0.6120362702956355
655713.0 0.6390280969559953
655806.0 0.6567793318677936
655893.0 0.7108229009009194
656058.0 0.7242369678574243
656943.0 0.6176863279018079
657045.0 0.4882563448252348
657324.0 0.6572634555544508
657342.0 0.70146496200098
657504.0 0.595342299649532
657570.0 0.5720560048177142
657594.0 0.615244232329034
657627.0 0.600876841905781
657708.0 0.625616126058622
657720.0 0.52264295785323
657933.0 0.6204676484152748
658146.0 0.5741565276641455
658275.0 0.5768347427700746
658407.0 0.5425751599026172
658530.0 0.6169591678295818
658623.0 0.6959810390075746
658707.0 0.595271617727245
658815.0 0.6460630365170823
658941.0 0.6790546434398687
659088.0 0.6468969491732683
659238.0 0.6799678979318512
659364.0 0.5387902429296901
659397.0 0.5526236910623418
659409.0 0.6441183737471227
659490.0 0.585544123882798
659601.0 0.5737939975357403
659727.0 0.5564603311598153
659856.0 0.7224772689474548
659856.0 0.535267675612577
659925.0 0.48235090494658545
659937.0 0.7170894636910123
659946.0 0.46615318196698874
660162.0 0.6318062234879555
660180.0 0.5566547293956258
660258.0 0.48680256089676377
660387.0 0.6116546982608847
660501.0 0.6723574043753521
660537.0 0.6454845503789681
660609.0 0.4728760246481582
660642.0 0.5860998656582908
660738.0 0.6438242242251306
660777.0 0.6128138839296541
660885.0 0.5849080909127491
661017.0 0.70370677680621
661383.0 0.5098517003159228
661458.0 0.6214863263783863
661683.0 0.588648191898433
661713.0 0.6443938707879006
661872.0 0.6548491364898406
661875.0 0.6793182785982136
661971.0 0.5484641509339209
662034.0 0.44987225212740534
662052.0 0.6547837264162542
662136.0 0.5557424760494688
662154.0 0.5764742283772034
662172.0 0.5380281539549943
662247.0 0.6475237377749434
662601.0 0.5652896933469451
662748.0 0.5500419619748825
662757.0 0.632233403116523
662814.0 0.5498060378747088
662826.0 0.6137481491622975
662838.0 0.7000460211579046
662853.0 0.6675422401388352
662955.0 0.49008560485558417
663060.0 0.7076695390866629
663252.0 0.5152180779558293
663321.0 0.6034687540426098
663327.0 0.6436730411868153
663486.0 0.5794044548390584
663573.0 0.525158362531645
663690.0 0.5593923287632123
663828.0 0.6688197051905682
663834.0 0.6175408330600969
664032.0 0.5741776239840234
664125.0 0.6538884079161885
664140.0 0.6565186866687507
664293.0 0.6086500076493847
664536.0 0.6260900747431283
664953.0 0.566463766699722
665082.0 0.6395824180238912
665352.0 0.6938703477906213
665583.0 0.6346642806549748
665853.0 0.5219065261317722
665880.0 0.5880658753582769
666312.0 0.7378092503141581
666438.0 0.5242648100689874
666516.0 0.5654920768135275
666588.0 0.5753495969446148
666816.0 0.5727387833107976
666852.0 0.6744268557500027
666924.0 0.5257355829153951
666936.0 0.6741745111548871
666951.0 0.652062800302354
667431.0 0.6649525053702571
667617.0 0.6251441672399436
667638.0 0.6435259904467825
667707.0 0.5371274976625591
667719.0 0.6185850916422265
667764.0 0.667671467659731
668175.0 0.5425456585130809
668253.0 0.6289223070718603
668367.0 0.5575190242327894
668550.0 0.5524747153162753
668796.0 0.6513775326333547
669093.0 0.5412458982118901
669249.0 0.57252046860103
669288.0 0.6070411572722038
669429.0 0.6486319129203029
669756.0 0.5240125957937456
669822.0 0.6115402138574546
669837.0 0.6428068888659327
669933.0 0.7108236231802045
670017.0 0.6440747208489546
670098.0 0.6111996137403131
670383.0 0.6042401598590907
670419.0 0.697618061560426
670473.0 0.6564861720780644
670542.0 0.7379440174758062
670764.0 0.5888152703912325
670878.0 0.6825200542387692
670914.0 0.7015375874255108
671010.0 0.5910530879195317
671031.0 0.6114732855240727
671067.0 0.45870134299952353
671112.0 0.6148270173528461
671175.0 0.5088955728535605
671211.0 0.5009454623910049
671475.0 0.5614409198261323
671595.0 0.5513060405901485
671943.0 0.5496162966036249
672060.0 0.6281727529606047
672075.0 0.5190310059708116
672321.0 0.5150257852886384
672426.0 0.4818265718712422
672708.0 0.6357172669315901
672843.0 0.6513471290898379
672891.0 0.5759600533504786
672894.0 0.5626861494162064
672990.0 0.6274769621542162
673080.0 0.556017869462353
673149.0 0.65659626209656
673314.0 0.6279337589861481
673377.0 0.5259460048850708
673380.0 0.4432771189846755
673392.0 0.6122102348585343
673635.0 0.5830977493005456
673686.0 0.5496982465901714
673713.0 0.6823460706172746
673746.0 0.7026058628661609
673749.0 0.5763445677166085
673782.0 0.50564642723579
673812.0 0.5977872266781457
673887.0 0.544936296513991
673977.0 0.6018712189800539
674157.0 0.6394866655194226
674199.0 0.4645326887555039
674253.0 0.4598261745411408
674286.0 0.6179659213703492
674427.0 0.6052217983211778
674505.0 0.6328316448446877
674538.0 0.5211705627887836
674568.0 0.7296744620653525
674628.0 0.6395056220533982
674685.0 0.6158752305596268
674721.0 0.5559901307941374
674796.0 0.6649055402682144
674811.0 0.5652038201424294
674952.0 0.6296677057563282
675054.0 0.6016860584998674
675168.0 0.5781302794013212
675273.0 0.6380318680948012
675330.0 0.6368513969554837
675705.0 0.7178234830015787
675888.0 0.6685662871421834
675942.0 0.4966780476841771
676053.0 0.6407354498186969
676137.0 0.5459529176724979
676284.0 0.5773158919901155
676365.0 0.5704743642714114
676374.0 0.5583095056726182
676572.0 0.46541756213176233
676794.0 0.567491788748474
676869.0 0.5521658466785728
676899.0 0.5290591750239441
676998.0 0.5368166727671221
677025.0 0.6031699439077209
677028.0 0.46793459514667224
677073.0 0.4983157613217944
677181.0 0.6227389398045771
677217.0 0.6179960441657996
677301.0 0.6121762990271544
677508.0 0.5644762445404801
677553.0 0.563274685858463
677604.0 0.4909511655614053
677652.0 0.5430499749201465
677781.0 0.5894152877657324
677979.0 0.595900649854277
678003.0 0.4481348900211634
678012.0 0.6634443408790812
678066.0 0.6527246733683273
678081.0 0.5633465698362644
678141.0 0.5739602341120283
678216.0 0.5263243523569328
678498.0 0.5528593377606743
678774.0 0.5434563643251082
678828.0 0.6228423190956418
678891.0 0.638856491721811
678903.0 0.5387248075641894
679074.0 0.5767510822623274
679077.0 0.6035068713273516
679236.0 0.49918220331591
679308.0 0.6017215664992859
679317.0 0.6498793609515267
679569.0 0.4989414107817791
679587.0 0.5235251334589363
679587.0 0.6379122283768696
679977.0 0.6068628578384871
679989.0 0.5068516251382313
680157.0 0.6288450216947306
680304.0 0.4754150707228956
680334.0 0.5472079478499633
680370.0 0.7134516147342482
680634.0 0.6730351624734374
680910.0 0.40124250884160445
680979.0 0.5327327881973818
681051.0 0.4804196891093201
681063.0 0.4468747932791881
681120.0 0.5822805590232798
681183.0 0.617531582051716
681264.0 0.5816259863930326
681282.0 0.6255143464462167
681447.0 0.6407026617492213
681459.0 0.664914793143374
681480.0 0.5631695398116014
681489.0 0.7062399600035565
681534.0 0.6287571973070093
681555.0 0.5809114465076788
682038.0 0.629701376271724
682191.0 0.6060449837830932
682197.0 0.6203227536146722
682200.0 0.6615323762265483
682263.0 0.558813811198062
682293.0 0.5573163121384208
682425.0 0.674636144464446
682455.0 0.5778733389757718
682467.0 0.5264211938744567
682467.0 0.5239994766361328
682482.0 0.6367186469786174
683253.0 0.6537205015044861
683289.0 0.5931526326999806
683418.0 0.6604867715050581
683511.0 0.6156651235149303
683583.0 0.6102423990606148
683589.0 0.5980372614935566
683589.0 0.48987501299014535
683589.0 0.5741457707727771
683673.0 0.6657950238482472
683781.0 0.48882409176172253
683817.0 0.6064487588065421
684021.0 0.5049133734867524
684021.0 0.5331223265262891
684042.0 0.5461079509869271
684078.0 0.5606216661054892
684078.0 0.6210671548934714
684228.0 0.5520623368772742
684327.0 0.45628561080615126
684426.0 0.6712700285056177
684498.0 0.4683860231598143
684531.0 0.5645547216389254
684594.0 0.7016919324861204
684612.0 0.4628126429221626
684705.0 0.6885490118371904
684813.0 0.5887551185647234
684897.0 0.5166525039498648
685023.0 0.5109944836020069
685131.0 0.48516908963001293
685239.0 0.5956703787169548
685239.0 0.5682981196813996
685365.0 0.570835385200924
685587.0 0.569354605797238
685590.0 0.6680679972657821
685722.0 0.4870582068239197
685749.0 0.7249742936254775
685752.0 0.4685217048778181
685836.0 0.63764750656342
685860.0 0.5055326543956156
685923.0 0.4672196490831299
685941.0 0.5284363449691689
686019.0 0.6399600152385133
686223.0 0.573418720327588
686307.0 0.5639943052180831
686334.0 0.5266488363233954
686394.0 0.5270736168577845
686547.0 0.47563768009263646
686601.0 0.5904529060663829
686706.0 0.5597531722452033
686832.0 0.4954358719680855
687084.0 0.602261275665342
687150.0 0.6904780722115124
687273.0 0.4729712554978239
687306.0 0.49177858165080046
687345.0 0.5755381828584542
687417.0 0.5877083237651406
687504.0 0.43958872321280534
687804.0 0.5929747924661181
687888.0 0.5060778213884425
688050.0 0.5725162540909474
688083.0 0.5703267265444032
688173.0 0.5782392488032452
688404.0 0.6200577192910354
688542.0 0.49040631290466735
688557.0 0.6678791740369285
688599.0 0.5765258024499349
688821.0 0.5451403719239325
688929.0 0.5428311769525361
688941.0 0.4790494432881578
689016.0 0.6400092636030476
689058.0 0.6489335248230902
689061.0 0.4178008710309469
