0.7547305926421228
0.7547305926421228
0.7547305926421228
0.7547305926421228
0.7547305926421228
0.7553869528054302
0.7590182428261897
0.7593214420686937
0.7612567481358617
0.7612567481358617
0.7612567481358617
0.7612567481358617
0.7612567481358617
0.7612567481358617
0.7612567481358617
0.7612567481358617
0.7612567481358617
0.7612567481358617
0.7612567481358617
0.7612567481358617
0.7612567481358617
0.7612567481358617
0.7612567481358617
0.7612567481358617
0.7612567481358617
0.7612567481358617
0.7612567481358617
0.7612567481358617
0.7612567481358617
0.7612567481358617
0.7612567481358617
0.7612567481358617
0.7612567481358617
0.7612567481358617
0.7612567481358617
0.7612567481358617
0.7612567481358617
0.7612567481358617
0.7612567481358617
0.7612567481358617
0.7612567481358617
0.7612567481358617
0.7612567481358617
0.7612567481358617
0.7612567481358617
0.7612567481358617
0.7612567481358617
0.7612567481358617
0.7612804348717008
0.7612804348717008
0.7612804348717008
0.7612804348717008
0.7612804348717008
0.7612804348717008
0.7612804348717008
0.7612804348717008
0.7612804348717008
0.7612804348717008
0.7612804348717008
0.7612804348717008
0.7612804348717008
0.7612804348717008
0.7612804348717008
0.7612804348717008
0.7612804348717008
0.7612804348717008
0.7613517650472192
0.7613517650472192
0.761375448827039
0.761375448827039
0.761375448827039
0.761375448827039
0.7622532796386354
0.7622532796386354
0.7636057373441543
0.7646874104883126
0.7646874104883126
0.7646874104883126
0.7654951954012746
0.7657174544773263
0.7657174544773263
0.7658459084303444
0.7658459084303444
0.7658459084303444
0.7661464056574456
0.7661464056574456
0.7661464056574456
0.7661464056574456
0.7662859222699447
0.7662859222699447
0.7662859222699447
0.7662859222699447
0.766309453553301
0.766309453553301
0.766309453553301
0.766309453553301
0.7663192102149733
0.7663192102149733
0.7663192102149733
0.7663192102149733
0.766550535841401
0.766550535841401
0.766550535841401
0.766550535841401
0.766550535841401
0.7665521943195923
0.7665757174292969
0.7665757174292969
0.7666353377488498
0.7666353377488498
0.7666353377488498
0.7667381344853775
0.7667381344853775
0.7667381344853775
0.76720560117289
0.76720560117289
0.76720560117289
0.76720560117289
0.7673211390924761
0.7673211390924761
0.7673211390924761
0.7673211390924761
0.7673211390924761
0.7673211390924761
0.7673211390924761
0.7673211390924761
0.7673211390924761
0.7673211390924761
0.7673211390924761
0.7673211390924761
0.7673211390924761
0.7673211390924761
0.7673734174186669
0.7673734174186669
0.7673734174186669
0.7673734174186669
0.7676368540129946
0.7676368540129946
0.767737969938742
0.7680332567581303
0.7680332567581303
0.7680715687827543
0.7680715687827543
0.7680715687827543
0.7680715687827543
0.7680715687827543
0.7680715687827543
0.7680715687827543
0.7680715687827543
0.7681099862551191
0.7681099862551191
0.7681099862551191
0.7681099862551191
0.7681099862551191
0.7681099862551191
0.7681099862551191
0.7681099862551191
0.7681099862551191
0.7681099862551191
0.7681099862551191
0.7681099862551191
0.7681099862551191
0.7681334616594294
0.7681334616594294
0.7681334616594294
0.7681334616594294
0.7681431951532472
0.7681794155493719
0.7681794155493719
0.7681794155493719
0.7684585723388297
0.7684585723388297
0.7684585723388297
0.7684585723388297
0.7685526988822313
0.7688547945366851
0.7688547945366851
0.7688547945366851
0.7688547945366851
0.7688547945366851
0.7688547945366851
0.7688547945366851
0.7688547945366851
0.7688547945366851
0.7688547945366851
0.7688547945366851
0.768862532922292
0.768862532922292
0.768862532922292
0.7689488725787805
0.7689488725787805
0.7689488725787805
0.7689488725787805
0.7689488725787805
0.7690274837655641
0.7691054614693276
0.7701635247892752
0.7703760128055589
0.7703760128055589
0.7703760128055589
0.7703760128055589
0.7703760128055589
0.7703760128055589
0.7703760128055589
0.7704699050996866
0.7704699050996866
0.7704699050996866
0.7704699050996866
0.7704699050996866
0.7705071648527031
0.770530567223267
0.770530567223267
0.770530567223267
0.770530567223267
0.770530567223267
0.770530567223267
0.7708111191530266
0.7708111191530266
0.770827769009801
0.770827769009801
0.770827769009801
0.770827769009801
0.770827769009801
0.770827769009801
0.770827769009801
0.770827769009801
0.770827769009801
0.770827769009801
0.770827769009801
0.7708665073308076
0.7708665073308076
0.7708665073308076
0.7710563196083187
0.7710563196083187
0.7710563196083187
0.7710563196083187
0.7710563196083187
0.7712269031035817
0.7712599777935725
0.7713037336428171
0.7714415300849474
0.7714649041115634
0.7715842449147011
0.7716159078426963
0.7716294571697001
0.7716294571697001
0.7718096617900907
0.7718591913206998
0.7719941540681227
0.772121549559015
0.7723127955875576
0.7723376024513705
0.7724148509753661
0.7724353024261691
0.7724353024261691
0.7725401205120324
0.7726244998223138
0.7726244998223138
0.7726244998223138
0.7726558728704449
0.7726558728704449
0.7726558728704449
0.7726558728704449
0.7726558728704449
0.7726558728704449
0.7726558728704449
0.7726558728704449
0.7726558728704449
0.7727181189048241
0.7727181189048241
0.7727368353130313
0.772749488152091
0.772908369118032
0.7730258122668304
0.7730491383908605
0.7730491383908605
0.7730491383908605
0.7730491383908605
0.7730491383908605
0.7730491383908605
0.7730491383908605
0.7730491383908605
0.7730491383908605
0.7730491383908605
0.7731109669932024
0.7731193827533508
0.7733317339369992
0.7733317339369992
0.7733317339369992
0.7733317339369992
0.7733317339369992
0.7733317339369992
0.7733317339369992
0.7733317339369992
0.7733317339369992
0.7734041348690416
0.7734041348690416
0.7734041348690416
0.773497659589646
0.773497659589646
0.773497659589646
0.773497659589646
0.7738045882851079
0.7741474074593743
0.7750099154596213
0.7753700887836967
0.7754203816896462
0.7754214451542369
0.7758092129651
0.7758092129651
0.7758092129651
0.7758092129651
0.7758092129651
0.7759260399175062
0.7759947380189106
0.7759947380189106
0.7760435948818419
0.7760435948818419
0.7760668303008391
0.7760668303008391
0.7760668303008391
0.7760668303008391
0.7760668303008391
0.7760668303008391
0.7762349227953803
0.7762349227953803
0.7762349227953803
0.7762349227953803
0.7762349227953803
0.7762349227953803
0.7762349227953803
0.7762349227953803
0.7765798972152547
0.7765798972152547
0.7765798972152547
0.7766861449447803
0.7769841903067992
0.7769841903067992
0.7770788193497973
0.7771038949990752
0.7771038949990752
0.7771969745057318
0.7771969745057318
0.7771969745057318
0.7771969745057318
0.7771969745057318
0.7771969745057318
0.7771969745057318
0.7771969745057318
0.7772297703854407
0.7772297703854407
0.7772297703854407
0.7772297703854407
0.7772297703854407
0.7773921626315256
0.7773921626315256
0.7773921626315256
0.7774142687211245
0.7776279514982275
0.7776279514982275
0.7776496549963056
0.7776496549963056
0.7776496549963056
0.7776496549963056
0.7781736530365195
0.7784063536726779
0.7784295185654594
0.7784295185654594
0.7784295185654594
0.7784295185654594
0.7784391233188338
0.7784391233188338
0.7784391233188338
0.778498569515129
0.778877300677621
0.779753956632087
0.779753956632087
0.779753956632087
0.7799485224751748
0.7812195367565992
0.7812392211483902
0.7812392211483902
0.7816040921787037
0.7819589591282181
0.7833074580368109
0.7833385120084975
0.7833385120084975
0.7833385120084975
0.7833385120084975
0.7833385120084975
0.7833579940232356
0.7834064162406771
0.7834064162406771
0.7834178739731418
0.7834223826352718
0.7834223826352718
0.7835018641582525
0.7838236093143311
0.7841437764579603
0.7841773386562437
0.7845185315247296
0.7852174088403924
0.7852174088403924
0.7863800801675802
0.7867711341056827
0.786811529464345
0.7869649779879737
0.7870667120719792
0.7870667120719792
0.7875728888325239
0.7875728888325239
0.788064007260723
0.7883708628042718
0.7883708628042718
0.7891709922955966
0.7891709922955966
0.7891709922955966
0.7891709922955966
0.7891709922955966
0.7891709922955966
0.7891709922955966
0.7891709922955966
0.7891709922955966
0.7891709922955966
0.7891709922955966
0.7904370392606156
0.7910041615203465
0.7910041615203465
0.7920406810299923
0.7920406810299923
0.7920819684688065
0.7920885724547522
0.7920885724547522
0.7923751577384311
0.7925326760762719
0.7925326760762719
0.7944582312733388
0.7944582312733388
0.7944582312733388
0.7947678647266122
0.7956072395905881
0.7956072395905881
0.7956072395905881
0.7956072395905881
0.7956072395905881
0.7960945841519544
0.7960945841519544
0.7964786873741625
0.7964786873741625
0.7965547076306222
0.7965547076306222
0.7966668344895979
0.7977904165174979
0.7978109668533426
0.7981231913861982
0.7981231913861982
0.7981231913861982
0.7993227047728018
0.7993227047728018
0.7993278665164261
0.8008957225460941
0.8012209637738652
0.801740191432961
0.8021812098774379
0.8037857080470023
0.8041186801295788
0.8043571496100942
0.8052533136274364
0.8064160403624161
0.8070205886046155
0.8071833810428003
0.8081560593538507
0.8088108338310398
0.8088896251329317
0.8090292301818851
0.8091796221399035
0.8106864371722223
0.8109892460343574
0.8122483853648985
0.8129201063268341
0.8129201063268341
0.8129666105328389
0.8133729319900075
0.8145381590600941
0.8145872113958484
0.8156460299078214
0.8161924250424729
0.8170633374210949
0.8171682050048935
0.8172970041546176
0.817862457050988
0.8183534485841696
0.818652127140697
0.8186830457951819
0.8186834604534604
0.8188163367027735
0.819025945152482
0.8191324574588547
0.8193350454847106
0.8193407504483692
0.8198554327147717
0.8201364411029938
0.8201638149020859
0.8201782446404912
0.8202459844367049
0.8202688658387123
0.8204570167037768
0.8209470943356183
0.8209876495948949
0.8213924846712165
0.8222316082080261
0.8228323268465841
0.8235114932716957
0.8235270192350204
0.823865406848861
0.8240539974241601
0.824748843956618
0.8254681006340214
0.8255894287937577
0.825683778930556
0.8258685044519458
0.8258835600850013
0.8260789572063058
0.826505452245694
0.8266712374106344
0.8268787067657302
0.8269729796094805
0.8274046947350399
0.8277364013194939
0.827772866600124
0.8280600214576019
0.8280623949229264
0.8281871499536901
0.8281956515980313
0.828364199466443
0.8284147126771909
0.8284673976972265
0.8284785955488595
0.8285825724011383
0.828723042602283
0.8291167242165042
0.8291180851484823
0.8291341774610123
0.8293943843276024
0.8294561818395958
0.8296432812198641
0.8299268511153862
0.8300590534419918
0.8303970152818422
0.8305569220011013
0.8312503207023532
0.8313047372170791
0.8314482419755925
0.83162085890334
0.831743996208719
0.8322306211627402
0.8324304986567487
0.8325787501156171
0.8326060416855703
0.8326549077526643
0.8329504711405309
0.8330015180017297
0.8331994554660579
0.8333560784997547
0.8334676210012517
0.8335937566311452
0.83362425959905
0.8337851677341381
0.8338240931213101
0.8338389276413661
0.833933043225896
0.8341568948696323
0.8342203907373305
0.8346206532230154
0.8351558522052571
0.8353684600348706
0.8358028487130665
0.8358813910674574
0.8359530356606516
0.8360588660564822
0.8361587920851165
0.8363108296669446
0.8365323872858484
0.836590603486587
0.8366638859024739
0.8367089439515554
0.8367103960189392
0.836906175360739
0.8369589055275735
0.8372234734499616
0.8374338347465676
0.8374962271733789
0.8375311680528807
0.8375537085117944
0.8376826546624215
0.8377296922749857
0.8378181853918703
0.8379186741660739
0.8379491066281877
0.8380801779646702
0.8381541369141311
0.8382361563015951
0.8382961117397206
0.8383348522670993
0.838350236497887
0.8384425310371136
0.8388181517618445
0.8388372562355697
0.8388934431498044
0.8390847771248762
0.839144868471731
0.8391554701644921
0.8393813495508406
0.839438480772295
0.8396687214603087
0.8399091213920364
0.8399800133937892
0.8400676068633348
0.8400925659841667
0.8402523155893395
0.8402931592778263
0.8403834987069531
0.8404273908480436
0.840470242307154
0.8405321182876294
0.8406283702064481
0.8407181929908187
0.8407281323837582
0.8408987626471615
0.8409105614943163
0.8409816534402703
0.841354495607721
0.8413727682088029
0.8414066709512217
0.8415555769200233
0.8415565470114936
0.8415736998077974
0.8415751990073131
0.8415758146908722
0.8416351109092103
0.8417562330294306
0.841913079519456
0.8421464576616322
0.8422113600268131
0.8424820046227862
0.8424891890825861
0.8424966687514109
0.8427331861658051
0.8427775201856318
0.842789470483551
0.842823772833319
0.8433166984223188
0.8434111512920295
0.8435297666618448
0.8435954831013424
0.843609209020111
0.843619676410442
0.8436403794670836
0.8436480737455582
0.8437836626894472
0.8438391244663048
0.843886069732381
0.8439044862086057
0.8439808497118514
0.844092629473303
0.844104338086588
0.8441185995476004
0.8441375319609031
0.8442961108824925
0.8443146730571673
0.8443319798053146
0.8444719134511499
0.8444777008624506
0.8445234226213252
0.8446593591950246
0.8449272221524817
0.8450400721475887
0.8450584813646803
0.8452099522512986
0.8452346554559711
0.8452510604435504
0.845301792100837
0.8454135353929637
0.8454452229209783
0.8455208425891714
0.8457648848254672
0.8458627673265251
0.8459178149602348
0.8460163994392463
0.8460777301138986
0.8460855711655748
0.8461260358149391
0.8461343442215135
0.8463463068842367
0.8463955731689218
0.8464770083252877
0.8465254471042231
0.8466774168649064
0.8467167445873577
0.846783687441646
0.8468248604387176
0.8469081449153892
0.8469171759152834
0.8469710353506524
0.8470261277862752
0.8470833323738978
0.8470843529221448
0.8471340094648417
0.8471349050275981
0.8471485882002332
0.8473728689041503
0.8475714067635236
0.847778973446048
0.8478607733789375
0.8479133426103612
0.8479150948079147
0.8479383852379347
0.8480124179418886
0.848095187141054
0.8481890868217788
0.8483109176119035
0.8483883667911559
0.8488201484916134
0.8489661271745816
0.8489767794429655
0.8490749925646391
0.8490786054693717
0.8491308646111593
0.8492474802815894
0.8493325353841912
0.849395789988198
0.8494325858806681
0.8494761900481512
0.8495105572918565
0.8495303628837466
0.8495304858381111
0.8495672483949669
0.8496783013235593
0.849693596634868
0.8496937551508237
0.849736639100709
0.849750007037729
0.849758039020709
0.8497663830804998
0.8497742046523801
0.8498154996117355
0.849827934770352
0.8498473335132228
0.8498596436821262
0.8499267853022628
0.8499627917508161
0.8499962597085384
0.8499968870786784
0.8499998088711422
0.8500893463495143
0.8501376310394921
0.8501408304136323
0.8503779240415122
0.850408725180315
0.8504378234578605
0.8508642507279507
0.8509065717437527
0.8511737120309162
0.851254535091245
0.8512753075594666
0.8513369971553337
0.8513467802873769
0.8513682478949995
0.8515053998611177
0.8515352676697447
0.8517752615865627
0.8520359579566699
0.8521937718924851
0.8522756738114062
0.8523492943162182
0.8524283403882511
0.8525743074015206
0.8525767351372295
0.8526299275740775
0.852650693936981
0.8527045941753544
0.852715792876339
0.8528567295269555
0.8528845179660061
0.8528936145994113
0.8529980505360698
0.8530394536627806
0.8530895304415225
0.8531463252481617
0.8533288923460646
0.853389550937039
0.8534102923738716
0.8534550460358045
0.8535722978754224
0.8537569551806916
0.8537605015881701
0.8537617765526695
0.8537648126347084
0.8537759555749861
0.8537806834731971
0.8538044980312514
0.8539561911874559
0.8540358062733808
0.8540792237041575
0.8540803968131566
0.8541302082057853
0.8541535238634262
0.8541568755374583
0.854286795467417
0.8542979058585947
0.8543497669185947
0.8543840909445461
0.8545345811057665
0.8546073058370778
0.8546458119439985
0.8546724471070278
0.8547691101936186
0.8547775822048108
0.8549427463330687
0.8549500672154352
0.8549578140360856
0.8550359888548753
0.8551961339309615
0.8553098063756273
0.8553468684643999
0.8553745101291873
0.8554036547850461
0.8554410244965027
0.8554735134018455
0.8555048556235998
0.8556870737051802
0.8557673179278196
0.8558433472128552
0.8559002194214335
0.8559271350894913
0.8559542040563907
0.8559629100043936
0.8559791254394689
0.8560140681039132
0.8562618611152342
0.8563076967923042
0.8563357552274862
0.8564220931075688
0.8564815842575488
0.8566589355388264
0.8566947424616599
0.8567704103256734
0.8567712107958894
0.8568800485316674
0.8571109260506409
0.857131218257033
0.8571561422978509
0.8573070147629646
0.8577322510325891
0.8578841708624775
0.8579446355414836
0.8579587694648582
0.8580535198506049
0.858091731965669
0.858097763868899
0.8581686731921354
0.8582035491274211
0.8582080812774313
0.8582135614636034
0.8583893316448354
0.8584085785413181
0.8584386960822573
0.8585635514867618
0.8585831098280565
0.8586401927287101
0.8586711952802824
0.858806148739422
0.8588846757748128
0.8588887722786797
0.8590424730663104
0.8590956027248985
0.859109472946162
0.8591331669895272
0.8591764644019471
0.8591768595171817
0.8592363838711465
0.8592762804116676
0.8592924701083317
0.859326121692924
0.8594166785357426
0.8594268142694007
0.8595002379973954
0.8595115640264855
0.8595446697790481
0.8596603891825131
0.8597413352195568
0.8598194923187156
0.8598251716314029
0.8599765619180431
0.8600694105196195
0.8601130554874271
0.8601228266839563
0.8601408300026484
0.8601451841702036
0.8602437582236298
0.860244608184987
0.8602546798435995
0.8602833827847076
0.8602834738478414
0.8602871115725164
0.8603013188408586
0.8603381004053368
0.8603539458353062
0.8603785416969171
0.8604539223471098
0.8605165542978751
0.8606121537488192
0.8606599534844566
0.8606659610009726
0.8606985001883176
0.8607111565571449
0.8607315219661251
0.8607648378676451
0.8608601574949675
0.8609129850033252
0.8609687034164482
0.8610248795325351
0.8610503979731742
0.8610923045490035
0.8611006680625285
0.8611061011106143
0.8611540729268841
0.8613110060620909
0.8613586920226225
0.861433929467033
0.861528804958962
0.8615554299283471
0.8615758232369751
0.8615768345946931
0.8616200187806919
0.8616283947180423
0.8616485566100339
0.8616876667831658
0.8617179233134347
0.8617206713895181
0.8619599389157324
0.8621604213139976
0.8622225100810724
0.8622509721814601
0.8622669067856477
0.8625666032448613
0.8625869519339762
0.8626495038990999
0.8626854078889975
0.8627197905808774
0.8627203386026808
0.8627538915303202
0.8627830115208228
0.8627970152100465
0.8628175830649816
0.8628536903158728
0.8629618294061735
0.8630376580509953
0.8632136129998746
0.8633437635581568
0.8634662224909362
0.8635677517017413
0.8636779974098433
0.8638295986797981
0.8638510456384139
0.8638735930091777
0.8639279623355199
0.864022140843563
0.8641108392973943
0.8641232277890154
0.8644333482271765
0.8644726853599798
0.8645086853285534
0.8645325111923985
0.864634783094315
0.864642707008502
0.8647453266615398
0.864772197478783
0.8647753093347059
0.8648399358235545
0.8648855790961497
0.8649180072078754
0.8649778864529948
0.8650006443730621
0.8650224912859252
0.8650269336888454
0.8650515571522867
0.8651167269838751
0.8651250928967885
0.8651415099316844
0.8651454528967654
0.8652219892472938
0.8652689561485529
0.8653086920827434
0.8653882696497132
0.8654050390245226
0.8654974735967972
0.8655609695988641
0.8656848787466704
0.8657482959159231
