0.7409433451841154
0.7409433451841154
0.7418937659936625
0.7419380033277225
0.7419380033277225
0.7419380033277225
0.7419380033277225
0.7419380033277225
0.7419380033277225
0.7419380033277225
0.7419380033277225
0.7419380033277225
0.7419380033277225
0.7419380033277225
0.7419380033277225
0.7419380033277225
0.7419380033277225
0.7419380033277225
0.7419380033277225
0.7419380033277225
0.7426146947176349
0.7426146947176349
0.7426146947176349
0.7426146947176349
0.7426146947176349
0.7426146947176349
0.7426146947176349
0.7426146947176349
0.7426146947176349
0.7426146947176349
0.7426146947176349
0.7426146947176349
0.7426146947176349
0.7426146947176349
0.7426146947176349
0.7426146947176349
0.7426146947176349
0.7426146947176349
0.7426146947176349
0.7426146947176349
0.7426146947176349
0.7426146947176349
0.7426146947176349
0.7426146947176349
0.7426146947176349
0.7426146947176349
0.7426247626829499
0.7426247626829499
0.7427538093262073
0.7427538093262073
0.7427780861096072
0.7427881518602679
0.7427881518602679
0.7427881518602679
0.7431472175052675
0.7465221456708052
0.7465221456708052
0.7465221456708052
0.7468216950670723
0.7469164156383548
0.7480763714483717
0.7480763714483717
0.7480763714483717
0.7480763714483717
0.7483922585837403
0.7486344421446727
0.7487965199968213
0.7494605472997533
0.7494605472997533
0.7494769947952571
0.7497469579440277
0.7503340628709019
0.7503340628709019
0.7503340628709019
0.7503340628709019
0.7504265709010466
0.7504265709010466
0.7504603425475795
0.7504616684749297
0.7505882617709849
0.7505882617709849
0.7505882617709849
0.7505882617709849
0.7505882617709849
0.7505882617709849
0.7505882617709849
0.7505882617709849
0.7505882617709849
0.7505882617709849
0.7506220261427953
0.7506220261427953
0.7506220261427953
0.7506220261427953
0.7506220261427953
0.7507209081969742
0.7507209081969742
0.7511407500535561
0.7511407500535561
0.7511647557806994
0.7512908958315373
0.7513510759821345
0.7514202393355116
0.7514623502829534
0.7514623502829534
0.7515817164334976
0.7518242290095613
0.7521699071672235
0.7523283698322993
0.752615570049468
0.753132920898555
0.753132920898555
0.753132920898555
0.753166790171068
0.7538145935679352
0.7539038287787154
0.7539038287787154
0.7539038287787154
0.7539038287787154
0.7539038287787154
0.7540692376650641
0.7540692376650641
0.7541850312756134
0.7547305926421228
0.7547305926421228
0.7547305926421228
0.7547305926421228
0.7547305926421228
0.7547305926421228
0.7547305926421228
0.7547305926421228
0.7547305926421228
0.7547305926421228
0.7547305926421228
0.7547305926421228
0.7547305926421228
0.7547404989857582
0.7547404989857582
0.7547404989857582
0.7547404989857582
0.7547404989857582
0.7549057245476654
0.7549057245476654
0.7549057245476654
0.7549057245476654
0.7549057245476654
0.7549057245476654
0.7549057245476654
0.7549057245476654
0.7549057245476654
0.7550213898706862
0.7550213898706862
0.7550213898706862
0.7550213898706862
0.7550213898706862
0.7553869528054302
0.7558484805447513
0.7558820099487328
0.7558820099487328
0.7558820099487328
0.7558820099487328
0.7563806824642805
0.7567078530057713
0.756716492965629
0.7569052869673052
0.7569961331989367
0.757427958542646
0.7575077526251914
0.7575315565858145
0.7581879282714121
0.7581879282714121
0.7581879282714121
0.7581879282714121
0.7581879282714121
0.7581879282714121
0.7581879282714121
0.7583277708963893
0.758986268033329
0.7590182428261897
0.7591877819693066
0.7593214420686937
0.7602111959252712
0.7607633114898883
0.7612567481358617
0.7612567481358617
0.7612567481358617
0.7612567481358617
0.7612567481358617
0.7612567481358617
0.7612567481358617
0.7612567481358617
0.7612567481358617
0.7612567481358617
0.7612567481358617
0.7612567481358617
0.7612567481358617
0.7612567481358617
0.7612567481358617
0.7612567481358617
0.7612567481358617
0.7612567481358617
0.7612567481358617
0.7612567481358617
0.7612567481358617
0.7612567481358617
0.7612567481358617
0.7612567481358617
0.7612567481358617
0.7612567481358617
0.7612567481358617
0.7612567481358617
0.7612567481358617
0.7612567481358617
0.7612567481358617
0.7612567481358617
0.7612567481358617
0.7612567481358617
0.7612567481358617
0.7612567481358617
0.7612567481358617
0.7612567481358617
0.7612567481358617
0.7612567481358617
0.7612567481358617
0.7612804348717008
0.7612804348717008
0.7612804348717008
0.7612804348717008
0.7612804348717008
0.7612804348717008
0.7612804348717008
0.7612804348717008
0.7612804348717008
0.7612804348717008
0.7612804348717008
0.7612804348717008
0.7612804348717008
0.7612804348717008
0.7612804348717008
0.7612804348717008
0.7612804348717008
0.7612804348717008
0.7613517650472192
0.7613517650472192
0.761375448827039
0.761375448827039
0.761375448827039
0.761375448827039
0.761375448827039
0.761375448827039
0.7613836711865433
0.7614940461870399
0.7619917515188244
0.7620428245589578
0.7621375541189952
0.7621375541189952
0.7621638228182029
0.7622121309134111
0.7622532796386354
0.7622532796386354
0.7625757733044755
0.7630151836186618
0.7636057373441543
0.7636829890737388
0.7637835487766965
0.7637997130356017
0.7638095017559083
0.764040081606756
0.7644553412904649
0.7646874104883126
0.7646874104883126
0.7646874104883126
0.7648656640637774
0.7648771479712764
0.7654857226900412
0.7654951954012746
0.7655382071456828
0.7657174544773263
0.7657174544773263
0.7657866035452217
0.7658459084303444
0.7658459084303444
0.7658459084303444
0.7658459084303444
0.7658459084303444
0.765880306569162
0.7661464056574456
0.7661464056574456
0.7661464056574456
0.7661464056574456
0.7661464056574456
0.7662859222699447
0.7662859222699447
0.7662859222699447
0.7662859222699447
0.766309453553301
0.766309453553301
0.766309453553301
0.766309453553301
0.7663192102149733
0.7663192102149733
0.7663192102149733
0.7663192102149733
0.7663552782951774
0.7665296207787399
0.7665296207787399
0.7665296207787399
0.7665296207787399
0.766550535841401
0.766550535841401
0.766550535841401
0.766550535841401
0.766550535841401
0.7665521943195923
0.7665757174292969
0.7665757174292969
0.7666353377488498
0.7666353377488498
0.7666353377488498
0.7666879155988331
0.7666879155988331
0.7666879155988331
0.7666879155988331
0.7666879155988331
0.7667381344853775
0.7667381344853775
0.7667381344853775
0.7668816224520518
0.7668997769928375
0.76720560117289
0.76720560117289
0.76720560117289
0.76720560117289
0.7673211390924761
0.7673211390924761
0.7673211390924761
0.7673211390924761
0.7673211390924761
0.7673211390924761
0.7673211390924761
0.7673211390924761
0.7673211390924761
0.7673211390924761
0.7673211390924761
0.7673211390924761
0.7673211390924761
0.7673211390924761
0.7673734174186669
0.7673734174186669
0.7673734174186669
0.7673734174186669
0.7675106498852954
0.7675106498852954
0.7675106498852954
0.7676214921067527
0.7676368540129946
0.7676368540129946
0.767737969938742
0.7678235052607053
0.7680332567581303
0.7680332567581303
0.7680622513167652
0.7680715687827543
0.7680715687827543
0.7680715687827543
0.7680715687827543
0.7680715687827543
0.7680715687827543
0.7680715687827543
0.7680715687827543
0.7681099862551191
0.7681099862551191
0.7681099862551191
0.7681099862551191
0.7681099862551191
0.7681099862551191
0.7681099862551191
0.7681099862551191
0.7681099862551191
0.7681099862551191
0.7681099862551191
0.7681099862551191
0.7681099862551191
0.7681334616594294
0.7681334616594294
0.7681334616594294
0.7681334616594294
0.7681431951532472
0.7681741482752242
0.7681794155493719
0.7681794155493719
0.7681794155493719
0.7682326820502612
0.7684429496364983
0.7684429496364983
0.7684585723388297
0.7684585723388297
0.7684585723388297
0.7684585723388297
0.7685526988822313
0.7686397921493877
0.7686903591164654
0.768850990561592
0.7688547945366851
0.7688547945366851
0.7688547945366851
0.7688547945366851
0.7688547945366851
0.7688547945366851
0.7688547945366851
0.7688547945366851
0.7688547945366851
0.7688547945366851
0.7688547945366851
0.768862532922292
0.768862532922292
0.768862532922292
0.7689375227643838
0.7689488725787805
0.7689488725787805
0.7689488725787805
0.7689488725787805
0.7689488725787805
0.7690274837655641
0.7691054614693276
0.7692374054548146
0.7694697078080339
0.769873768018253
0.7698944512054167
0.7699038321847363
0.7699915597843139
0.7701635247892752
0.7702186597557829
0.7703760128055589
0.7703760128055589
0.7703760128055589
0.7703760128055589
0.7703760128055589
0.7703760128055589
0.7703760128055589
0.7704699050996866
0.7704699050996866
0.7704699050996866
0.7704699050996866
0.7704699050996866
0.7705071648527031
0.770530567223267
0.770530567223267
0.770530567223267
0.770530567223267
0.770530567223267
0.770530567223267
0.7705389630072096
0.7708111191530266
0.7708111191530266
0.770827769009801
0.770827769009801
0.770827769009801
0.770827769009801
0.770827769009801
0.770827769009801
0.770827769009801
0.770827769009801
0.770827769009801
0.770827769009801
0.770827769009801
0.7708665073308076
0.7708665073308076
0.7708665073308076
0.7709799439466356
0.7710191969121023
0.7710563196083187
0.7710563196083187
0.7710563196083187
0.7710563196083187
0.7710563196083187
0.7712269031035817
0.7712599777935725
0.7713037336428171
0.7713491423013988
0.7713799596516153
0.7713799596516153
0.77141391325864
0.7714415300849474
0.7714649041115634
0.7715842449147011
0.7716159078426963
0.7716294571697001
0.7716294571697001
0.7717690724497573
0.7718096617900907
0.7718384201105206
0.7718384201105206
0.7718384201105206
0.7718384201105206
0.7718591913206998
0.7718866159406156
0.7718866159406156
0.7719554011188475
0.7719941540681227
0.7719956263819047
0.77211258357227
0.772121549559015
0.7723127955875576
0.7723376024513705
0.7723651399842965
0.7724148509753661
0.7724324377610435
0.7724353024261691
0.7724353024261691
0.7725126568229082
0.7725401205120324
0.7726244998223138
0.7726244998223138
0.7726244998223138
0.7726556700890567
0.7726558728704449
0.7726558728704449
0.7726558728704449
0.7726558728704449
0.7726558728704449
0.7726558728704449
0.7726558728704449
0.7726558728704449
0.7726558728704449
0.7727181189048241
0.7727181189048241
0.7727343274864801
0.7727368353130313
0.772749488152091
0.772908369118032
0.7729966589559402
0.7730258122668304
0.7730491383908605
0.7730491383908605
0.7730491383908605
0.7730491383908605
0.7730491383908605
0.7730491383908605
0.7730491383908605
0.7730491383908605
0.7730491383908605
0.7730491383908605
0.7731109669932024
0.7731193827533508
0.7733317339369992
0.7733317339369992
0.7733317339369992
0.7733317339369992
0.7733317339369992
0.7733317339369992
0.7733317339369992
0.7733317339369992
0.7733317339369992
0.7734041348690416
0.7734041348690416
0.7734041348690416
0.773497659589646
0.773497659589646
0.773497659589646
0.773497659589646
0.7738045882851079
0.7741474074593743
0.7741690274516934
0.7742223540664384
0.774409361408644
0.774409361408644
0.7744564691041379
0.7745113144405203
0.774711142491937
0.774711142491937
0.7747989076050003
0.7747989076050003
0.7750099154596213
0.7753700887836967
0.7754203816896462
0.7754214451542369
0.775428565012102
0.775428565012102
0.7755253651965401
0.7755253651965401
0.7755253651965401
0.7755253651965401
0.7755253651965401
0.7755253651965401
0.7755253651965401
0.7755253651965401
0.7755253651965401
0.7755253651965401
0.7756186341375227
0.7758092129651
0.7758092129651
0.7758092129651
0.7758092129651
0.7758092129651
0.7759260399175062
0.7759947380189106
0.7759947380189106
0.7760435948818419
0.7760435948818419
0.7760668303008391
0.7760668303008391
0.7760668303008391
0.7760668303008391
0.7760668303008391
0.7760668303008391
0.7760675316029751
0.7761111403709109
0.7761200477691421
0.776202708152725
0.7762349227953803
0.7762349227953803
0.7762349227953803
0.7762349227953803
0.7762349227953803
0.7762349227953803
0.7762349227953803
0.7762349227953803
0.7765798972152547
0.7765798972152547
0.7765798972152547
0.7765893142413813
0.7766861449447803
0.7769110208904105
0.7769841903067992
0.7769841903067992
0.7769920670666609
0.7770210138712144
0.7770788193497973
0.7771038949990752
0.7771038949990752
0.7771969745057318
0.7771969745057318
0.7771969745057318
0.7771969745057318
0.7771969745057318
0.7771969745057318
0.7771969745057318
0.7771969745057318
0.7772006828119273
0.777227140895161
0.777227140895161
0.777227140895161
0.7772297703854407
0.7772297703854407
0.7772297703854407
0.7772297703854407
0.7772297703854407
0.7772654347317709
0.7773921626315256
0.7773921626315256
0.7773921626315256
0.7774142687211245
0.7775064219253731
0.7775633128423312
0.7776279514982275
0.7776279514982275
0.7776496549963056
0.7776496549963056
0.7776496549963056
0.7776496549963056
0.7778996981706995
0.7779027812185223
0.7779027812185223
0.7779957651463416
0.7781736530365195
0.778211070237609
0.7783875670033908
0.7784063536726779
0.7784295185654594
0.7784295185654594
0.7784295185654594
0.7784295185654594
0.7784391233188338
0.7784391233188338
0.7784391233188338
0.778451838841279
0.778451838841279
0.7784638920890853
0.7784734964183614
0.778498569515129
0.7786869503035889
0.778825464547217
0.7788379125918123
0.778877300677621
0.7789142429543302
0.7790299056278325
0.7790654593405252
0.7792235005053729
0.7793310843616571
0.7794291067785512
0.7794359008449969
0.7795043777784748
0.779630426187385
0.779753956632087
0.779753956632087
0.779753956632087
0.779753956632087
0.7798152976962542
0.7798707671690102
0.7798707671690102
0.7799485224751748
0.7800810109515518
0.7800810109515518
0.7800810109515518
0.780235110269014
0.7803227085029298
0.7803227085029298
0.7803227085029298
0.7805265989387321
0.7806405719953008
0.7806690807049246
0.7806700313881043
0.7806796085763003
0.7808600849162878
0.7812195367565992
0.7812249430206758
0.7812392211483902
0.7812392211483902
0.7813114152903289
0.7813343005613654
0.7813343005613654
0.7813343005613654
0.7813472205048181
0.7813484007912488
0.7814895966216077
0.7815686680169226
0.781575123440496
0.7816040921787037
0.7816183176622814
0.7817220714585437
0.7818059186018017
0.781950568198594
0.7819589591282181
0.7820876310354922
0.7820984842440891
0.782301430484375
0.782353117118636
0.7824676654808501
0.7825413989836819
0.7825413989836819
0.7828930304862664
0.7830309007429175
0.7830707711983113
0.7831146130164869
0.7831402868952809
0.7832148590453165
0.7832148590453165
0.7832148590453165
0.7832415193139869
0.7833074580368109
0.7833385120084975
0.7833385120084975
0.7833385120084975
0.7833385120084975
0.7833385120084975
0.7833579940232356
0.7834064162406771
0.7834064162406771
0.7834178739731418
0.7834223826352718
0.7834223826352718
0.7834431256554552
0.7835018641582525
0.7835506651300992
0.7835506651300992
0.7835711679636865
0.7836037602082062
0.7836037602082062
0.7836868851661696
0.7836868851661696
0.7838236093143311
0.7840137643700312
0.7840349334921147
0.7841437764579603
0.7841773386562437
0.7845185315247296
0.7846147340039735
0.7848210538609963
0.7849718537243131
0.7851797198791459
0.7852174088403924
0.7852174088403924
0.7853838018693596
0.7853838018693596
0.7853838018693596
0.7853838018693596
0.7856275277989616
0.7857120934198812
0.7858869632974839
0.786176517280096
0.7861869714011002
0.7861869714011002
0.7863800801675802
0.7864639322552192
0.7864868598231002
0.7865280299060375
0.7865280299060375
0.7865280299060375
0.7865280299060375
0.7865280299060375
0.7865280299060375
0.7867162297761258
0.7867711341056827
0.7868113443054864
0.7868113443054864
0.786811529464345
0.7868578527455335
0.7868598753968035
0.7868598753968035
0.7869649779879737
0.7869655595525712
0.7869655595525712
0.786978877788169
0.7870667120719792
0.7870667120719792
0.7872974824803101
0.787312884669798
0.7874954168609104
0.7875728888325239
0.7875728888325239
0.7877140210409252
0.7877140210409252
0.7877140210409252
0.7877140210409252
0.7877140210409252
0.7877750423639808
0.7878437766346814
0.7879216905535781
0.7879340350117073
0.788064007260723
0.7882336301456586
0.7883708628042718
0.7883708628042718
0.7884794244732583
0.7884817880949525
0.7885958714807406
0.7888767219446242
0.7889018354818143
0.7890412111003431
0.7891553668739797
0.7891709922955966
0.7891709922955966
0.7891709922955966
0.7891709922955966
0.7891709922955966
0.7891709922955966
0.7891709922955966
0.7891709922955966
0.7891709922955966
0.7891709922955966
0.7891709922955966
0.7891872426148773
0.7891872426148773
0.789207978657915
0.7895109688991997
0.7895651062032544
0.7896237583031899
0.7896400515205515
0.7896974658534383
0.789698896459212
0.7898406615113969
0.7898406615113969
0.7898598108857013
0.7899297208662305
0.7899297208662305
0.7899297208662305
0.7899733925421124
0.7899799584822784
0.7900578113411548
0.7900915693770856
0.7901614623314037
0.7902138871213866
0.7902913030322483
0.7904370392606156
0.7907056178683122
0.7907077714690146
0.79073957767805
0.7910041615203465
0.7910041615203465
0.7910800737261964
0.7912707759577635
0.7912707759577635
0.7912707759577635
0.7913262170574208
0.791329532631669
0.791329532631669
0.7914261488604151
0.7915055455387934
0.7917734527186581
0.7919117241779912
0.7919916031969856
0.7920265230067849
0.7920406810299923
0.7920406810299923
0.7920819684688065
0.7920885724547522
0.7920885724547522
0.7920905696030848
0.7920905696030848
0.7920905696030848
0.7922128857738735
0.7922128857738735
0.7922128857738735
0.7922128857738735
0.7923751577384311
0.7924762666630542
0.7925326760762719
0.7925326760762719
0.792609714647793
0.7926295496625818
0.7926353150580817
0.7928493142119719
0.7929557496255462
0.7932236746762094
0.7933574733434899
0.7933574733434899
0.7933574733434899
0.7933574733434899
0.7933574733434899
0.7933574733434899
0.7933756734023105
0.7933850850907659
0.7934258314073727
0.7936585331171615
0.793669645433666
0.793669645433666
0.793669645433666
0.7938125799029683
0.7938305600359314
0.7939225284962736
0.7939851844885234
0.7940003877099144
0.7940083172263268
0.7940307603923148
0.7941124321682084
0.7942655395703802
0.794347346386512
0.7944248266070405
0.794443926034058
0.7944533371770486
0.7944582312733388
0.7944582312733388
0.7944582312733388
0.7945130382485693
0.7946912221513626
0.7947018305968875
0.7947678647266122
0.7948490146517765
0.7950216016694398
0.7951220318207
0.7954037694057433
0.7956072395905881
0.7956072395905881
0.7956072395905881
0.7956072395905881
0.7956072395905881
0.7956189828464257
0.7956958556048549
0.7956958556048549
0.7956958556048549
0.7958686492620328
0.7958686492620328
0.7958818668663862
0.7959347385423514
0.7959457793655035
0.7960151824717753
0.796081219879004
0.7960945841519544
0.7960945841519544
0.7962350654968579
0.7964596574490104
0.7964786873741625
0.7964786873741625
0.7965547076306222
0.7965547076306222
0.7966668344895979
0.7967382913850507
0.7967394505962301
0.7969060386160707
0.7969236333498807
0.7970164243985509
0.7970164243985509
0.7970954521863914
0.7971842699923403
0.7973864412737779
0.7973900487933246
0.7973900487933246
0.7973973499630674
0.7973994251653072
0.7974326449018446
0.7974326449018446
0.7974326449018446
0.7974326449018446
0.7974420207729793
0.7974420207729793
0.797513916597568
0.797513916597568
0.797513916597568
0.797513916597568
0.797513916597568
