0.7981231913861982
0.8043571496100942
0.8052533136274364
0.8064160403624161
0.8070205886046155
0.8081560593538507
0.8088108338310398
0.8088896251329317
0.8091796221399035
0.8109892460343574
0.8122483853648985
0.8129201063268341
0.8129666105328389
0.8133729319900075
0.8145381590600941
0.8145872113958484
0.8156460299078214
0.8161924250424729
0.8170633374210949
0.8171682050048935
0.8172970041546176
0.817862457050988
0.8183534485841696
0.818652127140697
0.8186830457951819
0.8186834604534604
0.8188163367027735
0.819025945152482
0.8191324574588547
0.8193350454847106
0.8193407504483692
0.8198554327147717
0.8201364411029938
0.8201638149020859
0.8201782446404912
0.8202459844367049
0.8202688658387123
0.8204570167037768
0.8209470943356183
0.8209876495948949
0.8213924846712165
0.8228323268465841
0.8235114932716957
0.8235270192350204
0.823865406848861
0.8240539974241601
0.824748843956618
0.8254681006340214
0.8255894287937577
0.825683778930556
0.8258685044519458
0.8258835600850013
0.8260789572063058
0.826505452245694
0.8266712374106344
0.8268787067657302
0.8269729796094805
0.8274046947350399
0.8277364013194939
0.827772866600124
0.8280600214576019
0.8280623949229264
0.8281871499536901
0.8281956515980313
0.828364199466443
0.8284147126771909
0.8284673976972265
0.8284785955488595
0.8285825724011383
0.828723042602283
0.8291167242165042
0.8291180851484823
0.8291341774610123
0.8293943843276024
0.8294561818395958
0.8296432812198641
0.8299268511153862
0.8300590534419918
0.8303970152818422
0.8305569220011013
0.8312503207023532
0.8313047372170791
0.8314482419755925
0.83162085890334
0.831743996208719
0.8322306211627402
0.8324304986567487
0.8325787501156171
0.8326060416855703
0.8326549077526643
0.8329504711405309
0.8330015180017297
0.8331994554660579
0.8333560784997547
0.8334676210012517
0.8335937566311452
0.83362425959905
0.8337851677341381
0.8338240931213101
0.8338389276413661
0.833933043225896
0.8341568948696323
0.8342203907373305
0.8346206532230154
0.8351558522052571
0.8353684600348706
0.8358028487130665
0.8358813910674574
0.8359530356606516
0.8360588660564822
0.8361587920851165
0.8363108296669446
0.8365323872858484
0.836590603486587
0.8366638859024739
0.8367089439515554
0.8367103960189392
0.836906175360739
0.8369589055275735
0.8372234734499616
0.8374338347465676
0.8374962271733789
0.8375311680528807
0.8375537085117944
0.8376826546624215
0.8377296922749857
0.8378181853918703
0.8379186741660739
0.8379491066281877
0.8380801779646702
0.8381541369141311
0.8382361563015951
0.8382961117397206
0.8383348522670993
0.838350236497887
0.8384425310371136
0.8388181517618445
0.8388372562355697
0.8388934431498044
0.8390847771248762
0.839144868471731
0.8391554701644921
0.8393813495508406
0.839438480772295
0.8396687214603087
0.8399091213920364
0.8399800133937892
0.8400676068633348
0.8400925659841667
0.8402523155893395
0.8402931592778263
0.8403834987069531
0.8404273908480436
0.840470242307154
0.8405321182876294
0.8406283702064481
0.8407181929908187
0.8407281323837582
0.8408987626471615
0.8409105614943163
0.8409816534402703
0.841354495607721
0.8413727682088029
0.8414066709512217
0.8415555769200233
0.8415565470114936
0.8415736998077974
0.8415751990073131
0.8415758146908722
0.8416351109092103
0.8417562330294306
0.841913079519456
0.8421464576616322
0.8422113600268131
0.8424820046227862
0.8424891890825861
0.8424966687514109
0.8427331861658051
0.8427775201856318
0.842789470483551
0.842823772833319
0.8433166984223188
0.8434111512920295
0.8435297666618448
0.8435954831013424
0.843609209020111
0.843619676410442
0.8436403794670836
0.8436480737455582
0.8437836626894472
0.8438391244663048
0.843886069732381
0.8439044862086057
0.8439808497118514
0.844092629473303
0.844104338086588
0.8441185995476004
0.8441375319609031
0.8442961108824925
0.8443146730571673
0.8443319798053146
0.8444719134511499
0.8444777008624506
0.8445234226213252
0.8446593591950246
0.8449272221524817
0.8450400721475887
0.8450584813646803
0.8452099522512986
0.8452346554559711
0.8452510604435504
0.845301792100837
0.8454135353929637
0.8454452229209783
0.8455208425891714
0.8457648848254672
0.8458627673265251
0.8459178149602348
0.8460163994392463
0.8460777301138986
0.8460855711655748
0.8461260358149391
0.8461343442215135
0.8463463068842367
0.8463955731689218
0.8464770083252877
0.8465254471042231
0.8466774168649064
0.8467167445873577
0.846783687441646
0.8468248604387176
0.8469081449153892
0.8469171759152834
0.8469710353506524
0.8470261277862752
0.8470833323738978
0.8470843529221448
0.8471340094648417
0.8471349050275981
0.8471485882002332
0.8473728689041503
0.8475714067635236
0.847778973446048
0.8478607733789375
0.8479133426103612
0.8479150948079147
0.8479383852379347
0.8480124179418886
0.848095187141054
0.8481890868217788
0.8483109176119035
0.8483883667911559
0.8488201484916134
0.8489661271745816
0.8489767794429655
0.8490749925646391
0.8490786054693717
0.8491308646111593
0.8492474802815894
0.8493325353841912
0.849395789988198
0.8494325858806681
0.8494761900481512
0.8495105572918565
0.8495303628837466
0.8495304858381111
0.8495672483949669
0.8496783013235593
0.849693596634868
0.8496937551508237
0.849736639100709
0.849750007037729
0.849758039020709
0.8497663830804998
0.8497742046523801
0.8498154996117355
0.849827934770352
0.8498473335132228
0.8498596436821262
0.8499267853022628
0.8499627917508161
0.8499962597085384
0.8499968870786784
0.8499998088711422
0.8500893463495143
0.8501376310394921
0.8501408304136323
0.8503779240415122
0.850408725180315
0.8504378234578605
0.8508642507279507
0.8509065717437527
0.8511737120309162
0.851254535091245
0.8512753075594666
0.8513369971553337
0.8513467802873769
0.8513682478949995
0.8515053998611177
0.8515352676697447
0.8517752615865627
0.8520359579566699
0.8521937718924851
0.8522756738114062
0.8523492943162182
0.8524283403882511
0.8525743074015206
0.8525767351372295
0.8526299275740775
0.852650693936981
0.8527045941753544
0.852715792876339
0.8528567295269555
0.8528845179660061
0.8528936145994113
0.8529980505360698
0.8530394536627806
0.8530895304415225
0.8531463252481617
0.8533288923460646
0.853389550937039
0.8534102923738716
0.8534550460358045
0.8535722978754224
0.8537569551806916
0.8537605015881701
0.8537617765526695
0.8537648126347084
0.8537759555749861
0.8537806834731971
0.8538044980312514
0.8539561911874559
0.8540358062733808
0.8540792237041575
0.8540803968131566
0.8541302082057853
0.8541535238634262
0.8541568755374583
0.854286795467417
0.8542979058585947
0.8543497669185947
0.8543840909445461
0.8545345811057665
0.8546073058370778
0.8546458119439985
0.8546724471070278
0.8547691101936186
0.8547775822048108
0.8549427463330687
0.8549500672154352
0.8549578140360856
0.8550359888548753
0.8551961339309615
0.8553098063756273
0.8553468684643999
0.8553745101291873
0.8554036547850461
0.8554410244965027
0.8554735134018455
0.8555048556235998
0.8556870737051802
0.8557673179278196
0.8558433472128552
0.8559002194214335
0.8559271350894913
0.8559542040563907
0.8559629100043936
0.8559791254394689
0.8560140681039132
0.8562618611152342
0.8563076967923042
0.8563357552274862
0.8564220931075688
0.8564815842575488
0.8566589355388264
0.8566947424616599
0.8567704103256734
0.8567712107958894
0.8568800485316674
0.8571109260506409
0.857131218257033
0.8571561422978509
0.8573070147629646
0.8577322510325891
0.8578841708624775
0.8579446355414836
0.8579587694648582
0.8580535198506049
0.858091731965669
0.858097763868899
0.8581686731921354
0.8582035491274211
0.8582080812774313
0.8582135614636034
0.8583893316448354
0.8584085785413181
0.8584386960822573
0.8585635514867618
0.8585831098280565
0.8586401927287101
0.8586711952802824
0.858806148739422
0.8588846757748128
0.8588887722786797
0.8590424730663104
0.8590956027248985
0.859109472946162
0.8591331669895272
0.8591764644019471
0.8591768595171817
0.8592363838711465
0.8592762804116676
0.8592924701083317
0.859326121692924
0.8594166785357426
0.8594268142694007
0.8595002379973954
0.8595115640264855
0.8595446697790481
0.8596603891825131
0.8597413352195568
0.8598194923187156
0.8598251716314029
0.8599765619180431
0.8600694105196195
0.8601130554874271
0.8601228266839563
0.8601408300026484
0.8601451841702036
0.8602437582236298
0.860244608184987
0.8602546798435995
0.8602833827847076
0.8602834738478414
0.8602871115725164
0.8603013188408586
0.8603381004053368
0.8603539458353062
0.8603785416969171
0.8604539223471098
0.8605165542978751
0.8606121537488192
0.8606599534844566
0.8606659610009726
0.8606985001883176
0.8607111565571449
0.8607315219661251
0.8607648378676451
0.8608601574949675
0.8609129850033252
0.8609687034164482
0.8610248795325351
0.8610503979731742
0.8610923045490035
0.8611006680625285
0.8611061011106143
0.8611540729268841
0.8613110060620909
0.8613586920226225
0.861433929467033
0.861528804958962
0.8615554299283471
0.8615758232369751
0.8615768345946931
0.8616200187806919
0.8616283947180423
0.8616485566100339
0.8616876667831658
0.8617179233134347
0.8617206713895181
0.8619599389157324
0.8621604213139976
0.8622225100810724
0.8622509721814601
0.8622669067856477
0.8625666032448613
0.8625869519339762
0.8626495038990999
0.8626854078889975
0.8627197905808774
0.8627203386026808
0.8627538915303202
0.8627830115208228
0.8627970152100465
0.8628175830649816
0.8628536903158728
0.8629618294061735
0.8630376580509953
0.8632136129998746
0.8633437635581568
0.8634662224909362
0.8635677517017413
0.8636779974098433
0.8638295986797981
0.8638510456384139
0.8638735930091777
0.8639279623355199
0.864022140843563
0.8641108392973943
0.8641232277890154
0.8644333482271765
0.8644726853599798
0.8645086853285534
0.8645325111923985
0.864634783094315
0.864642707008502
0.8647453266615398
0.864772197478783
0.8647753093347059
0.8648399358235545
0.8648855790961497
0.8649180072078754
0.8649778864529948
0.8650006443730621
0.8650224912859252
0.8650269336888454
0.8650515571522867
0.8651167269838751
0.8651250928967885
0.8651415099316844
0.8651454528967654
0.8652219892472938
0.8652689561485529
0.8653086920827434
0.8653882696497132
0.8654050390245226
0.8654974735967972
0.8655609695988641
0.8656848787466704
0.8657482959159231
0.8658260060162025
0.8658570941352701
0.8659586683900151
0.866049775891372
0.8660627841185683
0.8661048829694221
0.8661762951046512
0.8663035700511941
0.866337645744927
0.8664664308460576
0.8666382213270932
0.8666495634962157
0.8668900833935088
0.8668930560572516
0.8669405919255939
0.8670112171308336
0.8670332638382062
0.8670500917500981
0.8671689620713023
0.8671901140690939
0.8671953409706163
0.8672520440124923
0.8672790970572029
0.8673022161160395
0.867356506795858
0.8673891420024027
0.8675285281754878
0.8675410009381338
0.8675650682847201
0.8676160713631044
0.8676358612582218
0.8676625110849439
0.8676633933791651
0.867708547587658
0.8677228503390237
0.8677892132878334
0.8677945696176281
0.8678288084857801
0.867835406190055
0.8680662055845381
0.8680938206335772
0.8681726917350763
0.8682226776658873
0.8683120565950827
0.8683367815843415
0.8683682989498517
0.8683849253118612
0.8684039997331828
0.8684242496249021
0.8684501504394349
0.8684977672439547
0.868645233166181
0.8687256172952207
0.8690195563814894
0.8691841046190792
0.8692005256310101
0.8692813090138933
0.8693237010006416
0.8694102002962621
0.8694220311309598
0.8694874424342203
0.869615945981783
0.8697397799423392
0.8698242596092692
0.8698925667415309
0.8699587436403653
0.8700085669242833
0.8702842985373374
0.8702945951214625
0.8703343511109505
0.8703524748177855
0.8704078037162764
0.870444312957437
0.8707311387599479
0.8707676991573289
0.8707778164075126
0.8708051418656445
0.8708056879557046
0.8708661518962404
0.870896160565007
0.8709776261645191
0.8710485409854243
0.8711688961407072
0.8713338713177243
0.8715042686493972
0.8715714869330446
0.8716583938692142
0.8716670785676957
0.8716866267064136
0.8717864607507119
0.8718388721216345
0.8718512627269929
0.8719051771507098
0.872114073910832
0.8721246845603895
0.8721408390382716
0.8721504518428156
0.8721681785220738
0.872193544270751
0.8722038435279847
0.8722404178297242
0.8722747642266232
0.8725366161644926
0.8726550651433256
0.8726839744406201
0.872693489919421
0.8728259241563266
0.8728261666510637
0.8729556539415566
0.8729755258850811
0.8730021355069908
0.8731673309632588
0.8732111932353728
0.8734040166075083
0.873441659434889
0.8735524777892053
0.8735717681962178
0.8736961913919494
0.8737501838780817
0.8737795870181099
0.8739320575673554
0.8741199719874644
0.8741380250675339
0.8741566264882173
0.874168059774279
0.874216673153913
0.8742481388966264
0.8742517845419959
0.8742833103296852
0.8743334232081257
0.8743397077473636
0.8743496484820759
0.8743512329530673
0.8744807474594072
0.8745470156313576
0.8746070417803937
0.8746348683024412
0.8746633366148556
0.8746936801098536
0.8748743679594299
0.8748933810148931
0.8748966171048076
0.8749163601358455
0.8749843372872813
0.874984918467193
0.875014641378068
0.87502135767678
0.8750612617318694
0.875093903296876
0.875109421866321
0.8751142512404997
0.8751529119722544
0.8751707914138158
0.8751952425488834
0.8752236094067015
0.8755932587030165
0.8757183096668028
0.8757308996282247
0.8759289424904884
0.8759909653601096
0.8760218308097099
0.8760309695856355
0.876188041221918
0.8762189389429738
0.87634106509712
0.8763585815466123
0.8763615518902024
0.8764006704072776
0.8764337905576775
0.8767096302810657
0.8768174869000398
0.8768791036692991
0.8772532004240644
0.8772637160148521
0.8772693325295053
0.8773256053580266
0.8774581377337741
0.8774666820148779
0.877642420441192
0.87764662044246
0.8776819375551144
0.8779214936019369
0.8779509495924095
0.8779580488768379
0.8781140260986939
0.878125705235242
0.8781407319954836
0.8782049555460674
0.8782071887934371
0.8783694510224413
0.8783780975317571
0.8785699605450822
0.878577754084576
0.8789962400943105
0.8790657356980974
0.8791138796963126
0.8793512310584267
0.8794898387549447
0.8795180217831818
0.8795707771719764
0.879589893402476
0.8796901179030778
0.8799148167134757
0.8801538758948542
0.8801836475466899
0.880215705677155
0.8802307061265574
0.8803079293349225
0.880434837973358
0.8804873433126305
0.8805190704049908
0.8806180201849643
0.8806568232192283
0.8808007461168129
0.88099582718584
0.8811472877084193
0.8812362229108628
0.8812391877309174
0.8814324581311802
0.8814426385211692
0.8814682160567879
0.8816870838217183
0.881722800246027
0.8817691937412407
0.881911046303642
0.8819435636957456
0.8819642382491628
0.8820733735335722
0.8821164969319939
0.8821619209150926
0.882308497217031
0.8823633926062283
0.8824154311914798
0.8826368404567503
0.8826487618286095
0.8826757633896515
0.8827391992494612
0.8827844899941314
0.8828999825522102
0.8829129479981502
0.8829288241445479
0.8829591186324987
0.8830776932977775
0.8831437070009349
0.8831966939907797
0.8834346628451014
0.8834703739574198
0.883704730911822
0.8838300555063521
0.883947479381226
0.8840027689515692
0.8840702946225888
0.8842068087046937
0.88425295219264
0.8842714574065266
0.884302949263067
0.8843179176819271
0.8843248850362508
0.8843500062211833
0.8844131759164238
0.8845397363951656
0.8845469630366785
0.884556855872898
0.8846020395722503
0.8847114133814507
0.8848797037260081
0.884911046579329
0.8851597169697732
0.8851775526590641
0.8854004630274861
0.8854040130805353
0.8854765865808994
0.8855488204498092
0.8855878854360164
0.8857607666158464
0.885776888078778
0.8858710089113491
0.8859589750685359
0.8859678174321526
0.8859924173542247
0.8860620482775069
0.8861754340367571
0.8861781869166891
0.8863494131986678
0.8863811475428298
0.8864175896227497
0.8864230085931757
0.8864928304980191
0.8865174437573362
0.8865217334889012
0.8865499813257195
0.8865559095209858
0.8866085375688137
0.8866267471473277
0.8866433395967211
0.8867282036318155
0.8868413864393476
0.8869472222635433
0.8869829267628091
0.8870368573248513
0.8872961914099341
0.887317582313011
0.887419666044506
0.8875224906379706
0.8875627896238169
0.8875763094431373
0.8879444816026663
0.8881105622449367
0.8883698335212047
0.8885942445719552
0.8887762430159037
0.8887971916093743
0.8888595148918885
0.8890513157687923
0.8891359530649137
0.8893502294006769
0.8894765339561483
0.8895764587847093
0.8896238501276317
0.8896960377020984
0.8897470110096087
0.889752542545402
0.8897917427092398
0.8897940488200278
0.8898252602755078
0.8898346758586786
0.8898414007729378
0.8903123257417047
0.8903317300181288
0.890396949677812
0.89069539011803
0.8908869747009764
0.8909418475077131
0.8913157364655866
0.8913869343810122
0.891389190109406
0.8915717047965193
0.8916407905761441
0.891747827663058
0.89180886749839
0.8918417483081105
0.8919931868833465
0.8920485216476283
0.8920831438040528
0.8921654661737618
0.8923016736328361
0.8923472414337975
0.8926856841557164
0.8927397074359713
0.8927657110360836
0.8928447655805898
0.8928755517634825
0.8931210566765577
0.8932001120836434
0.8932436584297098
0.8933388418334154
0.8934009529019667
0.8934341381622335
0.8936062996046378
0.8936995251338689
0.8939930489070712
0.8940863447885861
0.8941608235447648
0.8942999221746967
0.89436070945737
0.8944843735834483
0.8945399629344113
0.8947859865360657
0.8949126588500723
0.8949474788833184
0.8952658720003406
0.8953216338802176
0.8953455853690526
0.8955258188440773
0.8955863909423111
0.8956002914529383
0.8956151922906415
0.8957445045772632
0.8957744592399829
0.8961170952213127
0.8961385102213749
0.8961439885020036
0.8965491534749165
0.8966480034778699
0.8967349308469234
0.8967377080185989
0.8968555245169486
0.8970375705020375
0.8970427567834501
0.8972124304711973
0.8972231915976777
0.8973314987871712
0.8973918984650769
0.897662830661607
0.897992402638953
0.8987471618301753
0.8988454321865609
0.8989487004364641
0.8990684025135286
0.8991752080923645
0.8992388387550574
0.8994358801545376
0.8997891842601758
0.8997948709584895
0.8998822335565853
0.899887916612313
0.899988617278742
0.9003307791286799
0.9004101036305768
0.9006004578965143
0.9008652349543886
0.9009291352624824
0.9012849602778
0.9014311608361458
0.901486055018264
0.9020370620130367
0.9022326392425575
0.9027892816258629
0.9029129786570821
0.9029953852258383
0.9030832782921423
0.9035466308713105
0.903589838299986
0.9036045587143691
0.9038724031282837
0.904907080872872
0.9050190669159023
0.905150843908978
0.9056601931154113
0.9056724821803788
0.9059384256819033
0.9061012627986549
0.9067004189044652
0.9070485993580929
0.907290937213434
0.908055264539481
0.9085254726670537
0.9091808167955173
0.910078474616542
0.9101369214700448
0.91045828115151
0.91121938159173
0.9114781758373038
0.9119020261419815
0.9121611706431773
0.9130475260743951
0.9145246289347635
0.9146555308001196
0.9153036734934443
0.9158453723883087
0.9158543073737696
0.916110736121097
0.9166983140026308
0.917182401276607
0.9172482305362101
0.9175779979966655
0.918375079455114
0.9203732001410911
0.9204599444902185
0.9223690590341244
0.9260376098559523
0.9263982127431067
0.9273353018525877
0.928044783653873
0.9280930687684649
0.9284494834431262
0.9299490730503551
0.9305915589095397
0.9312953413601974
0.9323780679155173
