0.7409433451841154
0.7409433451841154
0.7418937659936625
0.7419380033277225
0.7419380033277225
0.7419380033277225
0.7419380033277225
0.7419380033277225
0.7419380033277225
0.7419380033277225
0.7419380033277225
0.7419380033277225
0.7419380033277225
0.7419380033277225
0.7419380033277225
0.7419380033277225
0.7419380033277225
0.7419380033277225
0.7419380033277225
0.7419380033277225
0.7426146947176349
0.7426146947176349
0.7426146947176349
0.7426146947176349
0.7426146947176349
0.7426146947176349
0.7426146947176349
0.7426146947176349
0.7426146947176349
0.7426146947176349
0.7426146947176349
0.7426146947176349
0.7426146947176349
0.7426146947176349
0.7426146947176349
0.7426146947176349
0.7426146947176349
0.7426146947176349
0.7426146947176349
0.7426146947176349
0.7426146947176349
0.7426146947176349
0.7426146947176349
0.7426146947176349
0.7426146947176349
0.7426146947176349
0.7426247626829499
0.7426247626829499
0.7427538093262073
0.7427538093262073
0.7427780861096072
0.7427881518602679
0.7427881518602679
0.7427881518602679
0.7431472175052675
0.7465221456708052
0.7465221456708052
0.7465221456708052
0.7469164156383548
0.7480763714483717
0.7480763714483717
0.7480763714483717
0.7480763714483717
0.7483922585837403
0.7486344421446727
0.7487965199968213
0.7494605472997533
0.7494769947952571
0.7497469579440277
0.7503340628709019
0.7503340628709019
0.7503340628709019
0.7503340628709019
0.7504265709010466
0.7504265709010466
0.7504603425475795
0.7505882617709849
0.7505882617709849
0.7505882617709849
0.7505882617709849
0.7505882617709849
0.7505882617709849
0.7505882617709849
0.7505882617709849
0.7505882617709849
0.7505882617709849
0.7506220261427953
0.7506220261427953
0.7506220261427953
0.7506220261427953
0.7506220261427953
0.7507209081969742
0.7507209081969742
0.7511407500535561
0.7511407500535561
0.7511647557806994
0.7512908958315373
0.7514623502829534
0.7514623502829534
0.7518242290095613
0.7523283698322993
0.752615570049468
0.753132920898555
0.753132920898555
0.753132920898555
0.753166790171068
0.7538145935679352
0.7539038287787154
0.7539038287787154
0.7539038287787154
0.7539038287787154
0.7539038287787154
0.7540692376650641
0.7540692376650641
0.7541850312756134
0.7547305926421228
0.7547305926421228
0.7547305926421228
0.7547305926421228
0.7547305926421228
0.7547305926421228
0.7547305926421228
0.7547305926421228
0.7547305926421228
0.7547305926421228
0.7547305926421228
0.7547305926421228
0.7547305926421228
0.7547404989857582
0.7547404989857582
0.7547404989857582
0.7547404989857582
0.7547404989857582
0.7549057245476654
0.7549057245476654
0.7549057245476654
0.7549057245476654
0.7549057245476654
0.7549057245476654
0.7549057245476654
0.7549057245476654
0.7549057245476654
0.7550213898706862
0.7550213898706862
0.7550213898706862
0.7550213898706862
0.7550213898706862
0.7553869528054302
0.7558484805447513
0.7558820099487328
0.7558820099487328
0.7558820099487328
0.7558820099487328
0.7563806824642805
0.7567078530057713
0.756716492965629
0.7569052869673052
0.7569961331989367
0.757427958542646
0.7575077526251914
0.7575315565858145
0.7581879282714121
0.7581879282714121
0.7581879282714121
0.7581879282714121
0.7581879282714121
0.7581879282714121
0.7581879282714121
0.7583277708963893
0.758986268033329
0.7590182428261897
0.7593214420686937
0.7607633114898883
0.7612567481358617
0.7612567481358617
0.7612567481358617
0.7612567481358617
0.7612567481358617
0.7612567481358617
0.7612567481358617
0.7612567481358617
0.7612567481358617
0.7612567481358617
0.7612567481358617
0.7612567481358617
0.7612567481358617
0.7612567481358617
0.7612567481358617
0.7612567481358617
0.7612567481358617
0.7612567481358617
0.7612567481358617
0.7612567481358617
0.7612567481358617
0.7612567481358617
0.7612567481358617
0.7612567481358617
0.7612567481358617
0.7612567481358617
0.7612567481358617
0.7612567481358617
0.7612567481358617
0.7612567481358617
0.7612567481358617
0.7612567481358617
0.7612567481358617
0.7612567481358617
0.7612567481358617
0.7612567481358617
0.7612567481358617
0.7612567481358617
0.7612567481358617
0.7612567481358617
0.7612567481358617
0.7612804348717008
0.7612804348717008
0.7612804348717008
0.7612804348717008
0.7612804348717008
0.7612804348717008
0.7612804348717008
0.7612804348717008
0.7612804348717008
0.7612804348717008
0.7612804348717008
0.7612804348717008
0.7612804348717008
0.7612804348717008
0.7612804348717008
0.7612804348717008
0.7612804348717008
0.7612804348717008
0.7613517650472192
0.7613517650472192
0.761375448827039
0.761375448827039
0.761375448827039
0.761375448827039
0.761375448827039
0.761375448827039
0.7613836711865433
0.7619917515188244
0.7620428245589578
0.7621638228182029
0.7622121309134111
0.7622532796386354
0.7622532796386354
0.7630151836186618
0.7636057373441543
0.7636829890737388
0.7637997130356017
0.764040081606756
0.7646874104883126
0.7646874104883126
0.7646874104883126
0.7648656640637774
0.7648771479712764
0.7654951954012746
0.7655382071456828
0.7657174544773263
0.7657174544773263
0.7658459084303444
0.7658459084303444
0.7658459084303444
0.7658459084303444
0.7658459084303444
0.7661464056574456
0.7661464056574456
0.7661464056574456
0.7661464056574456
0.7661464056574456
0.7662859222699447
0.7662859222699447
0.7662859222699447
0.7662859222699447
0.766309453553301
0.766309453553301
0.766309453553301
0.766309453553301
0.7663192102149733
0.7663192102149733
0.7663192102149733
0.7663192102149733
0.7665296207787399
0.7665296207787399
0.7665296207787399
0.7665296207787399
0.766550535841401
0.766550535841401
0.766550535841401
0.766550535841401
0.766550535841401
0.7665521943195923
0.7665757174292969
0.7665757174292969
0.7666353377488498
0.7666353377488498
0.7666353377488498
0.7666879155988331
0.7666879155988331
0.7666879155988331
0.7666879155988331
0.7666879155988331
0.7667381344853775
0.7667381344853775
0.7667381344853775
0.7668997769928375
0.76720560117289
0.76720560117289
0.76720560117289
0.76720560117289
0.7673211390924761
0.7673211390924761
0.7673211390924761
0.7673211390924761
0.7673211390924761
0.7673211390924761
0.7673211390924761
0.7673211390924761
0.7673211390924761
0.7673211390924761
0.7673211390924761
0.7673211390924761
0.7673211390924761
0.7673211390924761
0.7673734174186669
0.7673734174186669
0.7673734174186669
0.7673734174186669
0.7675106498852954
0.7675106498852954
0.7675106498852954
0.7676368540129946
0.7676368540129946
0.767737969938742
0.7680332567581303
0.7680332567581303
0.7680622513167652
0.7680715687827543
0.7680715687827543
0.7680715687827543
0.7680715687827543
0.7680715687827543
0.7680715687827543
0.7680715687827543
0.7680715687827543
0.7681099862551191
0.7681099862551191
0.7681099862551191
0.7681099862551191
0.7681099862551191
0.7681099862551191
0.7681099862551191
0.7681099862551191
0.7681099862551191
0.7681099862551191
0.7681099862551191
0.7681099862551191
0.7681099862551191
0.7681334616594294
0.7681334616594294
0.7681334616594294
0.7681334616594294
0.7681431951532472
0.7681794155493719
0.7681794155493719
0.7681794155493719
0.7682326820502612
0.7684585723388297
0.7684585723388297
0.7684585723388297
0.7684585723388297
0.7685526988822313
0.7686397921493877
0.7686903591164654
0.7688547945366851
0.7688547945366851
0.7688547945366851
0.7688547945366851
0.7688547945366851
0.7688547945366851
0.7688547945366851
0.7688547945366851
0.7688547945366851
0.7688547945366851
0.7688547945366851
0.768862532922292
0.768862532922292
0.768862532922292
0.7689488725787805
0.7689488725787805
0.7689488725787805
0.7689488725787805
0.7689488725787805
0.7690274837655641
0.7691054614693276
0.7692374054548146
0.7694697078080339
0.7699038321847363
0.7699915597843139
0.7701635247892752
0.7702186597557829
0.7703760128055589
0.7703760128055589
0.7703760128055589
0.7703760128055589
0.7703760128055589
0.7703760128055589
0.7703760128055589
0.7704699050996866
0.7704699050996866
0.7704699050996866
0.7704699050996866
0.7704699050996866
0.7705071648527031
0.770530567223267
0.770530567223267
0.770530567223267
0.770530567223267
0.770530567223267
0.770530567223267
0.7705389630072096
0.7708111191530266
0.7708111191530266
0.770827769009801
0.770827769009801
0.770827769009801
0.770827769009801
0.770827769009801
0.770827769009801
0.770827769009801
0.770827769009801
0.770827769009801
0.770827769009801
0.770827769009801
0.7708665073308076
0.7708665073308076
0.7708665073308076
0.7710191969121023
0.7710563196083187
0.7710563196083187
0.7710563196083187
0.7710563196083187
0.7710563196083187
0.7712269031035817
0.7712599777935725
0.7713037336428171
0.77141391325864
0.7714415300849474
0.7714649041115634
0.7715842449147011
0.7716159078426963
0.7716294571697001
0.7716294571697001
0.7718096617900907
0.7718384201105206
0.7718384201105206
0.7718384201105206
0.7718384201105206
0.7718591913206998
0.7719554011188475
0.7719941540681227
0.7719956263819047
0.77211258357227
0.772121549559015
0.7723127955875576
0.7723376024513705
0.7724148509753661
0.7724353024261691
0.7724353024261691
0.7725126568229082
0.7725401205120324
0.7726244998223138
0.7726244998223138
0.7726244998223138
0.7726556700890567
0.7726558728704449
0.7726558728704449
0.7726558728704449
0.7726558728704449
0.7726558728704449
0.7726558728704449
0.7726558728704449
0.7726558728704449
0.7726558728704449
0.7727181189048241
0.7727181189048241
0.7727368353130313
0.772749488152091
0.772908369118032
0.7730258122668304
0.7730491383908605
0.7730491383908605
0.7730491383908605
0.7730491383908605
0.7730491383908605
0.7730491383908605
0.7730491383908605
0.7730491383908605
0.7730491383908605
0.7730491383908605
0.7731109669932024
0.7731193827533508
0.7733317339369992
0.7733317339369992
0.7733317339369992
0.7733317339369992
0.7733317339369992
0.7733317339369992
0.7733317339369992
0.7733317339369992
0.7733317339369992
0.7734041348690416
0.7734041348690416
0.7734041348690416
0.773497659589646
0.773497659589646
0.773497659589646
0.773497659589646
0.7738045882851079
0.7741474074593743
0.7741690274516934
0.774409361408644
0.774409361408644
0.7744564691041379
0.774711142491937
0.774711142491937
0.7747989076050003
0.7747989076050003
0.7750099154596213
0.7753700887836967
0.7754203816896462
0.7754214451542369
0.775428565012102
0.775428565012102
0.7755253651965401
0.7755253651965401
0.7755253651965401
0.7755253651965401
0.7755253651965401
0.7755253651965401
0.7755253651965401
0.7755253651965401
0.7755253651965401
0.7755253651965401
0.7756186341375227
0.7758092129651
0.7758092129651
0.7758092129651
0.7758092129651
0.7758092129651
0.7759260399175062
0.7759947380189106
0.7759947380189106
0.7760435948818419
0.7760435948818419
0.7760668303008391
0.7760668303008391
0.7760668303008391
0.7760668303008391
0.7760668303008391
0.7760668303008391
0.7761200477691421
0.7762349227953803
0.7762349227953803
0.7762349227953803
0.7762349227953803
0.7762349227953803
0.7762349227953803
0.7762349227953803
0.7762349227953803
0.7765798972152547
0.7765798972152547
0.7765798972152547
0.7766861449447803
0.7769841903067992
0.7769841903067992
0.7770788193497973
0.7771038949990752
0.7771038949990752
0.7771969745057318
0.7771969745057318
0.7771969745057318
0.7771969745057318
0.7771969745057318
0.7771969745057318
0.7771969745057318
0.7771969745057318
0.777227140895161
0.777227140895161
0.777227140895161
0.7772297703854407
0.7772297703854407
0.7772297703854407
0.7772297703854407
0.7772297703854407
0.7772654347317709
0.7773921626315256
0.7773921626315256
0.7773921626315256
0.7774142687211245
0.7776279514982275
0.7776279514982275
0.7776496549963056
0.7776496549963056
0.7776496549963056
0.7776496549963056
0.7779027812185223
0.7779027812185223
0.7779957651463416
0.7781736530365195
0.7784063536726779
0.7784295185654594
0.7784295185654594
0.7784295185654594
0.7784295185654594
0.7784391233188338
0.7784391233188338
0.7784391233188338
0.778451838841279
0.778451838841279
0.778498569515129
0.778825464547217
0.778877300677621
0.7790299056278325
0.7794359008449969
0.7795043777784748
0.779753956632087
0.779753956632087
0.779753956632087
0.779753956632087
0.7798152976962542
0.7799485224751748
0.7803227085029298
0.7803227085029298
0.7803227085029298
0.7805265989387321
0.7806405719953008
0.7808600849162878
0.7812195367565992
0.7812392211483902
0.7812392211483902
0.7813114152903289
0.7813343005613654
0.7813343005613654
0.7813343005613654
0.7813484007912488
0.7814895966216077
0.781575123440496
0.7816040921787037
0.7818059186018017
0.781950568198594
0.7819589591282181
0.7820876310354922
0.782301430484375
0.7825413989836819
0.7828930304862664
0.7830707711983113
0.7832415193139869
0.7833074580368109
0.7833385120084975
0.7833385120084975
0.7833385120084975
0.7833385120084975
0.7833385120084975
0.7833579940232356
0.7834064162406771
0.7834064162406771
0.7834178739731418
0.7834223826352718
0.7834223826352718
0.7835018641582525
0.7835506651300992
0.7835506651300992
0.7835711679636865
0.7838236093143311
0.7841437764579603
0.7841773386562437
0.7845185315247296
0.7852174088403924
0.7852174088403924
0.7853838018693596
0.7853838018693596
0.7853838018693596
0.7853838018693596
0.786176517280096
0.7861869714011002
0.7861869714011002
0.7863800801675802
0.7867162297761258
0.7867711341056827
0.7868113443054864
0.7868113443054864
0.786811529464345
0.7868578527455335
0.7869649779879737
0.7869655595525712
0.7869655595525712
0.786978877788169
0.7870667120719792
0.7870667120719792
0.787312884669798
0.7875728888325239
0.7875728888325239
0.7877750423639808
0.7878437766346814
0.7879340350117073
0.788064007260723
0.7882336301456586
0.7883708628042718
0.7883708628042718
0.7891709922955966
0.7891709922955966
0.7891709922955966
0.7891709922955966
0.7891709922955966
0.7891709922955966
0.7891709922955966
0.7891709922955966
0.7891709922955966
0.7891709922955966
0.7891709922955966
0.7895109688991997
0.7904370392606156
0.7910041615203465
0.7910041615203465
0.7913262170574208
0.7919117241779912
0.7920406810299923
0.7920406810299923
0.7920819684688065
0.7920885724547522
0.7920885724547522
0.7923751577384311
0.7925326760762719
0.7925326760762719
0.7932236746762094
0.7933756734023105
0.7940083172263268
0.7942655395703802
0.794347346386512
0.7944582312733388
0.7944582312733388
0.7944582312733388
0.7947678647266122
0.7956072395905881
0.7956072395905881
0.7956072395905881
0.7956072395905881
0.7956072395905881
0.7960945841519544
0.7960945841519544
0.7962350654968579
0.7964786873741625
0.7964786873741625
0.7965547076306222
0.7965547076306222
0.7966668344895979
0.7967382913850507
0.7970164243985509
0.7970164243985509
0.7970954521863914
0.7975300262192231
0.797583770857389
0.797583770857389
0.797583770857389
0.797583770857389
0.797583770857389
0.797583770857389
0.797583770857389
0.797583770857389
0.797583770857389
0.797583770857389
0.797583770857389
0.797583770857389
0.797583770857389
0.7977904165174979
0.7978109668533426
0.7981231913861982
0.7981231913861982
0.7981231913861982
0.7991962591554498
0.7993227047728018
0.7993227047728018
0.7993278665164261
0.7997594815059614
0.8002942464342517
0.8008957225460941
0.8012209637738652
0.801740191432961
0.8021812098774379
0.8026446985819111
0.8026716244256933
0.8037380365176648
0.8037857080470023
0.8041186801295788
0.8043571496100942
0.8044614115438875
0.8050369830173001
0.8052533136274364
0.8055142426709243
0.8056461127617018
0.806356472316109
0.8064160403624161
0.8066213570411496
0.8066213570411496
0.8066213570411496
0.8066213570411496
0.8066213570411496
0.8066213570411496
0.8067819387738246
0.8067819387738246
0.8070205886046155
0.8070424740663645
0.807138772583838
0.8071833810428003
0.8081560593538507
0.8086157596247924
0.8087406458459142
0.8087406458459142
0.8087498906229342
0.8087603894345674
0.8087603894345674
0.8088108338310398
0.8088896251329317
0.8090292301818851
0.8091796221399035
0.8105456186152326
0.8106864371722223
0.8109892460343574
0.8113252432796506
0.8122483853648985
0.8129201063268341
0.8129201063268341
0.8129666105328389
0.8133729319900075
0.8137377138019543
0.8145381590600941
0.8145872113958484
0.8146633470132366
0.8156460299078214
0.8161924250424729
0.8170633374210949
0.8171682050048935
0.8172970041546176
0.8173109615303782
0.8174264219267932
0.8174264219267932
0.8174264219267932
0.8174319031408929
0.8174319031408929
0.817862457050988
0.8183534485841696
0.818652127140697
0.8186830457951819
0.8186834604534604
0.8188163367027735
0.819025945152482
0.8191324574588547
0.8193350454847106
0.8193407504483692
0.8198554327147717
0.8201042415756866
0.8201364411029938
0.8201638149020859
0.8201782446404912
0.8202459844367049
0.8202688658387123
0.8204570167037768
0.8208543194714772
0.8209470943356183
0.8209876495948949
0.8213924846712165
0.8221829032893379
0.8222316082080261
0.8222983197530401
0.8223202482030538
0.8228323268465841
0.8231026894549399
0.8235114932716957
0.8235270192350204
0.823865406848861
0.8240539974241601
0.824748843956618
0.8254681006340214
0.8255894287937577
0.825683778930556
0.8258685044519458
0.8258835600850013
0.8260789572063058
0.826505452245694
0.8266712374106344
0.8268787067657302
0.8269729796094805
0.8274046947350399
0.8277364013194939
0.827772866600124
0.8280600214576019
0.8280623949229264
0.8281871499536901
0.8281956515980313
0.828364199466443
0.8284147126771909
0.8284673976972265
0.8284785955488595
0.8285825724011383
0.828723042602283
0.8291167242165042
0.8291180851484823
0.8291341774610123
0.8293943843276024
0.8294561818395958
0.8296432812198641
0.8299268511153862
0.8300590534419918
0.8303970152818422
0.8305569220011013
0.8312503207023532
0.8313047372170791
0.8314482419755925
0.83162085890334
0.831743996208719
0.8322306211627402
0.8324304986567487
0.8325787501156171
0.8326060416855703
0.8326549077526643
0.8329504711405309
0.8330015180017297
0.8331994554660579
0.8333465360561506
0.8333560784997547
0.8334676210012517
0.8335937566311452
0.83362425959905
0.8337851677341381
0.8338240931213101
0.8338389276413661
0.833933043225896
0.8341568948696323
0.8342203907373305
0.8346206532230154
0.8351558522052571
0.8353684600348706
0.8358028487130665
0.8358813910674574
0.8359530356606516
0.8360588660564822
0.8361587920851165
0.8363108296669446
0.8365323872858484
0.836590603486587
0.8366638859024739
0.8367089439515554
0.8367103960189392
0.836906175360739
0.8369589055275735
0.8372234734499616
0.8374338347465676
0.8374962271733789
0.8375311680528807
0.8375537085117944
0.8376826546624215
0.8377296922749857
0.8378181853918703
0.8379186741660739
0.8379491066281877
0.8380801779646702
0.8381541369141311
0.8382361563015951
0.8382961117397206
0.8383348522670993
0.838350236497887
0.8384425310371136
0.8388181517618445
0.8388372562355697
0.8388934431498044
0.8390847771248762
0.839144868471731
0.8391554701644921
0.8393813495508406
0.839438480772295
0.8396687214603087
0.8399091213920364
0.8399800133937892
0.8400676068633348
0.8400925659841667
0.8402523155893395
0.8402931592778263
0.8403834987069531
0.8404273908480436
0.840470242307154
0.8405321182876294
0.8406283702064481
0.8407181929908187
0.8407281323837582
0.8408987626471615
0.8409105614943163
0.8409816534402703
0.841354495607721
