1.0 11.0 31.0 17.0 6.0 32.0 18.0 22.0 -1.0 2.0 25.0 8.0 15.0 -1.0 19.0 23.0 27.0 14.0 20.0 0.0 16.0 29.0 26.0 24.0 28.0 21.0 7.0 4.0 30.0 12.0 10.0 9.0 13.0 -1.0 3.0 5.0
1.0 11.0 31.0 17.0 6.0 32.0 18.0 22.0 -1.0 2.0 25.0 8.0 15.0 -1.0 19.0 23.0 27.0 14.0 20.0 0.0 16.0 29.0 26.0 24.0 28.0 21.0 7.0 4.0 30.0 12.0 10.0 9.0 13.0 -1.0 3.0 5.0
23.0 22.0 4.0 20.0 17.0 8.0 16.0 12.0 10.0 32.0 3.0 15.0 14.0 1.0 2.0 18.0 9.0 -1.0 28.0 25.0 13.0 5.0 6.0 24.0 -1.0 7.0 31.0 21.0 30.0 26.0 -1.0 0.0 29.0 19.0 11.0 27.0
25.0 28.0 21.0 24.0 12.0 18.0 15.0 10.0 -1.0 23.0 26.0 3.0 1.0 16.0 22.0 17.0 13.0 14.0 -1.0 27.0 20.0 -1.0 7.0 30.0 4.0 8.0 0.0 31.0 32.0 6.0 2.0 11.0 5.0 19.0 29.0 9.0
13.0 30.0 12.0 9.0 0.0 1.0 22.0 15.0 32.0 18.0 14.0 26.0 23.0 6.0 -1.0 4.0 20.0 11.0 8.0 19.0 -1.0 5.0 -1.0 24.0 10.0 7.0 31.0 3.0 17.0 2.0 27.0 16.0 25.0 28.0 21.0 29.0
23.0 -1.0 4.0 20.0 17.0 8.0 16.0 12.0 10.0 -1.0 3.0 15.0 14.0 1.0 2.0 18.0 9.0 -1.0 28.0 25.0 13.0 5.0 6.0 24.0 32.0 7.0 31.0 21.0 30.0 26.0 22.0 0.0 29.0 19.0 11.0 27.0
23.0 -1.0 4.0 20.0 17.0 8.0 16.0 12.0 10.0 22.0 3.0 15.0 14.0 1.0 2.0 18.0 9.0 -1.0 28.0 25.0 13.0 5.0 6.0 24.0 -1.0 7.0 31.0 21.0 30.0 26.0 32.0 0.0 29.0 19.0 11.0 27.0
1.0 12.0 32.0 11.0 0.0 8.0 20.0 29.0 25.0 26.0 2.0 22.0 7.0 16.0 15.0 -1.0 30.0 31.0 3.0 23.0 6.0 -1.0 27.0 4.0 19.0 10.0 24.0 -1.0 21.0 28.0 13.0 5.0 9.0 17.0 18.0 14.0
21.0 23.0 25.0 29.0 15.0 16.0 2.0 17.0 27.0 14.0 26.0 32.0 10.0 11.0 -1.0 12.0 20.0 28.0 18.0 24.0 22.0 -1.0 30.0 1.0 -1.0 7.0 6.0 0.0 9.0 3.0 5.0 31.0 19.0 13.0 8.0 4.0
1.0 11.0 31.0 17.0 6.0 32.0 3.0 22.0 -1.0 2.0 25.0 8.0 15.0 -1.0 19.0 23.0 27.0 14.0 20.0 0.0 16.0 29.0 26.0 24.0 28.0 21.0 7.0 4.0 30.0 12.0 10.0 9.0 13.0 -1.0 18.0 5.0
10.0 -1.0 4.0 2.0 17.0 8.0 16.0 12.0 23.0 32.0 3.0 15.0 14.0 1.0 20.0 18.0 9.0 -1.0 28.0 25.0 13.0 5.0 6.0 24.0 -1.0 7.0 31.0 21.0 30.0 26.0 22.0 0.0 29.0 19.0 11.0 27.0
9.0 -1.0 17.0 13.0 16.0 19.0 2.0 1.0 12.0 18.0 24.0 32.0 15.0 30.0 26.0 25.0 7.0 6.0 -1.0 20.0 14.0 5.0 0.0 3.0 10.0 4.0 -1.0 22.0 31.0 8.0 28.0 21.0 11.0 23.0 27.0 29.0
0.0 17.0 21.0 8.0 15.0 19.0 2.0 24.0 14.0 22.0 28.0 20.0 27.0 1.0 -1.0 11.0 30.0 23.0 31.0 32.0 4.0 25.0 26.0 -1.0 5.0 16.0 7.0 9.0 13.0 6.0 3.0 -1.0 18.0 12.0 29.0 10.0
1.0 11.0 31.0 17.0 6.0 32.0 18.0 22.0 -1.0 2.0 4.0 8.0 15.0 -1.0 19.0 23.0 27.0 14.0 20.0 0.0 16.0 29.0 26.0 24.0 28.0 21.0 7.0 25.0 30.0 12.0 10.0 9.0 13.0 -1.0 3.0 5.0
23.0 -1.0 4.0 20.0 17.0 8.0 16.0 12.0 10.0 22.0 3.0 15.0 14.0 1.0 2.0 18.0 9.0 -1.0 28.0 25.0 13.0 5.0 6.0 24.0 -1.0 7.0 31.0 21.0 30.0 26.0 32.0 0.0 29.0 19.0 11.0 27.0
23.0 -1.0 4.0 20.0 17.0 8.0 16.0 12.0 10.0 32.0 15.0 3.0 14.0 1.0 2.0 18.0 9.0 -1.0 28.0 25.0 13.0 5.0 6.0 24.0 -1.0 7.0 31.0 21.0 30.0 26.0 22.0 0.0 29.0 19.0 11.0 27.0
17.0 7.0 1.0 22.0 -1.0 14.0 16.0 32.0 12.0 31.0 15.0 23.0 24.0 28.0 8.0 19.0 18.0 5.0 10.0 -1.0 3.0 27.0 11.0 20.0 6.0 13.0 4.0 29.0 2.0 0.0 9.0 21.0 25.0 -1.0 30.0 26.0
32.0 -1.0 4.0 20.0 17.0 8.0 16.0 12.0 10.0 23.0 3.0 15.0 14.0 1.0 2.0 18.0 9.0 -1.0 28.0 25.0 13.0 5.0 6.0 24.0 -1.0 7.0 31.0 21.0 30.0 26.0 22.0 0.0 29.0 19.0 11.0 27.0
1.0 11.0 0.0 17.0 6.0 8.0 18.0 22.0 5.0 2.0 25.0 32.0 15.0 -1.0 -1.0 23.0 27.0 29.0 20.0 14.0 16.0 31.0 26.0 24.0 28.0 21.0 7.0 4.0 -1.0 12.0 10.0 9.0 13.0 19.0 3.0 30.0
23.0 -1.0 4.0 32.0 17.0 8.0 16.0 12.0 10.0 9.0 3.0 15.0 14.0 1.0 20.0 18.0 2.0 -1.0 28.0 25.0 13.0 5.0 6.0 24.0 -1.0 7.0 31.0 21.0 30.0 26.0 22.0 0.0 29.0 19.0 11.0 27.0
23.0 32.0 4.0 2.0 17.0 8.0 16.0 12.0 10.0 -1.0 3.0 15.0 14.0 1.0 20.0 18.0 9.0 -1.0 28.0 25.0 13.0 5.0 6.0 24.0 -1.0 7.0 31.0 21.0 30.0 26.0 22.0 0.0 29.0 19.0 11.0 27.0
23.0 -1.0 4.0 20.0 17.0 8.0 16.0 12.0 10.0 32.0 3.0 15.0 14.0 1.0 2.0 18.0 9.0 -1.0 21.0 25.0 13.0 5.0 6.0 24.0 -1.0 7.0 31.0 28.0 30.0 26.0 22.0 0.0 29.0 19.0 11.0 27.0
23.0 -1.0 4.0 20.0 17.0 8.0 10.0 12.0 16.0 32.0 3.0 15.0 14.0 1.0 2.0 18.0 9.0 -1.0 28.0 25.0 13.0 5.0 6.0 24.0 -1.0 7.0 31.0 21.0 30.0 26.0 22.0 0.0 29.0 19.0 11.0 27.0
1.0 11.0 0.0 17.0 6.0 8.0 3.0 22.0 -1.0 2.0 25.0 32.0 15.0 -1.0 -1.0 23.0 27.0 29.0 20.0 14.0 16.0 31.0 26.0 24.0 28.0 21.0 7.0 4.0 5.0 12.0 10.0 9.0 13.0 19.0 18.0 30.0
1.0 11.0 0.0 17.0 6.0 8.0 18.0 5.0 -1.0 2.0 25.0 32.0 15.0 -1.0 19.0 23.0 27.0 31.0 20.0 14.0 16.0 29.0 26.0 24.0 28.0 21.0 7.0 4.0 30.0 12.0 10.0 9.0 13.0 -1.0 3.0 22.0
1.0 11.0 0.0 17.0 6.0 8.0 3.0 22.0 -1.0 2.0 25.0 32.0 15.0 -1.0 19.0 23.0 27.0 31.0 20.0 14.0 16.0 29.0 26.0 24.0 28.0 21.0 7.0 4.0 30.0 12.0 10.0 9.0 13.0 -1.0 18.0 5.0
1.0 11.0 0.0 17.0 6.0 8.0 3.0 22.0 -1.0 2.0 25.0 32.0 15.0 -1.0 -1.0 23.0 27.0 29.0 20.0 14.0 16.0 31.0 26.0 24.0 28.0 21.0 7.0 4.0 5.0 12.0 10.0 9.0 13.0 19.0 18.0 30.0
23.0 -1.0 32.0 2.0 17.0 8.0 16.0 12.0 10.0 4.0 3.0 15.0 14.0 1.0 20.0 18.0 9.0 -1.0 28.0 25.0 13.0 5.0 6.0 24.0 -1.0 7.0 31.0 21.0 30.0 26.0 22.0 0.0 29.0 19.0 11.0 27.0
1.0 11.0 31.0 17.0 6.0 32.0 18.0 22.0 -1.0 2.0 25.0 8.0 15.0 -1.0 21.0 23.0 27.0 14.0 20.0 0.0 16.0 29.0 26.0 24.0 28.0 19.0 7.0 4.0 30.0 12.0 10.0 9.0 13.0 -1.0 3.0 5.0
23.0 -1.0 4.0 20.0 17.0 8.0 16.0 12.0 10.0 32.0 3.0 15.0 14.0 1.0 2.0 18.0 9.0 -1.0 28.0 22.0 13.0 5.0 6.0 24.0 -1.0 7.0 31.0 21.0 30.0 26.0 25.0 0.0 29.0 19.0 11.0 27.0
1.0 11.0 31.0 17.0 6.0 32.0 18.0 4.0 -1.0 2.0 25.0 8.0 15.0 -1.0 19.0 23.0 27.0 14.0 20.0 0.0 16.0 29.0 26.0 24.0 28.0 21.0 7.0 22.0 30.0 12.0 10.0 9.0 13.0 -1.0 3.0 5.0
5.0 11.0 31.0 17.0 6.0 8.0 18.0 22.0 -1.0 2.0 25.0 32.0 15.0 -1.0 19.0 23.0 27.0 0.0 20.0 14.0 16.0 29.0 26.0 24.0 28.0 21.0 7.0 4.0 30.0 12.0 10.0 9.0 13.0 -1.0 3.0 1.0
7.0 4.0 6.0 32.0 11.0 14.0 -1.0 24.0 15.0 3.0 12.0 1.0 18.0 0.0 28.0 29.0 10.0 13.0 8.0 19.0 31.0 27.0 5.0 -1.0 23.0 30.0 9.0 25.0 16.0 2.0 -1.0 22.0 21.0 17.0 26.0 20.0
-1.0 15.0 -1.0 24.0 29.0 25.0 20.0 30.0 19.0 1.0 17.0 6.0 3.0 27.0 23.0 32.0 12.0 13.0 31.0 -1.0 21.0 4.0 18.0 0.0 10.0 8.0 14.0 9.0 28.0 5.0 7.0 2.0 22.0 16.0 26.0 11.0
1.0 11.0 31.0 17.0 6.0 32.0 5.0 22.0 -1.0 2.0 25.0 8.0 15.0 -1.0 19.0 23.0 27.0 14.0 20.0 0.0 16.0 29.0 26.0 24.0 28.0 21.0 7.0 4.0 30.0 12.0 10.0 9.0 13.0 -1.0 3.0 18.0
23.0 -1.0 4.0 20.0 17.0 8.0 16.0 12.0 10.0 32.0 3.0 15.0 14.0 1.0 2.0 18.0 9.0 -1.0 28.0 31.0 13.0 5.0 6.0 24.0 -1.0 7.0 25.0 21.0 30.0 26.0 22.0 0.0 29.0 19.0 11.0 27.0
23.0 -1.0 4.0 20.0 17.0 8.0 16.0 12.0 10.0 32.0 3.0 15.0 14.0 1.0 2.0 18.0 9.0 -1.0 28.0 25.0 13.0 5.0 6.0 24.0 -1.0 7.0 31.0 21.0 30.0 26.0 22.0 0.0 29.0 19.0 11.0 27.0
1.0 11.0 0.0 17.0 6.0 8.0 3.0 22.0 -1.0 2.0 25.0 32.0 15.0 -1.0 -1.0 23.0 27.0 29.0 20.0 14.0 16.0 31.0 26.0 24.0 28.0 21.0 7.0 4.0 5.0 12.0 10.0 9.0 13.0 19.0 18.0 30.0
5.0 11.0 31.0 17.0 6.0 8.0 18.0 22.0 -1.0 2.0 25.0 32.0 15.0 -1.0 19.0 23.0 27.0 0.0 20.0 14.0 16.0 29.0 26.0 24.0 28.0 21.0 7.0 4.0 30.0 12.0 10.0 9.0 13.0 -1.0 3.0 1.0
23.0 -1.0 4.0 20.0 17.0 8.0 16.0 12.0 10.0 32.0 3.0 15.0 14.0 1.0 2.0 18.0 9.0 -1.0 28.0 25.0 13.0 5.0 6.0 24.0 -1.0 7.0 31.0 21.0 30.0 26.0 22.0 0.0 29.0 19.0 11.0 27.0
1.0 11.0 31.0 17.0 6.0 32.0 5.0 22.0 -1.0 2.0 25.0 8.0 15.0 -1.0 19.0 23.0 27.0 14.0 20.0 0.0 16.0 29.0 26.0 24.0 28.0 21.0 7.0 4.0 30.0 12.0 10.0 9.0 13.0 -1.0 3.0 18.0
1.0 11.0 0.0 17.0 6.0 8.0 3.0 22.0 -1.0 2.0 25.0 32.0 15.0 -1.0 -1.0 23.0 27.0 29.0 20.0 14.0 16.0 31.0 26.0 24.0 28.0 21.0 7.0 4.0 5.0 12.0 10.0 9.0 13.0 19.0 18.0 30.0
5.0 11.0 31.0 17.0 6.0 8.0 18.0 22.0 -1.0 2.0 25.0 32.0 15.0 -1.0 19.0 23.0 27.0 0.0 20.0 14.0 16.0 29.0 26.0 24.0 28.0 21.0 7.0 4.0 30.0 12.0 10.0 9.0 13.0 -1.0 3.0 1.0
1.0 24.0 31.0 17.0 6.0 32.0 18.0 22.0 -1.0 2.0 25.0 8.0 15.0 -1.0 19.0 23.0 27.0 14.0 20.0 0.0 16.0 29.0 26.0 11.0 28.0 21.0 7.0 4.0 30.0 12.0 10.0 9.0 13.0 -1.0 3.0 5.0
23.0 -1.0 4.0 20.0 8.0 17.0 16.0 12.0 10.0 32.0 3.0 15.0 14.0 1.0 2.0 18.0 9.0 -1.0 28.0 25.0 13.0 5.0 6.0 24.0 -1.0 7.0 31.0 21.0 30.0 26.0 22.0 0.0 29.0 19.0 11.0 27.0
1.0 11.0 0.0 17.0 6.0 8.0 3.0 22.0 -1.0 2.0 25.0 32.0 15.0 -1.0 -1.0 23.0 27.0 29.0 20.0 14.0 16.0 31.0 26.0 24.0 28.0 21.0 7.0 4.0 5.0 12.0 10.0 9.0 13.0 19.0 18.0 30.0
1.0 11.0 0.0 17.0 6.0 8.0 3.0 22.0 -1.0 2.0 25.0 32.0 15.0 -1.0 -1.0 23.0 27.0 29.0 20.0 14.0 16.0 31.0 26.0 24.0 28.0 21.0 7.0 4.0 5.0 12.0 10.0 9.0 13.0 19.0 18.0 30.0
23.0 -1.0 4.0 20.0 17.0 8.0 16.0 12.0 10.0 32.0 3.0 15.0 14.0 1.0 2.0 18.0 9.0 -1.0 28.0 25.0 13.0 5.0 6.0 24.0 -1.0 7.0 31.0 21.0 30.0 26.0 22.0 0.0 29.0 19.0 11.0 27.0
1.0 11.0 0.0 17.0 6.0 8.0 3.0 22.0 -1.0 2.0 25.0 32.0 15.0 -1.0 -1.0 23.0 27.0 29.0 20.0 14.0 16.0 31.0 26.0 24.0 28.0 21.0 7.0 4.0 5.0 12.0 10.0 9.0 13.0 19.0 18.0 30.0
1.0 11.0 0.0 17.0 6.0 8.0 3.0 22.0 -1.0 2.0 25.0 32.0 15.0 -1.0 -1.0 23.0 27.0 29.0 20.0 14.0 16.0 31.0 26.0 24.0 28.0 21.0 7.0 4.0 5.0 12.0 10.0 9.0 13.0 19.0 18.0 30.0
1.0 11.0 31.0 17.0 6.0 32.0 18.0 22.0 -1.0 2.0 25.0 24.0 15.0 -1.0 19.0 23.0 27.0 14.0 20.0 0.0 16.0 29.0 26.0 8.0 28.0 21.0 7.0 4.0 30.0 12.0 10.0 9.0 13.0 -1.0 3.0 5.0
1.0 11.0 0.0 17.0 6.0 8.0 3.0 22.0 -1.0 2.0 25.0 32.0 15.0 -1.0 -1.0 23.0 27.0 29.0 20.0 14.0 16.0 31.0 26.0 24.0 28.0 21.0 7.0 4.0 5.0 12.0 10.0 9.0 13.0 19.0 18.0 30.0
1.0 11.0 31.0 17.0 6.0 32.0 5.0 22.0 -1.0 2.0 25.0 8.0 15.0 -1.0 19.0 23.0 27.0 14.0 20.0 0.0 16.0 29.0 26.0 24.0 28.0 21.0 7.0 4.0 30.0 12.0 10.0 9.0 13.0 -1.0 3.0 18.0
1.0 11.0 31.0 17.0 6.0 32.0 5.0 22.0 -1.0 2.0 25.0 8.0 15.0 -1.0 19.0 23.0 27.0 14.0 20.0 0.0 16.0 29.0 26.0 24.0 28.0 21.0 7.0 4.0 30.0 12.0 10.0 9.0 13.0 -1.0 3.0 18.0
23.0 -1.0 4.0 20.0 17.0 8.0 16.0 12.0 10.0 32.0 3.0 15.0 14.0 1.0 2.0 18.0 9.0 -1.0 28.0 25.0 13.0 5.0 6.0 24.0 -1.0 7.0 31.0 21.0 30.0 26.0 22.0 0.0 29.0 19.0 11.0 27.0
23.0 -1.0 4.0 20.0 17.0 8.0 16.0 12.0 10.0 32.0 3.0 15.0 14.0 1.0 2.0 18.0 9.0 -1.0 28.0 26.0 13.0 5.0 6.0 24.0 -1.0 7.0 31.0 21.0 30.0 25.0 22.0 0.0 29.0 19.0 11.0 27.0
1.0 11.0 31.0 17.0 6.0 32.0 5.0 22.0 -1.0 2.0 25.0 8.0 15.0 -1.0 19.0 23.0 27.0 14.0 20.0 0.0 16.0 29.0 26.0 24.0 28.0 21.0 7.0 4.0 30.0 12.0 10.0 9.0 13.0 -1.0 3.0 18.0
1.0 11.0 31.0 17.0 6.0 32.0 5.0 22.0 -1.0 2.0 25.0 8.0 15.0 -1.0 19.0 23.0 27.0 14.0 20.0 0.0 16.0 29.0 26.0 24.0 28.0 21.0 7.0 4.0 30.0 12.0 10.0 9.0 13.0 -1.0 3.0 18.0
1.0 11.0 0.0 17.0 6.0 8.0 3.0 22.0 -1.0 2.0 25.0 32.0 15.0 -1.0 -1.0 23.0 27.0 29.0 20.0 14.0 16.0 31.0 26.0 24.0 28.0 21.0 7.0 4.0 5.0 12.0 10.0 9.0 13.0 19.0 18.0 30.0
1.0 11.0 0.0 17.0 6.0 8.0 3.0 22.0 -1.0 2.0 25.0 32.0 15.0 -1.0 -1.0 23.0 27.0 29.0 20.0 14.0 16.0 31.0 26.0 24.0 28.0 21.0 7.0 4.0 5.0 12.0 10.0 9.0 13.0 19.0 18.0 30.0
23.0 -1.0 4.0 20.0 17.0 8.0 16.0 12.0 10.0 32.0 3.0 15.0 14.0 1.0 2.0 18.0 9.0 -1.0 28.0 25.0 13.0 5.0 6.0 24.0 -1.0 7.0 31.0 21.0 30.0 26.0 22.0 0.0 29.0 19.0 11.0 27.0
23.0 -1.0 4.0 20.0 17.0 8.0 16.0 12.0 10.0 32.0 3.0 15.0 14.0 1.0 2.0 18.0 9.0 -1.0 28.0 25.0 13.0 5.0 6.0 24.0 -1.0 7.0 31.0 21.0 30.0 26.0 22.0 0.0 29.0 19.0 11.0 27.0
1.0 11.0 31.0 17.0 6.0 32.0 18.0 22.0 -1.0 2.0 25.0 8.0 15.0 -1.0 19.0 23.0 27.0 14.0 20.0 0.0 16.0 29.0 26.0 24.0 28.0 21.0 7.0 4.0 30.0 12.0 10.0 9.0 13.0 -1.0 3.0 5.0
1.0 11.0 31.0 17.0 6.0 32.0 18.0 22.0 -1.0 2.0 25.0 8.0 15.0 -1.0 19.0 23.0 27.0 14.0 20.0 0.0 16.0 29.0 26.0 24.0 28.0 21.0 7.0 4.0 30.0 12.0 10.0 9.0 13.0 -1.0 3.0 5.0
1.0 11.0 31.0 17.0 6.0 32.0 5.0 22.0 -1.0 2.0 25.0 8.0 15.0 -1.0 19.0 23.0 27.0 14.0 20.0 0.0 16.0 29.0 26.0 24.0 28.0 21.0 7.0 4.0 30.0 12.0 10.0 9.0 13.0 -1.0 3.0 18.0
1.0 11.0 31.0 17.0 6.0 32.0 5.0 22.0 -1.0 2.0 25.0 8.0 15.0 -1.0 19.0 23.0 27.0 14.0 20.0 0.0 16.0 29.0 26.0 24.0 28.0 21.0 7.0 4.0 30.0 12.0 10.0 9.0 13.0 -1.0 3.0 18.0
1.0 11.0 31.0 17.0 6.0 32.0 5.0 22.0 -1.0 2.0 25.0 8.0 15.0 -1.0 19.0 23.0 27.0 14.0 20.0 0.0 16.0 29.0 26.0 24.0 28.0 21.0 7.0 4.0 30.0 12.0 10.0 9.0 13.0 -1.0 3.0 18.0
1.0 11.0 31.0 17.0 6.0 32.0 5.0 22.0 -1.0 2.0 25.0 8.0 15.0 -1.0 19.0 23.0 27.0 14.0 20.0 0.0 16.0 29.0 26.0 24.0 28.0 21.0 7.0 4.0 30.0 12.0 10.0 9.0 13.0 -1.0 3.0 18.0
1.0 11.0 31.0 17.0 6.0 32.0 5.0 22.0 -1.0 2.0 25.0 8.0 15.0 -1.0 19.0 23.0 27.0 14.0 20.0 0.0 16.0 29.0 26.0 24.0 28.0 21.0 7.0 4.0 30.0 12.0 10.0 9.0 13.0 -1.0 3.0 18.0
1.0 11.0 31.0 17.0 6.0 32.0 5.0 22.0 -1.0 2.0 25.0 8.0 15.0 -1.0 19.0 23.0 27.0 14.0 20.0 0.0 16.0 29.0 26.0 24.0 28.0 21.0 7.0 4.0 30.0 12.0 10.0 9.0 13.0 -1.0 3.0 18.0
23.0 -1.0 4.0 20.0 17.0 8.0 16.0 12.0 10.0 32.0 3.0 15.0 14.0 1.0 2.0 18.0 9.0 -1.0 28.0 25.0 13.0 5.0 6.0 24.0 -1.0 7.0 31.0 21.0 30.0 26.0 22.0 0.0 29.0 19.0 11.0 27.0
1.0 11.0 31.0 17.0 6.0 32.0 5.0 22.0 -1.0 2.0 25.0 8.0 15.0 -1.0 19.0 23.0 27.0 14.0 20.0 0.0 16.0 29.0 26.0 24.0 28.0 21.0 7.0 4.0 30.0 12.0 10.0 9.0 13.0 -1.0 3.0 18.0
23.0 -1.0 4.0 20.0 17.0 8.0 16.0 12.0 10.0 32.0 3.0 15.0 14.0 1.0 2.0 18.0 9.0 -1.0 28.0 25.0 13.0 5.0 6.0 24.0 -1.0 7.0 31.0 21.0 30.0 26.0 22.0 0.0 29.0 19.0 11.0 27.0
1.0 11.0 31.0 17.0 6.0 32.0 5.0 22.0 -1.0 2.0 25.0 8.0 15.0 -1.0 19.0 23.0 27.0 14.0 20.0 0.0 16.0 29.0 26.0 24.0 28.0 21.0 7.0 4.0 30.0 12.0 10.0 9.0 13.0 -1.0 3.0 18.0
1.0 11.0 31.0 17.0 6.0 32.0 5.0 22.0 -1.0 2.0 25.0 8.0 15.0 -1.0 19.0 23.0 27.0 14.0 20.0 0.0 16.0 29.0 26.0 24.0 28.0 21.0 7.0 4.0 30.0 12.0 10.0 9.0 13.0 -1.0 3.0 18.0
1.0 11.0 31.0 17.0 6.0 32.0 5.0 22.0 -1.0 2.0 25.0 8.0 15.0 -1.0 19.0 23.0 27.0 14.0 20.0 0.0 16.0 29.0 26.0 24.0 28.0 21.0 7.0 4.0 30.0 12.0 10.0 9.0 13.0 -1.0 3.0 18.0
1.0 11.0 31.0 17.0 6.0 32.0 5.0 22.0 -1.0 2.0 25.0 8.0 15.0 -1.0 19.0 23.0 27.0 14.0 20.0 0.0 16.0 29.0 26.0 24.0 28.0 21.0 7.0 4.0 30.0 12.0 10.0 9.0 13.0 -1.0 3.0 18.0
23.0 -1.0 4.0 20.0 17.0 8.0 16.0 12.0 10.0 32.0 3.0 15.0 14.0 1.0 2.0 18.0 9.0 -1.0 28.0 25.0 13.0 5.0 6.0 24.0 -1.0 7.0 31.0 21.0 30.0 26.0 22.0 0.0 29.0 19.0 11.0 27.0
23.0 -1.0 4.0 20.0 17.0 8.0 16.0 12.0 10.0 32.0 3.0 15.0 14.0 1.0 2.0 18.0 9.0 -1.0 28.0 25.0 13.0 5.0 6.0 24.0 -1.0 7.0 31.0 21.0 30.0 26.0 22.0 0.0 29.0 19.0 11.0 27.0
1.0 11.0 31.0 17.0 6.0 32.0 18.0 22.0 -1.0 2.0 25.0 8.0 15.0 -1.0 19.0 23.0 27.0 14.0 20.0 0.0 16.0 29.0 26.0 24.0 28.0 21.0 7.0 4.0 30.0 12.0 10.0 9.0 13.0 -1.0 3.0 5.0
1.0 11.0 31.0 17.0 6.0 32.0 5.0 22.0 -1.0 2.0 25.0 8.0 15.0 -1.0 19.0 23.0 27.0 14.0 20.0 0.0 16.0 29.0 26.0 24.0 28.0 21.0 7.0 4.0 30.0 12.0 10.0 9.0 13.0 -1.0 3.0 18.0
23.0 -1.0 4.0 20.0 17.0 8.0 16.0 12.0 10.0 32.0 3.0 15.0 14.0 1.0 2.0 18.0 9.0 -1.0 28.0 25.0 13.0 5.0 6.0 24.0 -1.0 7.0 31.0 21.0 30.0 26.0 22.0 0.0 29.0 19.0 11.0 27.0
1.0 11.0 31.0 17.0 6.0 32.0 5.0 22.0 -1.0 2.0 25.0 8.0 15.0 -1.0 19.0 23.0 27.0 14.0 20.0 0.0 16.0 29.0 26.0 24.0 28.0 21.0 7.0 4.0 30.0 12.0 10.0 9.0 13.0 -1.0 3.0 18.0
1.0 11.0 31.0 17.0 6.0 32.0 5.0 22.0 -1.0 2.0 25.0 8.0 15.0 -1.0 19.0 23.0 27.0 14.0 20.0 0.0 16.0 29.0 26.0 24.0 28.0 21.0 7.0 4.0 30.0 12.0 10.0 9.0 13.0 -1.0 3.0 18.0
23.0 -1.0 4.0 20.0 17.0 8.0 16.0 12.0 10.0 32.0 3.0 15.0 14.0 1.0 2.0 18.0 9.0 -1.0 28.0 25.0 13.0 5.0 6.0 24.0 -1.0 7.0 31.0 21.0 30.0 26.0 22.0 0.0 29.0 19.0 11.0 27.0
23.0 -1.0 4.0 20.0 17.0 8.0 16.0 12.0 10.0 32.0 3.0 15.0 14.0 1.0 2.0 18.0 9.0 -1.0 28.0 25.0 13.0 5.0 6.0 24.0 -1.0 7.0 31.0 21.0 30.0 26.0 22.0 0.0 29.0 19.0 11.0 27.0
23.0 -1.0 4.0 20.0 17.0 8.0 16.0 12.0 10.0 32.0 3.0 15.0 14.0 1.0 2.0 18.0 9.0 -1.0 28.0 25.0 13.0 5.0 6.0 24.0 -1.0 7.0 31.0 21.0 30.0 26.0 22.0 0.0 29.0 19.0 11.0 27.0
23.0 -1.0 4.0 20.0 17.0 8.0 16.0 12.0 10.0 32.0 3.0 15.0 14.0 1.0 2.0 18.0 9.0 -1.0 28.0 25.0 13.0 5.0 6.0 24.0 -1.0 7.0 31.0 21.0 30.0 26.0 22.0 0.0 29.0 19.0 11.0 27.0
1.0 11.0 31.0 17.0 6.0 32.0 5.0 22.0 -1.0 2.0 25.0 8.0 15.0 -1.0 19.0 23.0 27.0 14.0 20.0 0.0 16.0 29.0 26.0 24.0 28.0 21.0 7.0 4.0 30.0 12.0 10.0 9.0 13.0 -1.0 3.0 18.0
23.0 -1.0 4.0 20.0 17.0 8.0 16.0 12.0 10.0 32.0 3.0 15.0 14.0 1.0 2.0 18.0 9.0 -1.0 28.0 25.0 13.0 5.0 6.0 24.0 -1.0 7.0 31.0 21.0 30.0 26.0 22.0 0.0 29.0 19.0 11.0 27.0
23.0 -1.0 4.0 20.0 17.0 8.0 16.0 12.0 10.0 32.0 3.0 15.0 14.0 1.0 2.0 18.0 9.0 -1.0 28.0 25.0 13.0 5.0 6.0 24.0 -1.0 7.0 31.0 21.0 30.0 26.0 22.0 0.0 29.0 19.0 11.0 27.0
1.0 11.0 31.0 17.0 6.0 32.0 5.0 22.0 -1.0 2.0 25.0 8.0 15.0 -1.0 19.0 23.0 27.0 14.0 20.0 0.0 16.0 29.0 26.0 24.0 28.0 21.0 7.0 4.0 30.0 12.0 10.0 9.0 13.0 -1.0 3.0 18.0
23.0 -1.0 4.0 20.0 17.0 8.0 16.0 12.0 10.0 32.0 3.0 15.0 14.0 1.0 2.0 18.0 9.0 -1.0 28.0 25.0 13.0 5.0 6.0 24.0 -1.0 7.0 31.0 21.0 30.0 26.0 22.0 0.0 29.0 19.0 11.0 27.0
23.0 -1.0 4.0 20.0 17.0 8.0 16.0 12.0 10.0 32.0 3.0 15.0 14.0 1.0 2.0 18.0 9.0 -1.0 28.0 25.0 13.0 5.0 6.0 24.0 -1.0 7.0 31.0 21.0 30.0 26.0 22.0 0.0 29.0 19.0 11.0 27.0
1.0 11.0 31.0 17.0 6.0 32.0 5.0 22.0 -1.0 2.0 25.0 8.0 15.0 -1.0 19.0 23.0 27.0 14.0 20.0 0.0 16.0 29.0 26.0 24.0 28.0 21.0 7.0 4.0 30.0 12.0 10.0 9.0 13.0 -1.0 3.0 18.0
23.0 -1.0 4.0 20.0 17.0 8.0 16.0 12.0 10.0 32.0 3.0 15.0 14.0 1.0 2.0 18.0 9.0 -1.0 28.0 25.0 13.0 5.0 6.0 24.0 -1.0 7.0 31.0 21.0 30.0 26.0 22.0 0.0 29.0 19.0 11.0 27.0
1.0 11.0 31.0 17.0 6.0 32.0 5.0 22.0 -1.0 2.0 25.0 8.0 15.0 -1.0 19.0 23.0 27.0 14.0 20.0 0.0 16.0 29.0 26.0 24.0 28.0 21.0 7.0 4.0 30.0 12.0 10.0 9.0 13.0 -1.0 3.0 18.0
1.0 11.0 31.0 17.0 6.0 32.0 5.0 22.0 -1.0 2.0 25.0 8.0 15.0 -1.0 19.0 23.0 27.0 14.0 20.0 0.0 16.0 29.0 26.0 24.0 28.0 21.0 7.0 4.0 30.0 12.0 10.0 9.0 13.0 -1.0 3.0 18.0
1.0 11.0 31.0 17.0 6.0 32.0 5.0 22.0 -1.0 2.0 25.0 8.0 15.0 -1.0 19.0 23.0 27.0 14.0 20.0 0.0 16.0 29.0 26.0 24.0 28.0 21.0 7.0 4.0 30.0 12.0 10.0 9.0 13.0 -1.0 3.0 18.0
1.0 11.0 31.0 17.0 6.0 32.0 5.0 22.0 -1.0 2.0 25.0 8.0 15.0 -1.0 19.0 23.0 27.0 14.0 20.0 0.0 16.0 29.0 26.0 24.0 28.0 21.0 7.0 4.0 30.0 12.0 10.0 9.0 13.0 -1.0 3.0 18.0
1.0 11.0 31.0 17.0 6.0 32.0 5.0 22.0 -1.0 2.0 25.0 8.0 15.0 -1.0 19.0 23.0 27.0 14.0 20.0 0.0 16.0 29.0 26.0 24.0 28.0 21.0 7.0 4.0 30.0 12.0 10.0 9.0 13.0 -1.0 3.0 18.0
1.0 11.0 31.0 17.0 6.0 32.0 5.0 22.0 -1.0 2.0 25.0 8.0 15.0 -1.0 19.0 23.0 27.0 14.0 20.0 0.0 16.0 29.0 26.0 24.0 28.0 21.0 7.0 4.0 30.0 12.0 10.0 9.0 13.0 -1.0 3.0 18.0
23.0 -1.0 4.0 20.0 17.0 8.0 16.0 12.0 10.0 32.0 3.0 15.0 14.0 1.0 2.0 18.0 9.0 -1.0 28.0 25.0 13.0 5.0 6.0 24.0 -1.0 7.0 31.0 21.0 30.0 26.0 22.0 0.0 29.0 19.0 11.0 27.0
1.0 11.0 31.0 17.0 6.0 32.0 5.0 22.0 -1.0 2.0 25.0 8.0 15.0 -1.0 19.0 23.0 27.0 14.0 20.0 0.0 16.0 29.0 26.0 24.0 28.0 21.0 7.0 4.0 30.0 12.0 10.0 9.0 13.0 -1.0 3.0 18.0
1.0 11.0 31.0 17.0 6.0 32.0 5.0 22.0 -1.0 2.0 25.0 8.0 15.0 -1.0 19.0 23.0 27.0 14.0 20.0 0.0 16.0 29.0 26.0 24.0 28.0 21.0 7.0 4.0 30.0 12.0 10.0 9.0 13.0 -1.0 3.0 18.0
1.0 11.0 31.0 17.0 6.0 32.0 5.0 22.0 -1.0 2.0 25.0 8.0 15.0 -1.0 19.0 23.0 27.0 14.0 20.0 0.0 16.0 29.0 26.0 24.0 28.0 21.0 7.0 4.0 30.0 12.0 10.0 9.0 13.0 -1.0 3.0 18.0
1.0 11.0 31.0 17.0 6.0 32.0 5.0 22.0 -1.0 2.0 25.0 8.0 15.0 -1.0 19.0 23.0 27.0 14.0 20.0 0.0 16.0 29.0 26.0 24.0 28.0 21.0 7.0 4.0 30.0 12.0 10.0 9.0 13.0 -1.0 3.0 18.0
1.0 11.0 31.0 17.0 6.0 32.0 5.0 22.0 -1.0 2.0 25.0 8.0 15.0 -1.0 19.0 23.0 27.0 14.0 20.0 0.0 16.0 29.0 26.0 24.0 28.0 21.0 7.0 4.0 30.0 12.0 10.0 9.0 13.0 -1.0 3.0 18.0
1.0 11.0 31.0 17.0 6.0 32.0 5.0 22.0 -1.0 2.0 25.0 8.0 15.0 -1.0 19.0 23.0 27.0 14.0 20.0 0.0 16.0 29.0 26.0 24.0 28.0 21.0 7.0 4.0 30.0 12.0 10.0 9.0 13.0 -1.0 3.0 18.0
1.0 11.0 31.0 17.0 6.0 32.0 5.0 22.0 -1.0 2.0 25.0 8.0 15.0 -1.0 19.0 23.0 27.0 14.0 20.0 0.0 16.0 29.0 26.0 24.0 28.0 21.0 7.0 4.0 30.0 12.0 10.0 9.0 13.0 -1.0 3.0 18.0
1.0 11.0 31.0 17.0 6.0 32.0 5.0 22.0 -1.0 2.0 25.0 8.0 15.0 -1.0 19.0 23.0 27.0 14.0 20.0 0.0 16.0 29.0 26.0 24.0 28.0 21.0 7.0 4.0 30.0 12.0 10.0 9.0 13.0 -1.0 3.0 18.0
1.0 11.0 31.0 17.0 6.0 32.0 5.0 22.0 -1.0 2.0 25.0 8.0 15.0 -1.0 19.0 23.0 27.0 14.0 20.0 0.0 16.0 29.0 26.0 24.0 28.0 21.0 7.0 4.0 30.0 12.0 10.0 9.0 13.0 -1.0 3.0 18.0
1.0 11.0 31.0 17.0 6.0 32.0 5.0 22.0 -1.0 2.0 25.0 8.0 15.0 -1.0 19.0 23.0 27.0 14.0 20.0 0.0 16.0 29.0 26.0 24.0 28.0 21.0 7.0 4.0 30.0 12.0 10.0 9.0 13.0 -1.0 3.0 18.0
1.0 11.0 31.0 17.0 6.0 32.0 5.0 22.0 -1.0 2.0 25.0 8.0 15.0 -1.0 19.0 23.0 27.0 14.0 20.0 0.0 16.0 29.0 26.0 24.0 28.0 21.0 7.0 4.0 30.0 12.0 10.0 9.0 13.0 -1.0 3.0 18.0
1.0 11.0 31.0 17.0 6.0 32.0 5.0 22.0 -1.0 2.0 25.0 8.0 15.0 -1.0 19.0 23.0 27.0 14.0 20.0 0.0 16.0 29.0 26.0 24.0 28.0 21.0 7.0 4.0 30.0 12.0 10.0 9.0 13.0 -1.0 3.0 18.0
1.0 11.0 31.0 17.0 6.0 32.0 5.0 22.0 -1.0 2.0 25.0 8.0 15.0 -1.0 19.0 23.0 27.0 14.0 20.0 0.0 16.0 29.0 26.0 24.0 28.0 21.0 7.0 4.0 30.0 12.0 10.0 9.0 13.0 -1.0 3.0 18.0
1.0 11.0 31.0 17.0 6.0 32.0 5.0 22.0 -1.0 2.0 25.0 8.0 15.0 -1.0 19.0 23.0 27.0 14.0 20.0 0.0 16.0 29.0 26.0 24.0 28.0 21.0 7.0 4.0 30.0 12.0 10.0 9.0 13.0 -1.0 3.0 18.0
23.0 -1.0 4.0 20.0 17.0 8.0 16.0 12.0 10.0 32.0 3.0 15.0 14.0 1.0 2.0 18.0 9.0 -1.0 28.0 25.0 13.0 5.0 6.0 24.0 -1.0 7.0 31.0 21.0 30.0 26.0 22.0 0.0 29.0 19.0 11.0 27.0
1.0 11.0 31.0 17.0 6.0 32.0 5.0 22.0 -1.0 2.0 25.0 8.0 15.0 -1.0 19.0 23.0 27.0 14.0 20.0 0.0 16.0 29.0 26.0 24.0 28.0 21.0 7.0 4.0 30.0 12.0 10.0 9.0 13.0 -1.0 3.0 18.0
1.0 11.0 31.0 17.0 6.0 32.0 5.0 22.0 -1.0 2.0 25.0 8.0 15.0 -1.0 19.0 23.0 27.0 14.0 20.0 0.0 16.0 29.0 26.0 24.0 28.0 21.0 7.0 4.0 30.0 12.0 10.0 9.0 13.0 -1.0 3.0 18.0
1.0 11.0 31.0 17.0 6.0 32.0 5.0 22.0 -1.0 2.0 25.0 8.0 15.0 -1.0 19.0 23.0 27.0 14.0 20.0 0.0 16.0 29.0 26.0 24.0 28.0 21.0 7.0 4.0 30.0 12.0 10.0 9.0 13.0 -1.0 3.0 18.0
1.0 11.0 31.0 17.0 6.0 32.0 5.0 22.0 -1.0 2.0 25.0 8.0 15.0 -1.0 19.0 23.0 27.0 14.0 20.0 0.0 16.0 29.0 26.0 24.0 28.0 21.0 7.0 4.0 30.0 12.0 10.0 9.0 13.0 -1.0 3.0 18.0
1.0 11.0 31.0 17.0 6.0 32.0 5.0 22.0 -1.0 2.0 25.0 8.0 15.0 -1.0 19.0 23.0 27.0 14.0 20.0 0.0 16.0 29.0 26.0 24.0 28.0 21.0 7.0 4.0 30.0 12.0 10.0 9.0 13.0 -1.0 3.0 18.0
1.0 11.0 31.0 17.0 6.0 32.0 5.0 22.0 -1.0 2.0 25.0 8.0 15.0 -1.0 19.0 23.0 27.0 14.0 20.0 0.0 16.0 29.0 26.0 24.0 28.0 21.0 7.0 4.0 30.0 12.0 10.0 9.0 13.0 -1.0 3.0 18.0
23.0 -1.0 4.0 20.0 17.0 8.0 16.0 12.0 10.0 32.0 3.0 15.0 14.0 1.0 2.0 18.0 9.0 -1.0 28.0 25.0 13.0 5.0 6.0 24.0 -1.0 7.0 31.0 21.0 30.0 26.0 22.0 0.0 29.0 19.0 11.0 27.0
1.0 11.0 31.0 17.0 6.0 32.0 5.0 22.0 -1.0 2.0 25.0 8.0 15.0 -1.0 19.0 23.0 27.0 14.0 20.0 0.0 16.0 29.0 26.0 24.0 28.0 21.0 7.0 4.0 30.0 12.0 10.0 9.0 13.0 -1.0 3.0 18.0
1.0 11.0 31.0 17.0 6.0 32.0 5.0 22.0 -1.0 2.0 25.0 8.0 15.0 -1.0 19.0 23.0 27.0 14.0 20.0 0.0 16.0 29.0 26.0 24.0 28.0 21.0 7.0 4.0 30.0 12.0 10.0 9.0 13.0 -1.0 3.0 18.0
1.0 11.0 31.0 17.0 6.0 32.0 5.0 22.0 -1.0 2.0 25.0 8.0 15.0 -1.0 19.0 23.0 27.0 14.0 20.0 0.0 16.0 29.0 26.0 24.0 28.0 21.0 7.0 4.0 30.0 12.0 10.0 9.0 13.0 -1.0 3.0 18.0
1.0 11.0 31.0 17.0 6.0 32.0 5.0 22.0 -1.0 2.0 25.0 8.0 15.0 -1.0 19.0 23.0 27.0 14.0 20.0 0.0 16.0 29.0 26.0 24.0 28.0 21.0 7.0 4.0 30.0 12.0 10.0 9.0 13.0 -1.0 3.0 18.0
1.0 11.0 31.0 17.0 6.0 32.0 5.0 22.0 -1.0 2.0 25.0 8.0 15.0 -1.0 19.0 23.0 27.0 14.0 20.0 0.0 16.0 29.0 26.0 24.0 28.0 21.0 7.0 4.0 30.0 12.0 10.0 9.0 13.0 -1.0 3.0 18.0
1.0 11.0 31.0 17.0 6.0 32.0 5.0 22.0 -1.0 2.0 25.0 8.0 15.0 -1.0 19.0 23.0 27.0 14.0 20.0 0.0 16.0 29.0 26.0 24.0 28.0 21.0 7.0 4.0 30.0 12.0 10.0 9.0 13.0 -1.0 3.0 18.0
1.0 11.0 31.0 17.0 6.0 32.0 5.0 22.0 -1.0 2.0 25.0 8.0 15.0 -1.0 19.0 23.0 27.0 14.0 20.0 0.0 16.0 29.0 26.0 24.0 28.0 21.0 7.0 4.0 30.0 12.0 10.0 9.0 13.0 -1.0 3.0 18.0
1.0 11.0 31.0 17.0 6.0 32.0 5.0 22.0 -1.0 2.0 25.0 8.0 15.0 -1.0 19.0 23.0 27.0 14.0 20.0 0.0 16.0 29.0 26.0 24.0 28.0 21.0 7.0 4.0 30.0 12.0 10.0 9.0 13.0 -1.0 3.0 18.0
1.0 11.0 31.0 17.0 6.0 32.0 5.0 22.0 -1.0 2.0 25.0 8.0 15.0 -1.0 19.0 23.0 27.0 14.0 20.0 0.0 16.0 29.0 26.0 24.0 28.0 21.0 7.0 4.0 30.0 12.0 10.0 9.0 13.0 -1.0 3.0 18.0
23.0 -1.0 4.0 20.0 17.0 8.0 16.0 12.0 10.0 32.0 3.0 15.0 14.0 1.0 2.0 18.0 9.0 -1.0 28.0 25.0 13.0 5.0 6.0 24.0 -1.0 7.0 31.0 21.0 30.0 26.0 22.0 0.0 29.0 19.0 11.0 27.0
1.0 11.0 31.0 17.0 6.0 32.0 5.0 22.0 -1.0 2.0 25.0 8.0 15.0 -1.0 19.0 23.0 27.0 14.0 20.0 0.0 16.0 29.0 26.0 24.0 28.0 21.0 7.0 4.0 30.0 12.0 10.0 9.0 13.0 -1.0 3.0 18.0
1.0 11.0 31.0 17.0 6.0 32.0 5.0 22.0 -1.0 2.0 25.0 8.0 15.0 -1.0 19.0 23.0 27.0 14.0 20.0 0.0 16.0 29.0 26.0 24.0 28.0 21.0 7.0 4.0 30.0 12.0 10.0 9.0 13.0 -1.0 3.0 18.0
1.0 11.0 31.0 17.0 6.0 32.0 5.0 22.0 -1.0 2.0 25.0 8.0 15.0 -1.0 19.0 23.0 27.0 14.0 20.0 0.0 16.0 29.0 26.0 24.0 28.0 21.0 7.0 4.0 30.0 12.0 10.0 9.0 13.0 -1.0 3.0 18.0
1.0 11.0 31.0 17.0 6.0 32.0 5.0 22.0 -1.0 2.0 25.0 8.0 15.0 -1.0 19.0 23.0 27.0 14.0 20.0 0.0 16.0 29.0 26.0 24.0 28.0 21.0 7.0 4.0 30.0 12.0 10.0 9.0 13.0 -1.0 3.0 18.0
1.0 11.0 31.0 17.0 6.0 32.0 5.0 22.0 -1.0 2.0 25.0 8.0 15.0 -1.0 19.0 23.0 27.0 14.0 20.0 0.0 16.0 29.0 26.0 24.0 28.0 21.0 7.0 4.0 30.0 12.0 10.0 9.0 13.0 -1.0 3.0 18.0
1.0 11.0 31.0 17.0 6.0 32.0 5.0 22.0 -1.0 2.0 25.0 8.0 15.0 -1.0 19.0 23.0 27.0 14.0 20.0 0.0 16.0 29.0 26.0 24.0 28.0 21.0 7.0 4.0 30.0 12.0 10.0 9.0 13.0 -1.0 3.0 18.0
1.0 11.0 31.0 17.0 6.0 32.0 5.0 22.0 -1.0 2.0 25.0 8.0 15.0 -1.0 19.0 23.0 27.0 14.0 20.0 0.0 16.0 29.0 26.0 24.0 28.0 21.0 7.0 4.0 30.0 12.0 10.0 9.0 13.0 -1.0 3.0 18.0
1.0 11.0 31.0 17.0 6.0 32.0 5.0 22.0 -1.0 2.0 25.0 8.0 15.0 -1.0 19.0 23.0 27.0 14.0 20.0 0.0 16.0 29.0 26.0 24.0 28.0 21.0 7.0 4.0 30.0 12.0 10.0 9.0 13.0 -1.0 3.0 18.0
1.0 11.0 31.0 17.0 6.0 32.0 5.0 22.0 -1.0 2.0 25.0 8.0 15.0 -1.0 19.0 23.0 27.0 14.0 20.0 0.0 16.0 29.0 26.0 24.0 28.0 21.0 7.0 4.0 30.0 12.0 10.0 9.0 13.0 -1.0 3.0 18.0
1.0 11.0 31.0 17.0 6.0 32.0 5.0 22.0 -1.0 2.0 25.0 8.0 15.0 -1.0 19.0 23.0 27.0 14.0 20.0 0.0 16.0 29.0 26.0 24.0 28.0 21.0 7.0 4.0 30.0 12.0 10.0 9.0 13.0 -1.0 3.0 18.0
1.0 11.0 31.0 17.0 6.0 32.0 5.0 22.0 -1.0 2.0 25.0 8.0 15.0 -1.0 19.0 23.0 27.0 14.0 20.0 0.0 16.0 29.0 26.0 24.0 28.0 21.0 7.0 4.0 30.0 12.0 10.0 9.0 13.0 -1.0 3.0 18.0
1.0 11.0 31.0 17.0 6.0 32.0 5.0 22.0 -1.0 2.0 25.0 8.0 15.0 -1.0 19.0 23.0 27.0 14.0 20.0 0.0 16.0 29.0 26.0 24.0 28.0 21.0 7.0 4.0 30.0 12.0 10.0 9.0 13.0 -1.0 3.0 18.0
1.0 11.0 31.0 17.0 6.0 32.0 5.0 22.0 -1.0 2.0 25.0 8.0 15.0 -1.0 19.0 23.0 27.0 14.0 20.0 0.0 16.0 29.0 26.0 24.0 28.0 21.0 7.0 4.0 30.0 12.0 10.0 9.0 13.0 -1.0 3.0 18.0
1.0 11.0 31.0 17.0 6.0 32.0 5.0 22.0 -1.0 2.0 25.0 8.0 15.0 -1.0 19.0 23.0 27.0 14.0 20.0 0.0 16.0 29.0 26.0 24.0 28.0 21.0 7.0 4.0 30.0 12.0 10.0 9.0 13.0 -1.0 3.0 18.0
1.0 11.0 31.0 17.0 6.0 32.0 5.0 22.0 -1.0 2.0 25.0 8.0 15.0 -1.0 19.0 23.0 27.0 14.0 20.0 0.0 16.0 29.0 26.0 24.0 28.0 21.0 7.0 4.0 30.0 12.0 10.0 9.0 13.0 -1.0 3.0 18.0
1.0 11.0 31.0 17.0 6.0 32.0 5.0 22.0 -1.0 2.0 25.0 8.0 15.0 -1.0 19.0 23.0 27.0 14.0 20.0 0.0 16.0 29.0 26.0 24.0 28.0 21.0 7.0 4.0 30.0 12.0 10.0 9.0 13.0 -1.0 3.0 18.0
1.0 11.0 31.0 17.0 6.0 32.0 5.0 22.0 -1.0 2.0 25.0 8.0 15.0 -1.0 19.0 23.0 27.0 14.0 20.0 0.0 16.0 29.0 26.0 24.0 28.0 21.0 7.0 4.0 30.0 12.0 10.0 9.0 13.0 -1.0 3.0 18.0
1.0 11.0 31.0 17.0 6.0 32.0 5.0 22.0 -1.0 2.0 25.0 8.0 15.0 -1.0 19.0 23.0 27.0 14.0 20.0 0.0 16.0 29.0 26.0 24.0 28.0 21.0 7.0 4.0 30.0 12.0 10.0 9.0 13.0 -1.0 3.0 18.0
1.0 11.0 31.0 17.0 6.0 32.0 5.0 22.0 -1.0 2.0 25.0 8.0 15.0 -1.0 19.0 23.0 27.0 14.0 20.0 0.0 16.0 29.0 26.0 24.0 28.0 21.0 7.0 4.0 30.0 12.0 10.0 9.0 13.0 -1.0 3.0 18.0
1.0 11.0 31.0 17.0 6.0 32.0 5.0 22.0 -1.0 2.0 25.0 8.0 15.0 -1.0 19.0 23.0 27.0 14.0 20.0 0.0 16.0 29.0 26.0 24.0 28.0 21.0 7.0 4.0 30.0 12.0 10.0 9.0 13.0 -1.0 3.0 18.0
1.0 11.0 31.0 17.0 6.0 32.0 5.0 22.0 -1.0 2.0 25.0 8.0 15.0 -1.0 19.0 23.0 27.0 14.0 20.0 0.0 16.0 29.0 26.0 24.0 28.0 21.0 7.0 4.0 30.0 12.0 10.0 9.0 13.0 -1.0 3.0 18.0
1.0 11.0 31.0 17.0 6.0 32.0 5.0 22.0 -1.0 2.0 25.0 8.0 15.0 -1.0 19.0 23.0 27.0 14.0 20.0 0.0 16.0 29.0 26.0 24.0 28.0 21.0 7.0 4.0 30.0 12.0 10.0 9.0 13.0 -1.0 3.0 18.0
1.0 11.0 31.0 17.0 6.0 32.0 5.0 22.0 -1.0 2.0 25.0 8.0 15.0 -1.0 19.0 23.0 27.0 14.0 20.0 0.0 16.0 29.0 26.0 24.0 28.0 21.0 7.0 4.0 30.0 12.0 10.0 9.0 13.0 -1.0 3.0 18.0
1.0 11.0 31.0 17.0 6.0 32.0 5.0 22.0 -1.0 2.0 25.0 8.0 15.0 -1.0 19.0 23.0 27.0 14.0 20.0 0.0 16.0 29.0 26.0 24.0 28.0 21.0 7.0 4.0 30.0 12.0 10.0 9.0 13.0 -1.0 3.0 18.0
1.0 11.0 31.0 17.0 6.0 32.0 5.0 22.0 -1.0 2.0 25.0 8.0 15.0 -1.0 19.0 23.0 27.0 14.0 20.0 0.0 16.0 29.0 26.0 24.0 28.0 21.0 7.0 4.0 30.0 12.0 10.0 9.0 13.0 -1.0 3.0 18.0
1.0 11.0 31.0 17.0 6.0 32.0 5.0 22.0 -1.0 2.0 25.0 8.0 15.0 -1.0 19.0 23.0 27.0 14.0 20.0 0.0 16.0 29.0 26.0 24.0 28.0 21.0 7.0 4.0 30.0 12.0 10.0 9.0 13.0 -1.0 3.0 18.0
1.0 11.0 31.0 17.0 6.0 32.0 5.0 22.0 -1.0 2.0 25.0 8.0 15.0 -1.0 19.0 23.0 27.0 14.0 20.0 0.0 16.0 29.0 26.0 24.0 28.0 21.0 7.0 4.0 30.0 12.0 10.0 9.0 13.0 -1.0 3.0 18.0
1.0 11.0 31.0 17.0 6.0 32.0 5.0 22.0 -1.0 2.0 25.0 8.0 15.0 -1.0 19.0 23.0 27.0 14.0 20.0 0.0 16.0 29.0 26.0 24.0 28.0 21.0 7.0 4.0 30.0 12.0 10.0 9.0 13.0 -1.0 3.0 18.0
1.0 11.0 31.0 17.0 6.0 32.0 5.0 22.0 -1.0 2.0 25.0 8.0 15.0 -1.0 19.0 23.0 27.0 14.0 20.0 0.0 16.0 29.0 26.0 24.0 28.0 21.0 7.0 4.0 30.0 12.0 10.0 9.0 13.0 -1.0 3.0 18.0
1.0 11.0 31.0 17.0 6.0 32.0 5.0 22.0 -1.0 2.0 25.0 8.0 15.0 -1.0 19.0 23.0 27.0 14.0 20.0 0.0 16.0 29.0 26.0 24.0 28.0 21.0 7.0 4.0 30.0 12.0 10.0 9.0 13.0 -1.0 3.0 18.0
1.0 11.0 31.0 17.0 6.0 32.0 5.0 22.0 -1.0 2.0 25.0 8.0 15.0 -1.0 19.0 23.0 27.0 14.0 20.0 0.0 16.0 29.0 26.0 24.0 28.0 21.0 7.0 4.0 30.0 12.0 10.0 9.0 13.0 -1.0 3.0 18.0
1.0 11.0 31.0 17.0 6.0 32.0 5.0 22.0 -1.0 2.0 25.0 8.0 15.0 -1.0 19.0 23.0 27.0 14.0 20.0 0.0 16.0 29.0 26.0 24.0 28.0 21.0 7.0 4.0 30.0 12.0 10.0 9.0 13.0 -1.0 3.0 18.0
1.0 11.0 31.0 17.0 6.0 32.0 5.0 22.0 -1.0 2.0 25.0 8.0 15.0 -1.0 19.0 23.0 27.0 14.0 20.0 0.0 16.0 29.0 26.0 24.0 28.0 21.0 7.0 4.0 30.0 12.0 10.0 9.0 13.0 -1.0 3.0 18.0
1.0 11.0 31.0 17.0 6.0 32.0 5.0 22.0 -1.0 2.0 25.0 8.0 15.0 -1.0 19.0 23.0 27.0 14.0 20.0 0.0 16.0 29.0 26.0 24.0 28.0 21.0 7.0 4.0 30.0 12.0 10.0 9.0 13.0 -1.0 3.0 18.0
1.0 11.0 31.0 17.0 6.0 32.0 5.0 22.0 -1.0 2.0 25.0 8.0 15.0 -1.0 19.0 23.0 27.0 14.0 20.0 0.0 16.0 29.0 26.0 24.0 28.0 21.0 7.0 4.0 30.0 12.0 10.0 9.0 13.0 -1.0 3.0 18.0
1.0 11.0 31.0 17.0 6.0 32.0 5.0 22.0 -1.0 2.0 25.0 8.0 15.0 -1.0 19.0 23.0 27.0 14.0 20.0 0.0 16.0 29.0 26.0 24.0 28.0 21.0 7.0 4.0 30.0 12.0 10.0 9.0 13.0 -1.0 3.0 18.0
1.0 11.0 31.0 17.0 6.0 32.0 5.0 22.0 -1.0 2.0 25.0 8.0 15.0 -1.0 19.0 23.0 27.0 14.0 20.0 0.0 16.0 29.0 26.0 24.0 28.0 21.0 7.0 4.0 30.0 12.0 10.0 9.0 13.0 -1.0 3.0 18.0
