0 1 367
0 1023 326
0 2 741
0 1022 569
0 242 589
0 581 453
0 858 570
1 25 445
1 788 183
2 3 733
2 124 905
3 5 447
3 876 623
4 452 9
4 215 111
4 511 791
4 883 41
5 7 629
5 242 644
5 304 848
6 7 385
6 136 810
6 918 908
7 8 439
7 898 497
7 326 194
8 9 408
8 10 584
8 186 233
8 642 210
9 10 442
9 11 897
10 11 317
10 303 563
11 12 797
11 38 783
11 74 326
12 13 194
12 443 587
12 438 976
13 15 590
13 1015 432
13 145 215
14 15 935
14 719 216
15 16 299
15 17 465
15 726 499
16 362 154
16 656 301
17 19 31
17 138 317
18 20 158
18 737 973
18 39 428
18 637 831
18 766 650
19 21 446
19 676 158
20 853 453
20 174 665
20 631 758
21 22 906
21 23 878
21 307 517
21 643 507
22 23 845
22 24 924
22 408 617
22 142 647
23 984 121
23 432 397
23 998 708
23 458 181
24 25 90
24 26 589
25 26 37
25 203 594
26 153 637
26 1009 789
27 28 760
27 466 980
27 89 330
28 29 1000
28 30 993
28 470 137
29 30 306
29 31 159
29 964 621
29 280 636
30 571 577
30 923 998
31 32 724
31 33 956
32 33 789
32 306 150
32 813 822
33 34 643
33 176 339
33 166 276
34 36 602
34 462 190
34 49 482
34 142 905
34 755 627
35 36 940
35 37 965
36 279 821
36 972 920
36 414 696
37 39 730
37 750 271
38 421 990
38 168 640
39 41 981
39 324 442
39 485 691
40 42 219
40 760 938
41 54 137
41 237 802
41 898 274
42 44 676
42 152 449
43 44 300
43 920 637
43 270 929
44 45 254
44 711 743
45 908 619
45 257 918
45 989 471
46 47 648
46 480 996
46 162 532
47 674 939
47 749 366
47 238 991
47 267 943
48 49 946
48 50 194
49 51 467
49 830 680
49 839 157
49 178 490
49 900 67
50 51 304
50 997 748
51 829 839
51 360 815
51 231 386
52 53 56
52 54 618
53 55 952
53 986 463
54 56 576
54 569 787
55 56 968
55 57 802
55 1023 237
56 57 245
56 58 979
56 647 552
56 139 146
56 829 930
57 807 888
57 948 941
58 59 26
58 682 708
59 61 279
59 489 184
60 61 305
60 62 287
61 62 757
61 63 718
62 69 743
62 182 689
63 64 88
63 559 602
63 947 683
63 138 232
63 244 359
63 549 816
63 550 700
64 65 805
64 66 589
64 85 596
65 66 525
65 67 461
65 230 567
65 566 395
66 438 164
66 363 639
66 375 826
66 511 548
67 68 959
67 924 645
67 72 988
68 69 470
68 455 772
68 294 585
69 70 79
69 71 522
70 71 957
70 918 681
71 72 929
71 73 957
71 345 155
72 73 401
72 168 790
73 74 648
73 224 275
73 841 293
74 75 564
74 481 864
74 937 581
74 603 218
75 76 425
75 163 476
75 930 505
76 78 710
76 258 493
77 79 899
77 891 666
77 676 675
77 417 256
77 693 208
77 725 80
78 651 907
78 130 621
79 990 926
79 583 774
79 653 706
79 724 365
80 81 351
80 82 710
81 889 269
81 103 405
81 928 451
81 991 636
82 84 189
82 486 268
82 895 628
83 84 567
83 85 383
84 85 920
84 86 731
84 344 850
84 319 317
85 86 406
85 671 313
85 90 768
85 790 15
86 87 949
86 622 441
87 682 249
87 601 699
87 545 514
87 556 971
88 179 925
88 187 611
88 207 900
88 423 551
88 673 743
88 689 85
89 90 463
89 113 981
89 794 968
90 685 496
91 93 756
91 907 828
92 93 329
92 94 882
93 94 516
93 95 139
94 95 486
94 309 955
95 96 332
95 97 77
95 682 207
96 97 969
96 366 912
96 795 402
97 99 471
97 693 65
98 99 427
98 100 312
98 961 14
99 100 881
99 446 34
100 101 78
100 741 706
100 298 898
100 767 312
101 102 273
101 812 583
101 591 758
101 180 223
101 754 152
102 103 854
102 104 273
102 778 436
103 890 636
103 752 553
104 551 715
104 1008 567
105 107 813
105 370 739
106 596 146
106 398 164
107 108 139
107 307 822
108 135 854
108 849 297
108 827 905
108 522 945
109 681 331
109 559 919
109 564 897
110 319 35
110 243 542
111 113 248
111 270 70
112 602 24
112 217 890
112 365 486
113 115 415
113 917 98
114 427 849
114 687 825
114 705 996
114 533 595
114 855 220
115 558 988
115 359 737
116 117 155
116 429 771
116 668 511
117 612 569
117 532 392
117 520 985
118 119 975
118 120 433
118 301 305
119 120 613
119 121 666
119 908 489
119 961 16
120 122 985
120 213 110
121 660 264
121 219 624
121 210 45
122 124 40
122 521 559
122 174 901
123 124 522
123 125 235
123 504 932
124 126 526
124 998 956
125 966 806
125 369 633
126 127 130
126 1011 599
126 434 883
126 1021 856
127 129 658
127 776 380
128 129 709
128 130 750
128 296 370
128 311 654
129 130 701
129 703 607
129 363 558
130 131 519
130 146 502
130 165 59
131 132 330
131 133 61
132 133 775
132 134 474
133 222 487
133 600 907
134 135 324
134 646 680
134 186 561
134 706 683
135 517 543
135 709 245
136 137 954
136 535 727
136 591 80
137 138 703
137 945 571
137 1019 550
138 139 226
138 140 325
139 744 982
139 656 337
139 657 644
140 141 805
140 581 583
140 433 580
141 143 711
141 615 589
141 976 208
143 145 415
143 204 859
144 145 994
144 228 519
144 378 237
144 425 517
144 219 194
145 147 787
146 148 967
146 215 12
146 251 984
146 972 28
147 148 135
147 909 340
147 161 342
148 149 667
148 747 863
148 575 525
148 758 406
148 990 97
149 150 709
149 406 697
149 801 916
149 759 584
150 767 47
150 521 291
151 790 845
151 458 449
152 865 677
152 930 422
152 921 429
152 1003 676
153 154 48
153 155 472
153 919 909
153 948 494
154 563 28
154 206 829
155 156 616
155 157 400
156 158 944
156 690 29
157 158 682
157 655 846
157 674 194
157 509 341
158 159 445
158 556 936
158 412 564
159 160 954
159 791 360
160 161 964
160 162 219
160 400 187
160 632 188
161 162 257
161 337 196
161 822 105
162 365 131
162 571 452
163 164 114
163 603 968
163 503 78
164 165 381
164 229 43
164 531 989
165 389 508
166 167 411
166 452 155
166 440 444
167 168 308
167 169 882
168 170 702
169 170 888
169 244 511
169 892 450
169 520 664
170 171 624
170 172 68
170 592 729
171 173 46
171 1009 864
171 773 41
172 173 498
172 174 716
173 174 45
173 356 103
174 176 998
175 176 957
175 177 533
175 456 687
175 641 656
176 177 950
176 605 816
177 250 281
177 320 515
177 539 189
177 896 431
178 374 908
179 180 896
179 181 676
179 925 510
180 181 942
180 255 11
181 182 961
181 754 32
182 859 100
182 292 218
182 674 769
182 786 512
183 184 305
183 185 283
183 807 326
184 1020 374
184 632 949
184 520 57
185 186 83
185 187 318
186 825 861
186 245 538
187 189 762
188 189 425
188 190 484
188 911 497
188 228 367
188 653 761
188 950 721
189 191 10
189 514 634
190 191 289
190 192 533
190 815 106
190 667 700
191 192 657
191 607 862
191 647 406
191 1014 417
192 193 320
192 194 791
193 194 535
193 696 88
194 196 982
194 255 235
194 223 879
194 436 933
194 505 590
195 196 81
195 314 815
195 797 865
195 907 681
196 197 515
196 198 248
196 268 389
197 199 992
197 328 945
197 1005 206
198 199 609
198 200 698
199 200 654
199 201 993
199 733 106
200 434 998
200 582 44
200 724 899
200 411 115
201 739 946
201 840 697
201 730 243
201 422 55
201 851 844
202 637 357
202 902 601
202 433 731
203 495 937
203 328 120
203 359 837
203 599 236
203 1016 182
203 1010 421
204 206 632
204 308 451
204 429 961
205 207 523
205 826 322
206 207 531
206 423 533
207 209 984
208 210 337
208 283 871
208 321 849
208 378 524
209 211 730
209 288 983
210 771 836
211 213 912
211 479 321
211 536 711
212 214 652
212 511 639
212 305 768
213 214 617
213 215 423
214 215 727
214 216 249
215 217 111
215 808 515
216 217 803
216 780 856
216 552 330
216 793 639
217 218 828
217 531 592
217 235 255
218 219 839
218 220 577
218 903 381
219 220 664
219 658 24
220 221 217
220 222 184
221 643 678
221 467 925
221 871 91
222 223 110
222 442 51
223 225 253
223 471 372
223 537 822
224 782 3
224 269 496
225 227 493
225 410 722
226 331 629
226 389 98
226 843 625
227 229 333
227 908 908
227 623 963
229 959 668
229 924 163
230 687 977
231 648 616
231 763 901
232 234 294
232 907 113
232 313 391
233 749 692
233 710 416
233 1003 41
233 921 136
234 235 596
234 856 760
234 385 173
235 236 883
235 237 748
236 237 282
236 238 18
237 882 201
238 239 891
238 364 687
239 241 185
239 921 500
239 399 28
240 241 215
240 242 399
240 462 257
240 935 376
241 242 632
241 243 408
242 244 932
242 325 892
243 245 229
243 334 286
243 264 568
245 637 50
246 247 551
246 372 206
247 248 842
247 249 812
247 719 83
247 823 268
248 249 86
248 250 29
249 735 681
249 339 453
249 469 208
249 690 772
250 251 934
250 913 127
251 428 472
252 254 594
252 953 103
253 254 697
253 255 362
253 435 639
254 285 898
254 698 957
255 824 18
255 707 609
256 258 207
256 361 957
257 740 50
257 715 804
257 653 103
258 259 82
258 260 926
259 260 610
259 761 152
259 362 893
260 446 441
260 767 276
261 262 97
261 263 572
262 263 627
262 264 757
263 264 697
263 265 788
264 266 515
264 651 559
264 679 64
265 997 796
265 266 309
266 268 576
266 919 892
267 268 920
267 531 89
268 530 640
268 571 598
268 931 6
269 271 927
269 944 29
270 271 611
270 272 480
270 813 113
270 1019 739
271 272 473
271 392 816
272 273 601
272 503 9
273 274 975
273 275 980
274 275 566
274 836 964
274 927 93
274 481 399
274 739 462
275 408 889
275 446 441
275 947 714
276 997 857
276 590 49
276 513 393
276 622 232
277 727 142
277 536 776
278 279 866
278 617 402
279 665 98
279 485 473
280 281 826
281 282 843
281 437 666
281 657 984
282 283 899
282 697 751
283 284 521
283 285 385
284 286 449
284 841 169
285 751 867
285 539 788
286 288 230
286 815 551
287 289 496
287 736 273
287 298 41
287 414 993
287 648 42
288 289 488
288 290 949
289 291 337
289 756 981
290 291 372
290 292 491
290 354 493
291 292 857
291 293 663
291 613 639
292 293 389
292 294 200
293 295 722
293 473 903
293 467 520
294 295 954
295 296 503
295 433 609
296 298 66
296 584 331
297 299 496
297 655 220
298 300 404
299 300 992
299 301 69
300 301 294
300 302 915
301 302 780
302 303 903
302 304 66
302 457 91
302 492 131
303 304 402
303 305 914
303 753 23
303 775 704
304 363 514
305 960 702
305 356 527
305 894 893
306 308 431
306 330 354
307 309 71
308 310 671
308 941 227
309 310 707
309 354 88
309 861 379
310 311 634
310 312 669
310 533 293
310 621 285
311 312 445
312 313 177
312 468 800
313 315 491
313 500 93
314 315 221
314 316 516
314 607 680
315 316 581
315 317 927
316 317 197
316 318 71
316 584 787
316 836 128
317 318 433
317 319 178
317 697 675
317 705 720
318 319 402
318 569 777
319 962 900
319 767 428
320 322 44
321 538 239
321 658 698
321 876 630
322 324 914
322 867 221
322 403 978
323 324 874
323 325 955
324 326 705
324 978 437
325 326 986
326 327 412
326 328 458
326 479 102
326 684 43
327 328 253
327 667 102
327 769 283
328 599 92
329 949 384
329 717 176
329 921 277
330 331 640
330 332 793
330 436 927
331 332 794
331 1012 759
332 378 389
332 867 514
333 335 482
333 363 400
333 987 406
334 349 40
334 467 106
334 394 217
335 336 977
335 337 964
335 748 637
336 337 751
336 548 819
337 864 532
337 728 711
338 340 400
338 764 173
339 792 302
339 756 952
339 601 446
340 341 432
340 342 214
341 343 724
341 851 22
341 688 821
341 763 155
342 343 936
342 344 475
343 345 888
343 898 382
343 582 677
344 448 108
345 347 21
345 537 187
346 347 261
346 348 11
347 348 274
347 934 31
348 805 223
348 609 612
349 350 378
349 351 92
350 351 508
350 609 495
351 352 267
351 499 941
352 353 874
352 354 65
353 478 191
353 811 763
353 599 625
355 356 700
355 357 16
356 357 786
356 358 144
357 358 305
357 659 595
358 359 837
358 848 660
358 711 50
359 361 308
360 362 811
360 532 1
361 362 609
361 734 117
361 647 55
362 999 643
362 388 961
363 365 803
364 365 912
365 366 689
365 699 708
365 551 380
366 367 101
366 577 521
366 984 359
367 768 548
367 662 463
368 458 735
368 996 28
368 522 204
369 370 9
369 371 233
370 371 980
370 530 154
371 372 244
371 537 44
372 373 165
372 374 564
372 521 117
372 806 363
372 981 739
373 466 330
373 547 406
374 375 589
374 376 16
374 906 34
375 377 948
376 378 83
376 472 193
376 941 883
377 562 951
377 808 48
377 803 726
379 380 55
379 381 988
379 651 39
380 381 713
380 512 91
381 383 954
381 704 698
382 383 444
382 384 765
383 385 640
383 853 743
383 975 643
384 386 280
384 714 252
385 386 617
385 387 120
386 387 236
386 388 886
387 388 350
387 972 631
387 405 309
387 792 763
388 620 937
389 390 167
389 391 263
390 391 366
390 392 539
391 392 823
391 393 272
391 676 290
392 393 935
392 394 191
393 394 545
393 395 185
394 934 469
394 750 978
394 885 324
395 396 621
395 545 977
395 412 778
396 397 698
396 398 721
397 398 378
397 399 29
398 399 18
398 400 271
399 400 408
399 811 701
400 401 422
400 792 354
400 1008 851
401 402 701
401 403 148
402 677 331
402 765 54
403 642 773
403 970 365
404 406 73
404 568 408
405 738 613
406 408 747
407 408 671
407 950 877
408 410 188
409 410 671
409 589 576
410 411 821
410 412 343
411 412 673
412 413 836
413 414 256
413 952 213
413 875 692
414 415 625
414 617 620
415 416 883
415 417 400
415 988 766
416 417 940
416 418 430
417 621 326
417 751 337
418 420 215
418 504 686
418 586 239
419 421 328
419 860 567
420 422 617
420 928 883
421 422 595
421 423 946
422 684 568
422 471 394
422 874 646
423 752 961
424 425 55
424 426 103
425 426 900
425 887 135
425 685 98
426 427 652
426 623 931
427 767 938
427 1014 929
428 429 20
428 761 941
430 432 608
430 839 956
430 916 832
431 432 655
431 514 527
431 565 913
431 546 228
431 634 190
432 434 852
432 546 365
433 655 13
433 980 614
434 435 49
434 599 167
435 436 15
437 670 506
437 618 549
438 439 891
438 440 928
439 920 504
439 735 965
439 925 494
439 862 63
440 915 365
441 442 576
441 443 372
442 443 258
442 517 601
443 764 544
444 445 270
444 446 983
445 896 273
445 865 924
445 615 421
446 447 746
446 448 919
447 832 87
447 622 952
447 752 667
448 449 32
448 450 483
448 573 401
448 984 619
449 450 431
449 451 783
450 452 485
450 728 445
451 453 240
451 539 873
451 458 744
452 454 531
452 618 924
452 515 445
453 455 776
453 838 175
454 455 141
454 456 482
455 456 803
455 457 92
456 778 766
457 854 93
457 784 153
458 789 544
459 460 627
459 461 658
460 461 764
460 462 112
460 740 110
460 808 647
461 462 521
461 463 682
462 464 166
462 969 426
463 464 755
463 740 513
463 944 424
464 465 548
464 868 726
464 932 864
464 746 991
465 466 198
465 467 653
465 805 183
465 831 135
466 818 656
467 469 784
467 718 777
468 673 736
468 972 901
469 470 515
470 471 790
471 730 674
471 647 437
472 474 579
472 799 806
473 475 263
473 989 368
474 475 9
474 623 312
474 940 595
475 476 727
475 477 811
476 574 441
476 619 618
477 478 710
477 479 693
477 1002 622
478 479 712
478 834 299
478 681 490
479 481 933
480 482 696
482 483 470
482 642 803
483 484 686
483 485 243
484 1017 978
484 1010 259
485 952 770
485 627 304
486 488 990
486 650 53
487 488 646
487 489 952
487 760 675
488 489 470
488 777 477
489 836 865
489 555 980
489 706 347
490 491 133
490 956 981
491 493 689
491 581 192
492 624 311
493 494 313
493 495 745
493 787 128
494 495 792
494 496 434
494 933 819
495 496 304
495 727 960
496 498 643
496 881 88
496 739 872
497 501 477
497 632 582
497 985 911
498 499 617
498 500 620
498 682 252
499 500 395
499 501 376
500 501 395
501 502 979
501 503 364
501 748 241
501 699 330
502 503 131
502 504 538
503 625 431
503 561 704
504 1011 813
505 507 787
506 507 691
506 508 503
507 508 666
507 509 677
507 711 610
508 509 154
508 510 407
508 1010 534
509 725 657
510 511 85
510 681 151
510 548 92
511 512 202
511 513 130
511 774 542
511 819 481
512 513 577
512 514 652
512 931 380
512 828 689
513 514 96
513 535 495
514 516 772
515 516 294
515 580 887
516 517 208
516 518 326
516 707 410
517 518 997
517 519 877
517 848 2
518 519 935
518 520 494
519 521 923
519 895 585
520 521 402
520 797 80
521 546 392
522 523 384
522 999 853
523 525 826
523 621 67
524 525 927
524 870 367
524 543 532
525 526 719
525 527 176
526 527 779
526 718 41
527 529 438
527 593 387
528 529 540
528 530 531
528 983 92
529 531 7
529 567 633
530 531 59
530 532 447
530 886 759
532 534 347
532 692 306
532 1004 463
534 535 423
534 536 443
534 727 754
534 957 176
535 536 22
535 537 372
536 538 259
536 795 613
538 539 968
538 896 785
539 789 802
539 893 444
540 541 445
540 542 158
541 543 219
541 583 212
542 544 413
542 870 961
543 576 513
544 545 93
544 628 73
544 855 561
545 641 483
546 548 661
547 549 702
547 789 705
547 1004 731
547 812 869
548 549 864
548 550 320
549 825 50
550 551 929
551 853 884
552 553 235
552 954 334
553 554 703
553 555 28
553 905 234
554 555 139
554 826 527
554 895 800
555 557 184
555 991 127
557 559 738
557 974 900
558 559 691
558 560 701
559 561 980
559 750 689
560 562 153
560 940 444
560 675 850
561 726 862
562 563 499
562 564 55
563 564 20
563 786 702
564 565 146
564 842 569
565 999 109
565 718 192
566 877 895
567 568 757
567 689 502
568 569 602
568 768 721
568 893 577
568 810 645
569 570 268
569 571 765
570 571 913
570 572 195
571 572 892
572 573 684
572 574 3
572 884 925
573 575 649
574 576 406
574 808 466
575 576 362
576 577 231
576 578 273
577 579 307
578 579 618
578 661 11
579 580 615
579 941 278
579 595 78
580 781 408
581 608 849
581 687 869
583 741 207
583 737 250
585 586 926
585 888 842
585 714 634
586 587 128
587 588 254
587 589 688
588 589 156
588 604 452
588 1010 58
589 590 715
589 591 560
589 1007 56
590 592 223
591 592 202
592 594 598
592 777 485
593 594 100
593 595 751
593 666 525
594 595 22
594 596 572
595 747 776
596 597 187
596 598 471
597 598 10
597 599 167
598 599 959
598 600 617
598 927 612
600 601 853
600 1010 187
601 603 58
601 809 663
602 603 835
602 604 306
603 604 969
604 606 412
604 891 737
605 661 316
605 1013 824
606 607 547
606 608 837
607 946 824
608 809 572
608 825 304
608 897 745
608 752 367
608 833 685
609 610 614
609 909 647
609 955 475
610 611 585
610 612 420
611 612 907
611 613 656
611 725 50
611 837 891
611 899 55
612 623 543
612 827 985
613 614 229
614 615 79
614 616 262
614 821 907
615 616 947
615 617 720
615 878 639
615 1017 673
616 617 71
616 696 862
617 619 697
619 870 232
619 635 536
619 639 436
620 842 551
620 830 31
621 622 62
622 623 506
623 773 540
624 866 628
624 761 469
625 626 138
625 627 670
626 627 578
626 777 707
627 628 988
627 904 284
627 958 932
627 646 770
628 689 690
629 630 49
629 631 619
630 632 607
630 811 259
631 632 170
632 995 458
633 634 723
633 943 5
633 929 793
634 635 420
635 636 409
635 637 858
636 637 906
636 638 976
637 926 325
638 639 844
638 640 605
639 640 160
640 641 892
640 642 871
641 642 76
642 643 305
643 644 620
643 727 16
644 645 455
644 646 468
645 646 686
645 647 3
648 649 924
649 651 521
649 694 825
650 651 81
650 1020 804
651 861 705
651 741 696
652 653 991
652 654 766
653 654 290
653 757 288
653 860 826
654 656 207
654 743 698
654 842 13
655 677 436
656 657 610
656 659 903
656 829 939
656 843 172
657 658 96
658 683 115
659 661 282
660 661 668
660 769 891
661 662 682
661 663 95
662 663 531
662 664 368
663 664 452
663 665 459
664 666 113
664 762 312
665 666 183
665 924 165
665 800 458
666 667 275
666 867 225
666 986 311
668 669 135
668 879 411
668 864 597
668 837 858
669 750 741
669 693 386
669 954 705
670 671 797
670 672 842
671 673 631
671 824 484
672 673 654
672 674 665
673 675 869
674 939 866
674 769 934
675 678 970
677 678 781
677 679 497
678 679 37
678 680 310
678 945 206
679 680 960
680 681 276
680 682 920
680 735 186
681 683 23
681 962 198
681 818 748
682 850 501
683 684 142
684 685 333
684 704 441
685 687 288
685 946 899
686 688 459
686 1018 981
688 689 808
689 690 1
689 691 696
690 691 668
691 692 143
691 693 932
692 789 660
693 694 557
694 695 186
694 696 525
694 989 575
694 937 831
695 696 732
695 697 877
695 928 184
696 697 930
696 698 983
697 699 881
697 723 471
698 699 613
698 861 532
698 971 252
700 702 133
700 980 738
701 703 318
701 856 79
702 799 39
702 731 488
703 803 942
703 875 411
704 768 191
704 920 836
704 984 182
705 785 633
706 996 523
708 709 463
708 710 9
709 711 613
709 870 221
709 717 122
710 712 162
711 782 204
711 866 309
712 713 101
712 999 74
713 795 733
713 844 446
714 715 987
714 751 869
715 717 987
716 717 762
716 718 185
718 940 981
719 721 544
720 721 649
720 722 983
721 722 254
721 830 813
722 723 369
722 724 1
723 725 54
724 725 862
726 728 467
726 968 712
728 729 550
728 730 393
728 778 625
729 730 263
729 731 639
730 732 309
731 732 323
731 733 566
732 733 848
732 734 322
733 734 948
734 736 280
734 916 922
736 737 210
736 738 316
736 942 211
737 738 178
737 762 513
738 739 286
738 740 54
742 743 851
742 744 326
743 744 271
743 745 794
744 745 103
744 971 111
745 747 403
745 982 205
746 747 674
746 748 493
747 787 562
747 914 902
748 914 755
749 750 697
749 751 590
752 753 8
753 754 885
753 841 567
753 951 794
754 755 566
755 835 971
756 758 468
757 758 473
758 759 344
759 760 242
760 761 280
761 762 362
761 763 362
761 912 569
762 763 622
764 765 994
764 908 885
765 766 715
765 767 788
766 767 215
768 770 211
769 770 864
770 771 249
770 772 305
770 794 423
771 772 360
771 773 141
772 773 379
772 849 299
774 776 913
775 776 481
776 777 919
776 778 292
777 778 956
777 880 688
778 963 850
779 780 964
779 781 903
780 782 844
781 782 68
781 783 148
782 989 687
782 869 772
783 784 331
783 785 994
783 874 200
784 785 493
784 833 888
785 786 758
785 787 881
786 787 717
787 789 912
788 789 842
788 790 815
789 790 148
790 938 728
791 792 799
791 793 180
793 794 964
794 795 794
794 832 235
794 998 902
795 825 321
796 798 264
796 940 685
797 798 291
798 799 353
798 800 612
799 800 414
799 801 717
800 976 228
801 802 184
801 1012 161
801 902 773
802 804 104
802 907 276
804 805 175
804 806 913
805 807 35
806 891 722
807 808 75
808 936 203
809 810 401
809 811 12
810 811 346
810 812 744
814 815 201
814 816 712
815 817 393
816 817 480
816 818 652
817 818 797
817 886 421
818 819 625
819 820 219
820 821 682
820 822 12
820 964 660
821 822 455
822 824 761
823 825 118
824 825 139
826 827 90
826 828 162
827 828 721
827 829 494
827 875 263
828 923 289
830 832 229
831 833 691
832 892 558
834 836 959
835 836 384
835 837 406
838 839 511
838 840 76
839 841 519
840 842 639
844 845 242
844 846 997
845 846 151
845 847 833
846 847 989
846 848 360
847 848 556
847 849 912
847 850 705
848 850 22
848 949 253
848 861 861
849 851 857
849 894 465
851 852 846
851 967 700
852 853 396
852 1010 509
852 933 228
853 855 761
853 910 408
854 855 922
854 856 795
855 856 561
856 858 512
857 858 755
857 859 30
857 901 859
858 859 635
859 860 314
859 861 861
860 861 97
862 863 213
862 864 611
863 864 271
863 865 866
864 866 278
864 966 816
864 983 871
865 867 613
866 868 420
867 869 415
868 870 551
869 870 800
870 871 465
870 872 86
871 872 429
872 873 33
872 874 63
873 875 767
873 954 880
873 993 489
876 877 128
877 878 169
877 879 185
877 997 810
878 879 121
879 881 979
880 881 254
881 882 47
881 883 312
882 884 259
882 929 32
882 1002 716
883 884 477
884 1016 855
885 887 304
886 887 10
887 889 487
887 948 856
888 889 311
888 890 365
889 890 966
889 891 743
890 892 547
891 893 310
892 894 114
893 969 521
896 897 174
897 899 700
898 900 214
899 901 91
900 901 16
901 903 467
902 904 14
903 905 935
904 906 184
905 907 206
906 907 158
907 908 86
908 928 9
909 911 142
910 911 505
910 912 4
911 913 706
912 914 317
913 914 286
913 915 12
914 916 265
914 997 31
915 917 758
915 1012 240
917 919 70
918 919 77
919 920 981
919 974 65
921 922 585
922 923 782
922 924 553
923 924 608
923 925 421
924 925 5
926 927 389
926 928 728
927 928 488
929 930 706
932 934 73
934 966 150
934 1020 269
935 936 628
936 938 951
937 981 918
938 939 333
938 940 876
938 956 930
939 940 665
939 941 226
940 954 513
941 943 777
942 943 821
943 944 765
943 945 929
943 956 875
944 946 23
944 975 415
946 947 584
949 951 5
950 951 100
951 983 695
952 953 731
952 954 377
953 954 154
953 955 4
954 955 412
955 956 893
955 957 979
957 974 927
958 960 122
959 960 91
959 961 39
960 962 562
962 964 272
963 965 97
965 966 403
965 967 486
966 968 485
967 968 185
968 969 419
969 971 356
970 971 292
971 972 192
973 974 663
973 975 644
974 975 758
975 976 228
976 978 435
977 978 970
977 979 135
978 980 921
979 980 541
979 981 315
980 982 118
982 983 896
982 984 228
985 986 414
986 988 941
987 989 559
988 989 792
990 991 69
991 993 672
992 993 822
992 994 202
993 995 396
994 995 14
994 996 430
995 997 55
996 998 25
998 999 420
999 1000 781
1000 1001 675
1000 1002 631
1001 1002 850
1001 1003 471
1003 1004 787
1005 1006 866
1006 1007 889
1006 1008 528
1007 1008 245
1008 1009 793
1009 1010 91
1009 1011 527
1010 1011 194
1011 1012 717
1011 1013 345
1012 1014 371
1013 1014 187
1013 1015 89
1014 1015 322
1015 1016 500
1015 1017 805
1016 1018 362
1017 1018 779
1018 1019 271
1018 1020 771
1019 1021 426
1020 1021 967
1020 1022 713
1021 1022 17
1022 1023 893
