0   1    217
0   3    210
1   2    251
1   7    286
2   4    220
2   10    213
3   5    286
3   6    219
4   11    275
4   128    275
4   41    235
5   12    220
5   15    220
6   10    271
6   11    267
6   128    267
7   8    250
7   9    283
8   22    227
8   23    268
9   17    215
9   20    219
10   13    280
10   14    239
11   15    210
128  15    210
11   27    265
128   27    265
11   127    265
128   127    265
12   28    238
12   48    234
13   26    209
13   36    280
14   18    277
14   19    215
15   16    233
15   25    258
16   29    222
16   32    272
17   21    211
17   27    276
17   127    276
18   46    283
19   20    256
19   24    270
20   34    208
20   43    204
21   30    203
21   33    282
22   31    208
22   62    268
23   47    281
24   25    220
24   29    284
25   51    265
25   117    229
26   40    243
26   47    293
27   35    293
27   48    293
28   63    232
28   64    284
29   69    253
29   72    220
30   86    217
32   37    249
32   65    228
33   41    268
34   44    220
34   45    228
35   43    256
35   127    293
36   38    231
36   39    249
37   52    240
38   49    282
38   65    223
39   46    204
39   61    203
41   42    265
41   55    270
42   50    275
42   81    281
43   55    276
43   67    244
44   69    205
45   56    268
46   53    234
47   81    221
48   54    275
48   127    293
49   60    212
49   98    210
50   105    239
51   93    234
52   75    20811
52   106    250
53   57    219
53   58    270
55   59    244
56   76    268
57   90    262
57   91    225
58   79    254
58   80    220
59   70    220
59   71    253
60   66    224
61   82    210
61   83    270
62   73    271
62   74    200
64   68    280
64   97    266
65   85    223
67   103    204
69   76    247
70   75    212
71   72    258
71   98    276
72   78    223
73   112    282
74   100    296
75   77    256
76   117    284
77   99    211
79   87    239
81   84    234
82   112    200
83   110    244
83   111    235
84   104    209
85   120    276
85   121    281
86   88    210
86   89    256
87   107    220
87   108    248
88   103    203
89   97    210
90   104    244
91   92    227
91   100    219
92   94    244
92   95    282
94   96    296
96   101    207
98   102    249
99   113    220
103   123    268
104   126    210
106   109    235
108   124    243
108   125    229
112   115    204
112   116    267
113   122    213
117   118    215
117   119    245
