73
0 1 666.316
0 11 730.537
0 31 680.517
1 2 660.036
1 3 658.919
1 4 655.145
1 5 732.8
1 10 692.27
1 20 713.638
2 5 704.53
2 10 668.063
2 31 655.145
3 6 746.339
3 7 666.316
3 8 711.062
3 9 677.501
3 10 692.27
3 20 717.402
4 10 685.052
4 18 691.447
5 10 716.345
5 11 671.873
5 18 722.63
5 20 709.308
5 24 704.583
5 31 731.941
6 11 721.64
6 18 708.603
6 19 731.362
6 24 656.402
7 31 730.537
8 10 747.158
8 11 666.368
9 10 654.267
9 24 652.953
10 12 703.608
10 13 710.267
10 14 740.698
10 15 736.822
10 16 654.267
10 17 668.443
13 18 730.537
13 30 690.251
14 18 708.374
15 20 665.249
17 20 677.316
18 20 696.745
18 24 680.517
20 21 674.277
20 22 657.126
20 23 730.537
21 25 696.745
21 26 656.402
21 27 726.484
21 28 704.583
21 29 680.125
22 31 654.267
27 30 717.102
32 33 695.543
32 35 675.001
33 34 674.277
33 39 654.964
34 36 703.836
34 42 717.102
35 37 731.828
35 38 714.953
38 43 693.145
38 44 680.517
39 40 660.919
39 41 677.316
41 45 709.308
41 46 660.919
43 47 695.932

