0  1  103.452
0  4  192.496
0  28  356.488
1  2  421.572
1  3  406.981
1  11  531.357
1  20  107.641
2  9  52.7623
2  11  265.201
3  12  100.237
4  5  462.845
4  6  196.535
4  7  429.561
4  8  244.739
5  9  443.159
5  12  273.254
5  20  147.016
6  9  96.2286
6  10  466.269
6  23  158.521
6  32  518.904
6  63  466.269
7  10  127.855
7  23  308.56
7  31  459.753
7  57  150.651
7  63  127.855
8  10  426.575
8  22  169.844
8  24  137.791
8  63  426.575
10  13  110.939
10  14  125.644
10  15  251.658
10  44  205.723
11  24  316.058
12  17  69.339
12  18  308.56
12  25  337.201
12  26  361.709
13  16  398.953
13  27  462.845
13  29  219.487
13  63  110.939
14  37  94.2849
14  38  381.427
14  62  70.6185
14  63  125.644
15  19  429.561
15  29  441.903
15  36  226.242
15  63  251.658
16  35  175.942
17  27  245.416
17  47  244.739
18  21  77.6041
18  44  216.824
19  23  264.467
19  57  394.872
20  36  192.496
20  56  147.016
21  29  437.602
22  24  126.021
22  26  380.292
22  39  159.744
22  59  381.427
24  30  90.9227
25  33  482.825
25  34  197.412
26  40  483.741
26  58  166.929
27  42  107.641
28  51  219.487
28  52  153.092
28  53  381.427
28  54  222.435
29  31  70.6185
29  59  70.6185
29  61  170.813
30  31  251.658
30  62  103.452
35  60  466.269
36  45  101.534
36  46  112.018
37  48  169.844
37  49  197.412
37  50  394.78
38  55  400.925
40  43  244.739
40  44  466.269
40  58  511.038
41  55  224.695
44  56  226.242
44  63  205.723
45  47  153.943
47  58  176.958
49  57  175.942
50  62  330.604
57  60  278.165
