0 1 508.603
0 11 478.991
0 31 454.878
1 2 489.754
1 3 530.364
1 4 463.231
1 5 526.484
1 10 526.484
1 20 453.109
2 5 476.04
2 10 474.277
2 31 525.521
3 6 469.962
3 7 536.822
3 8 467.358
3 9 477.316
3 10 529.369
3 20 534.523
4 10 524.935
4 18 478.806
5 10 510.267
5 11 498.174
5 18 460.121
5 20 485.052
5 24 521.64
5 31 487.702
6 11 536.822
6 18 503.836
6 19 531.536
6 24 474.228
6 57 504.583
7 31 547.158
8 10 524.142
8 11 450.422
8 60 519.246
9 10 468.063
9 24 500.633
10 12 493.145
10 13 455.145
10 14 504.857
10 15 490.251
10 16 477.501
10 17 468.063
13 18 481.82
13 30 453.655
14 18 494.311
14 32 514.953
15 20 509.477
17 20 463.475
17 32 458.766
18 20 476.04
18 24 512.715
19 46 460.919
19 47 539.394
19 48 487.899
19 49 530.364
19 50 504.53
20 21 494.311
20 22 492.27
20 23 513.787
21 25 481.272
21 26 454.267
21 27 465.925
21 28 500.633
21 29 500.633
22 31 452.14
26 33 469.962
26 34 453.655
26 35 460.919
26 36 481.166
26 37 451.401
26 38 480.517
27 30 471.375
28 39 517.102
28 40 483.038
29 32 459.16
32 60 500.457
37 41 489.754
37 42 465.249
37 43 486.373
37 44 510.267
37 45 488.397
39 51 476.04
39 52 492.27
39 53 535.933
39 54 529.805
39 55 537.221
39 56 508.412
50 59 526.484
52 58 480.125
55 62 480.125
55 63 458.919
59 61 515.878
64 65 666.316
64 75 730.537
64 95 680.517
65 66 660.036
65 67 658.919
65 68 655.145
65 69 732.8
65 74 692.27
65 84 713.638
66 69 704.53
66 74 668.063
66 95 655.145
67 70 746.339
67 71 666.316
67 72 711.062
67 73 677.501
67 74 692.27
67 84 717.402
68 74 685.052
68 82 691.447
69 74 716.345
69 75 671.873
69 82 722.63
69 84 709.308
69 88 704.583
69 95 731.941
70 75 721.64
70 82 708.603
70 83 731.362
70 88 656.402
71 95 730.537
72 74 747.158
72 75 666.368
73 74 654.267
73 88 652.953
74 76 703.608
74 77 710.267
74 78 740.698
74 79 736.822
74 80 654.267
74 81 668.443
77 82 730.537
77 94 690.251
78 82 708.374
79 84 665.249
81 84 677.316
82 84 696.745
82 88 680.517
84 85 674.277
84 86 657.126
84 87 730.537
85 89 696.745
85 90 656.402
85 91 726.484
85 92 704.583
85 93 680.125
86 95 654.267
91 94 717.102

