23.0 -1.0 10.0 12.0 8.0 2.0 6.0 3.0 13.0 15.0 32.0 27.0 1.0 7.0 29.0 30.0 24.0 16.0 17.0 20.0 19.0 5.0 -1.0 11.0 9.0 18.0 4.0 22.0 31.0 28.0 -1.0 26.0 25.0 14.0 0.0 21.0
-1.0 1.0 23.0 0.0 12.0 9.0 15.0 4.0 26.0 30.0 29.0 11.0 25.0 17.0 13.0 27.0 8.0 32.0 -1.0 31.0 2.0 21.0 10.0 24.0 7.0 -1.0 19.0 6.0 22.0 14.0 20.0 18.0 28.0 16.0 3.0 5.0
3.0 25.0 20.0 27.0 0.0 12.0 -1.0 6.0 21.0 23.0 16.0 -1.0 1.0 30.0 11.0 8.0 5.0 24.0 2.0 26.0 15.0 19.0 14.0 28.0 18.0 29.0 -1.0 9.0 13.0 22.0 10.0 7.0 31.0 4.0 17.0 32.0
20.0 21.0 23.0 14.0 24.0 18.0 16.0 26.0 31.0 11.0 28.0 -1.0 32.0 13.0 2.0 5.0 0.0 -1.0 19.0 4.0 25.0 12.0 29.0 22.0 1.0 17.0 10.0 -1.0 30.0 7.0 3.0 15.0 8.0 27.0 9.0 6.0
8.0 21.0 25.0 17.0 30.0 29.0 18.0 10.0 27.0 26.0 3.0 22.0 20.0 12.0 11.0 -1.0 15.0 13.0 1.0 0.0 6.0 16.0 24.0 2.0 4.0 -1.0 7.0 19.0 31.0 9.0 14.0 5.0 23.0 28.0 -1.0 32.0
18.0 20.0 15.0 16.0 10.0 9.0 21.0 13.0 29.0 0.0 25.0 19.0 1.0 -1.0 32.0 22.0 26.0 28.0 4.0 -1.0 23.0 30.0 17.0 6.0 31.0 14.0 12.0 11.0 -1.0 3.0 7.0 5.0 27.0 8.0 2.0 24.0
19.0 16.0 12.0 8.0 6.0 9.0 26.0 32.0 21.0 14.0 3.0 24.0 4.0 2.0 25.0 7.0 27.0 18.0 5.0 31.0 30.0 -1.0 20.0 17.0 23.0 22.0 29.0 10.0 1.0 28.0 11.0 15.0 13.0 0.0 -1.0 -1.0
15.0 4.0 9.0 14.0 25.0 13.0 8.0 16.0 -1.0 32.0 17.0 28.0 1.0 30.0 -1.0 0.0 11.0 26.0 20.0 10.0 2.0 6.0 12.0 21.0 22.0 7.0 -1.0 29.0 19.0 27.0 3.0 5.0 31.0 24.0 23.0 18.0
6.0 1.0 3.0 4.0 12.0 -1.0 0.0 11.0 23.0 10.0 -1.0 8.0 18.0 19.0 16.0 24.0 15.0 32.0 31.0 17.0 14.0 26.0 9.0 20.0 27.0 29.0 21.0 22.0 -1.0 30.0 13.0 28.0 7.0 25.0 2.0 5.0
20.0 22.0 9.0 32.0 16.0 14.0 31.0 7.0 15.0 3.0 29.0 13.0 25.0 27.0 2.0 8.0 4.0 23.0 21.0 26.0 12.0 17.0 -1.0 30.0 28.0 1.0 10.0 5.0 18.0 6.0 -1.0 24.0 -1.0 19.0 11.0 0.0
5.0 30.0 4.0 -1.0 18.0 22.0 31.0 24.0 14.0 2.0 6.0 13.0 11.0 26.0 0.0 16.0 7.0 9.0 15.0 29.0 25.0 21.0 19.0 32.0 1.0 17.0 27.0 23.0 3.0 -1.0 8.0 -1.0 20.0 28.0 12.0 10.0
23.0 20.0 2.0 18.0 0.0 1.0 28.0 29.0 30.0 13.0 31.0 11.0 27.0 15.0 21.0 25.0 6.0 32.0 10.0 5.0 19.0 17.0 -1.0 12.0 16.0 26.0 9.0 -1.0 4.0 -1.0 3.0 24.0 7.0 14.0 8.0 22.0
-1.0 28.0 30.0 22.0 20.0 15.0 14.0 16.0 26.0 29.0 -1.0 19.0 21.0 17.0 32.0 5.0 4.0 9.0 8.0 13.0 1.0 10.0 18.0 12.0 3.0 25.0 11.0 31.0 6.0 -1.0 27.0 7.0 0.0 2.0 23.0 24.0
